5.969376087188720703e+00,5.971215248107910156e+00,5.974874973297119141e+00,5.980362892150878906e+00,5.987687110900878906e+00,5.996857643127441406e+00,6.007889747619628906e+00,6.020798206329345703e+00,6.035606384277343750e+00,6.052335262298583984e+00,6.071011066436767578e+00,6.091664791107177734e+00,6.114327430725097656e+00,6.139037132263183594e+00,6.165832519531250000e+00,6.194758415222167969e+00,6.225862026214599609e+00,6.259195804595947266e+00,6.294816970825195312e+00,6.314946651458740234e+00,6.179857254028320312e+00,5.905025005340576172e+00,5.653788566589355469e+00,5.424314498901367188e+00,5.216447830200195312e+00,5.024704456329345703e+00,4.847446918487548828e+00,4.682624816894531250e+00,4.531789302825927734e+00,4.391117572784423828e+00,4.259154796600341797e+00,4.137298583984375000e+00,4.022720336914062500e+00,3.915210008621215820e+00,3.815186500549316406e+00,3.720249176025390625e+00,3.632179737091064453e+00,3.548242092132568359e+00,3.469495534896850586e+00,3.395248889923095703e+00,3.324652671813964844e+00,3.258160352706909180e+00,3.195328950881958008e+00,3.135492563247680664e+00,3.078973770141601562e+00,3.025146245956420898e+00,2.974603414535522461e+00,2.926599025726318359e+00,2.880982160568237305e+00,2.837616682052612305e+00,2.796376228332519531e+00,2.757145881652832031e+00,2.719817876815795898e+00,2.684293985366821289e+00,2.650483608245849609e+00,2.618300437927246094e+00,2.587668418884277344e+00,2.558516502380371094e+00,2.530776023864746094e+00,2.504384517669677734e+00,2.479286193847656250e+00,2.455425500869750977e+00,2.432754278182983398e+00,2.411225318908691406e+00,2.390796422958374023e+00,2.371426820755004883e+00,2.353079557418823242e+00,2.335720062255859375e+00,2.319316387176513672e+00,2.303837537765502930e+00,2.289257049560546875e+00,2.275549173355102539e+00,2.262689352035522461e+00,2.250655412673950195e+00,2.239427804946899414e+00,2.228986978530883789e+00,2.219316005706787109e+00,2.210399150848388672e+00,2.202221632003784180e+00,2.194770574569702148e+00,2.188033819198608398e+00,2.182001590728759766e+00,2.176663160324096680e+00,2.172010660171508789e+00,2.168037176132202148e+00,2.164736509323120117e+00,2.162103414535522461e+00,2.160134077072143555e+00,2.158824920654296875e+00,2.158174753189086914e+00,2.158181905746459961e+00,2.158846616744995117e+00,2.160170078277587891e+00,2.162153959274291992e+00,2.164802074432373047e+00,2.168117523193359375e+00,2.172105789184570312e+00,2.176773309707641602e+00,2.182126760482788086e+00,2.188174962997436523e+00,2.194926738739013672e+00,2.202394247055053711e+00,2.210587501525878906e+00,2.219521045684814453e+00,2.229208469390869141e+00,2.239666461944580078e+00,2.250911712646484375e+00,2.262963294982910156e+00,2.275841474533081055e+00,2.289568662643432617e+00,2.304168939590454102e+00,2.319667339324951172e+00,2.336091756820678711e+00,2.353472709655761719e+00,2.371842145919799805e+00,2.391235113143920898e+00,2.393644332885742188e+00,2.330781459808349609e+00,2.255460977554321289e+00,2.185210227966308594e+00,2.119303941726684570e+00,2.058440923690795898e+00,2.001206398010253906e+00,1.947495341300964355e+00,1.897516608238220215e+00,1.850072383880615234e+00,1.806051135063171387e+00,1.764086961746215820e+00,1.724709272384643555e+00,1.687571883201599121e+00,1.652251601219177246e+00,1.618974089622497559e+00,1.587517976760864258e+00,1.557550430297851562e+00,1.529232501983642578e+00,1.502372026443481445e+00,1.477270960807800293e+00,1.453430652618408203e+00,1.430776119232177734e+00,1.409239530563354492e+00,1.388758778572082520e+00,1.369275808334350586e+00,1.350737333297729492e+00,1.333095550537109375e+00,1.316303968429565430e+00,1.300321340560913086e+00,1.285108566284179688e+00,1.270630836486816406e+00,1.256853938102722168e+00,1.243747472763061523e+00,1.231282591819763184e+00,1.219432950019836426e+00,1.208173632621765137e+00,1.197481870651245117e+00,1.187336325645446777e+00,1.177716851234436035e+00,1.168604850769042969e+00,1.159983873367309570e+00,1.151837229728698730e+00,1.144150018692016602e+00,1.136909008026123047e+00,1.130101203918457031e+00,1.123714566230773926e+00,1.117738485336303711e+00,1.112162351608276367e+00,1.106977105140686035e+00,1.102174401283264160e+00,1.097745895385742188e+00,1.093684911727905273e+00,1.089984297752380371e+00,1.086638808250427246e+00,1.083642840385437012e+00,1.080991506576538086e+00,1.078680992126464844e+00,1.076707839965820312e+00,1.075068473815917969e+00,1.073760867118835449e+00,1.072782754898071289e+00,1.072132706642150879e+00,1.071809768676757812e+00,esquerda
5.969376087188720703e+00,5.971215248107910156e+00,5.974874973297119141e+00,5.980362892150878906e+00,5.987686634063720703e+00,5.996857166290283203e+00,6.007889270782470703e+00,6.020798206329345703e+00,6.035606384277343750e+00,6.052335262298583984e+00,6.071011066436767578e+00,6.091664314270019531e+00,6.114326953887939453e+00,6.139036655426025391e+00,6.165832042694091797e+00,6.194757461547851562e+00,6.225861549377441406e+00,6.259194850921630859e+00,6.294816017150878906e+00,6.315285682678222656e+00,6.180778503417968750e+00,5.905908107757568359e+00,5.654634952545166016e+00,5.425128936767578125e+00,5.217232704162597656e+00,5.025461673736572266e+00,4.848177909851074219e+00,4.683332920074462891e+00,4.532475471496582031e+00,4.391782283782958984e+00,4.259800910949707031e+00,4.137931823730468750e+00,4.023342609405517578e+00,3.915821552276611328e+00,3.815788030624389648e+00,3.720841169357299805e+00,3.632762193679809570e+00,3.548816204071044922e+00,3.470060586929321289e+00,3.395806074142456055e+00,3.325201749801635742e+00,3.258701801300048828e+00,3.195863485336303711e+00,3.136019945144653320e+00,3.079494953155517578e+00,3.025738477706909180e+00,2.975186109542846680e+00,2.927171945571899414e+00,2.881546497344970703e+00,2.838172674179077148e+00,2.796924114227294922e+00,2.757685899734497070e+00,2.720350503921508789e+00,2.684819936752319336e+00,2.651002883911132812e+00,2.618813276290893555e+00,2.588175296783447266e+00,2.559017658233642578e+00,2.531271696090698242e+00,2.504875183105468750e+00,2.479771852493286133e+00,2.455906391143798828e+00,2.433230876922607422e+00,2.411697864532470703e+00,2.391264677047729492e+00,2.371891260147094727e+00,2.353540658950805664e+00,2.336177587509155273e+00,2.319770336151123047e+00,2.304288864135742188e+00,2.289705514907836914e+00,2.275994777679443359e+00,2.263132572174072266e+00,2.251096248626708984e+00,2.239866495132446289e+00,2.229423761367797852e+00,2.219750881195068359e+00,2.210832118988037109e+00,2.202653169631958008e+00,2.195200443267822266e+00,2.188462495803833008e+00,2.182428598403930664e+00,2.177089214324951172e+00,2.172435998916625977e+00,2.168461799621582031e+00,2.165160417556762695e+00,2.162526845932006836e+00,2.160557031631469727e+00,2.159247875213623047e+00,2.158597469329833984e+00,2.158604621887207031e+00,2.159269571304321289e+00,2.160593509674072266e+00,2.162577629089355469e+00,2.165225982666015625e+00,2.168542146682739258e+00,2.172531366348266602e+00,2.177199602127075195e+00,2.182554244995117188e+00,2.188603401184082031e+00,2.195356607437133789e+00,2.202825546264648438e+00,2.211020469665527344e+00,2.219955444335937500e+00,2.229645252227783203e+00,2.240105152130126953e+00,2.251352548599243164e+00,2.263406276702880859e+00,2.276287317276000977e+00,2.290017127990722656e+00,2.304620027542114258e+00,2.320121765136718750e+00,2.336549282073974609e+00,2.353933811187744141e+00,2.372306346893310547e+00,2.391703605651855469e+00,2.393785238265991211e+00,2.330759286880493164e+00,2.255441188812255859e+00,2.185192346572875977e+00,2.119287729263305664e+00,2.058426618576049805e+00,2.001193284988403320e+00,1.947483777999877930e+00,1.897505998611450195e+00,1.850062727928161621e+00,1.806042671203613281e+00,1.764079093933105469e+00,1.724702477455139160e+00,1.687565803527832031e+00,1.652246117591857910e+00,1.618969321250915527e+00,1.587513923645019531e+00,1.557546854019165039e+00,1.529229283332824707e+00,1.502372384071350098e+00,1.477271318435668945e+00,1.453430891036987305e+00,1.430776357650756836e+00,1.409239768981933594e+00,1.388758897781372070e+00,1.369276046752929688e+00,1.350737690925598145e+00,1.333095669746398926e+00,1.316303968429565430e+00,1.300321459770202637e+00,1.285108804702758789e+00,1.270630836486816406e+00,1.256854057312011719e+00,1.243747472763061523e+00,1.231282711029052734e+00,1.219432950019836426e+00,1.208173632621765137e+00,1.197481870651245117e+00,1.187336325645446777e+00,1.177716732025146484e+00,1.168604731559753418e+00,1.159983754158020020e+00,1.151837110519409180e+00,1.144149899482727051e+00,1.136908888816833496e+00,1.130100965499877930e+00,1.123714566230773926e+00,1.117738127708435059e+00,1.112162232398986816e+00,1.106976866722106934e+00,1.102174282073974609e+00,1.097745656967163086e+00,1.093684673309326172e+00,1.089984178543090820e+00,1.086638569831848145e+00,1.083642601966857910e+00,1.080991268157958984e+00,1.078680872917175293e+00,1.076707601547241211e+00,1.075068235397338867e+00,1.073760628700256348e+00,1.072782516479492188e+00,1.072132468223571777e+00,1.071809530258178711e+00,esquerda
5.969377517700195312e+00,5.971216678619384766e+00,5.974875926971435547e+00,5.980364322662353516e+00,5.987688064575195312e+00,5.996858596801757812e+00,6.007890701293945312e+00,6.020800113677978516e+00,6.035607337951660156e+00,6.052336215972900391e+00,6.071012496948242188e+00,6.091666221618652344e+00,6.114328861236572266e+00,6.139038085937500000e+00,6.165833950042724609e+00,6.194759845733642578e+00,6.225862979888916016e+00,6.259196758270263672e+00,6.294818401336669922e+00,6.310995101928710938e+00,6.169144630432128906e+00,5.894758701324462891e+00,5.643931865692138672e+00,5.414834022521972656e+00,5.207309722900390625e+00,5.015883922576904297e+00,4.838920116424560547e+00,4.674372673034667969e+00,4.523788928985595703e+00,4.383353710174560547e+00,4.251623630523681641e+00,4.129991054534912109e+00,4.015624046325683594e+00,3.908311128616333008e+00,3.808471679687500000e+00,3.713708400726318359e+00,3.625800132751464844e+00,3.542015790939331055e+00,3.463413000106811523e+00,3.389301300048828125e+00,3.318833112716674805e+00,3.252461194992065430e+00,3.189743518829345703e+00,3.130015611648559570e+00,3.073599338531494141e+00,3.019984245300292969e+00,2.969528198242187500e+00,2.921605348587036133e+00,2.876066207885742188e+00,2.832775115966796875e+00,2.791604995727539062e+00,2.752441883087158203e+00,2.715177059173583984e+00,2.679713964462280273e+00,2.645961284637451172e+00,2.613832950592041016e+00,2.583253622055053711e+00,2.554151058197021484e+00,2.526458024978637695e+00,2.500111579895019531e+00,2.475056171417236328e+00,2.451235771179199219e+00,2.428603649139404297e+00,2.407111167907714844e+00,2.386717081069946289e+00,2.367380619049072266e+00,2.349065065383911133e+00,2.331734657287597656e+00,2.315359115600585938e+00,2.299906730651855469e+00,2.285351276397705078e+00,2.271666765213012695e+00,2.258828878402709961e+00,2.246815443038940430e+00,2.235606670379638672e+00,2.225183963775634766e+00,2.215529441833496094e+00,2.206627607345581055e+00,2.198464155197143555e+00,2.191025972366333008e+00,2.184300899505615234e+00,2.178278446197509766e+00,2.172949075698852539e+00,2.168304681777954102e+00,2.164338111877441406e+00,2.161042690277099609e+00,2.158414125442504883e+00,2.156448364257812500e+00,2.155141592025756836e+00,2.154492378234863281e+00,2.154499769210815430e+00,2.155163288116455078e+00,2.156484365463256836e+00,2.158464670181274414e+00,2.161108255386352539e+00,2.164418220520019531e+00,2.168399810791015625e+00,2.173059225082397461e+00,2.178403615951538086e+00,2.184441328048706055e+00,2.191181659698486328e+00,2.198636531829833984e+00,2.206815719604492188e+00,2.215734004974365234e+00,2.225404977798461914e+00,2.235845088958740234e+00,2.247071027755737305e+00,2.259102106094360352e+00,2.271958589553833008e+00,2.285661935806274414e+00,2.300237417221069336e+00,2.315709352493286133e+00,2.332105875015258789e+00,2.349457263946533203e+00,2.367795228958129883e+00,2.387155055999755859e+00,2.392245769500732422e+00,2.330734014511108398e+00,2.255415439605712891e+00,2.185166120529174805e+00,2.119261264801025391e+00,2.058399438858032227e+00,2.001166105270385742e+00,1.947456359863281250e+00,1.897478461265563965e+00,1.850035071372985840e+00,1.806014895439147949e+00,1.764051437377929688e+00,1.724674701690673828e+00,1.687538027763366699e+00,1.652218580245971680e+00,1.618941903114318848e+00,1.587486267089843750e+00,1.557519435882568359e+00,1.529201865196228027e+00,1.502370715141296387e+00,1.477269649505615234e+00,1.453429341316223145e+00,1.430774927139282227e+00,1.409238457679748535e+00,1.388757586479187012e+00,1.369274616241455078e+00,1.350736141204833984e+00,1.333094477653503418e+00,1.316303014755249023e+00,1.300320267677307129e+00,1.285107493400573730e+00,1.270629644393920898e+00,1.256852984428405762e+00,1.243746399879455566e+00,1.231281638145446777e+00,1.219431877136230469e+00,1.208172559738159180e+00,1.197480797767639160e+00,1.187335252761840820e+00,1.177715659141540527e+00,1.168603897094726562e+00,1.159982800483703613e+00,1.151836156845092773e+00,1.144148945808410645e+00,1.136908054351806641e+00,1.130100250244140625e+00,1.123713493347167969e+00,1.117737412452697754e+00,1.112161397933959961e+00,1.106976151466369629e+00,1.102173447608947754e+00,1.097744941711425781e+00,1.093683958053588867e+00,1.089983463287353516e+00,1.086637854576110840e+00,1.083642005920410156e+00,1.080990552902221680e+00,1.078680157661437988e+00,1.076707005500793457e+00,1.075067639350891113e+00,1.073759913444519043e+00,1.072781801223754883e+00,1.072131872177124023e+00,1.071808934211730957e+00,esquerda
5.969376087188720703e+00,5.971215248107910156e+00,5.974874973297119141e+00,5.980363368988037109e+00,5.987687110900878906e+00,5.996857643127441406e+00,6.007889747619628906e+00,6.020798206329345703e+00,6.035606384277343750e+00,6.052335262298583984e+00,6.071011066436767578e+00,6.091664314270019531e+00,6.114326953887939453e+00,6.139036655426025391e+00,6.165832042694091797e+00,6.194757461547851562e+00,6.225861549377441406e+00,6.259195327758789062e+00,6.294816493988037109e+00,6.308683872222900391e+00,6.162891864776611328e+00,5.888790607452392578e+00,5.638222217559814453e+00,5.409360885620117188e+00,5.202049732208251953e+00,5.010820388793945312e+00,4.834038257598876953e+00,4.669659614562988281e+00,4.519230365753173828e+00,4.378937721252441406e+00,4.247331619262695312e+00,4.125807762145996094e+00,4.011542797088623047e+00,3.904326677322387695e+00,3.804577350616455078e+00,3.709900617599487305e+00,3.622072219848632812e+00,3.538364648818969727e+00,3.459833621978759766e+00,3.385790586471557617e+00,3.315387964248657227e+00,3.249077320098876953e+00,3.186418294906616211e+00,3.126745462417602539e+00,3.070382118225097656e+00,3.016663312911987305e+00,2.966262340545654297e+00,2.918392419815063477e+00,2.872903585433959961e+00,2.829659700393676758e+00,2.788535356521606445e+00,2.749414920806884766e+00,2.712191104888916016e+00,2.676767110824584961e+00,2.643051385879516602e+00,2.610958576202392578e+00,2.580412626266479492e+00,2.551342248916625977e+00,2.523679733276367188e+00,2.497362375259399414e+00,2.472334146499633789e+00,2.448540449142456055e+00,2.425932407379150391e+00,2.404464244842529297e+00,2.384092569351196289e+00,2.364777088165283203e+00,2.346481561660766602e+00,2.329170465469360352e+00,2.312812805175781250e+00,2.297377347946166992e+00,2.282837867736816406e+00,2.269168376922607422e+00,2.256344795227050781e+00,2.244344472885131836e+00,2.233148336410522461e+00,2.222736835479736328e+00,2.213092803955078125e+00,2.204201221466064453e+00,2.196046590805053711e+00,2.188616514205932617e+00,2.181898355484008789e+00,2.175883054733276367e+00,2.170559644699096680e+00,2.165920495986938477e+00,2.161957979202270508e+00,2.158666372299194336e+00,2.156040430068969727e+00,2.154076814651489258e+00,2.152771711349487305e+00,2.152122974395751953e+00,2.152130365371704102e+00,2.152793407440185547e+00,2.154112815856933594e+00,2.156091213226318359e+00,2.158731698989868164e+00,2.162038087844848633e+00,2.166015148162841797e+00,2.170669555664062500e+00,2.176008224487304688e+00,2.182039260864257812e+00,2.188772201538085938e+00,2.196218729019165039e+00,2.204389095306396484e+00,2.213297128677368164e+00,2.222957849502563477e+00,2.233386516571044922e+00,2.244600057601928711e+00,2.256617546081542969e+00,2.269459724426269531e+00,2.283148765563964844e+00,2.297708034515380859e+00,2.313162803649902344e+00,2.329541206359863281e+00,2.346873760223388672e+00,2.365190982818603516e+00,2.384530067443847656e+00,2.391289710998535156e+00,2.330626010894775391e+00,2.255316734313964844e+00,2.185075521469116211e+00,2.119178295135498047e+00,2.058323144912719727e+00,2.001096010208129883e+00,1.947391867637634277e+00,1.897419214248657227e+00,1.849980473518371582e+00,1.805964350700378418e+00,1.764005064964294434e+00,1.724631786346435547e+00,1.687498450279235840e+00,1.652181863784790039e+00,1.618908047676086426e+00,1.587455272674560547e+00,1.557490825653076172e+00,1.529175639152526855e+00,1.502370119094848633e+00,1.477268934249877930e+00,1.453428745269775391e+00,1.430774211883544922e+00,1.409237861633300781e+00,1.388756990432739258e+00,1.369274139404296875e+00,1.350735783576965332e+00,1.333093881607055664e+00,1.316302299499511719e+00,1.300319552421569824e+00,1.285107016563415527e+00,1.270629286766052246e+00,1.256852507591247559e+00,1.243745923042297363e+00,1.231281161308288574e+00,1.219431519508361816e+00,1.208172202110290527e+00,1.197480440139770508e+00,1.187334895133972168e+00,1.177715182304382324e+00,1.168603420257568359e+00,1.159982323646545410e+00,1.151835799217224121e+00,1.144148588180541992e+00,1.136907458305358887e+00,1.130099654197692871e+00,1.123713135719299316e+00,1.117736935615539551e+00,1.112160801887512207e+00,1.106975674629211426e+00,1.102173089981079102e+00,1.097744464874267578e+00,1.093683600425720215e+00,1.089982986450195312e+00,1.086637377738952637e+00,1.083641529083251953e+00,1.080990076065063477e+00,1.078679680824279785e+00,1.076706528663635254e+00,1.075067162513732910e+00,1.073759436607360840e+00,1.072781443595886230e+00,1.072131395339965820e+00,1.071808457374572754e+00,esquerda
5.969376564025878906e+00,5.971215724945068359e+00,5.974875450134277344e+00,5.980363368988037109e+00,5.987687110900878906e+00,5.996857643127441406e+00,6.007889747619628906e+00,6.020799160003662109e+00,6.035606384277343750e+00,6.052335739135742188e+00,6.071012020111083984e+00,6.091665267944335938e+00,6.114327907562255859e+00,6.139037132263183594e+00,6.165832996368408203e+00,6.194758892059326172e+00,6.225862503051757812e+00,6.259196281433105469e+00,6.294817924499511719e+00,6.306449890136718750e+00,6.156837940216064453e+00,5.882994651794433594e+00,5.632664680480957031e+00,5.404019832611083984e+00,5.196906566619873047e+00,5.005859851837158203e+00,4.829246997833251953e+00,4.665025234222412109e+00,4.514739990234375000e+00,4.374582767486572266e+00,4.243105888366699219e+00,4.121703624725341797e+00,4.007554054260253906e+00,3.900445938110351562e+00,3.800796747207641602e+00,3.706215381622314453e+00,3.618475437164306641e+00,3.534851789474487305e+00,3.456399679183959961e+00,3.382430791854858398e+00,3.312098503112792969e+00,3.245854616165161133e+00,3.183257818222045898e+00,3.123645305633544922e+00,3.067337989807128906e+00,3.013697624206542969e+00,2.963346242904663086e+00,2.915523290634155273e+00,2.870079517364501953e+00,2.826878070831298828e+00,2.785793781280517578e+00,2.746711730957031250e+00,2.709524869918823242e+00,2.674135446548461914e+00,2.640452861785888672e+00,2.608392000198364258e+00,2.577875614166259766e+00,2.548833847045898438e+00,2.521198749542236328e+00,2.494907140731811523e+00,2.469903707504272461e+00,2.446133375167846680e+00,2.423547267913818359e+00,2.402100324630737305e+00,2.381748914718627930e+00,2.362452268600463867e+00,2.344174623489379883e+00,2.326880693435668945e+00,2.310538768768310547e+00,2.295118808746337891e+00,2.280593872070312500e+00,2.266937494277954102e+00,2.254126548767089844e+00,2.242138147354125977e+00,2.230952978134155273e+00,2.220551252365112305e+00,2.210917234420776367e+00,2.202034473419189453e+00,2.193887948989868164e+00,2.186464786529541016e+00,2.179753541946411133e+00,2.173743724822998047e+00,2.168425559997558594e+00,2.163790702819824219e+00,2.159832477569580078e+00,2.156544208526611328e+00,2.153920888900756836e+00,2.151958942413330078e+00,2.150655269622802734e+00,2.150007486343383789e+00,2.150014400482177734e+00,2.150676727294921875e+00,2.151995182037353516e+00,2.153971433639526367e+00,2.156609296798706055e+00,2.159912347793579102e+00,2.163885831832885742e+00,2.168535470962524414e+00,2.173868656158447266e+00,2.179893732070922852e+00,2.186620473861694336e+00,2.194059371948242188e+00,2.202221632003784180e+00,2.211121559143066406e+00,2.220772504806518555e+00,2.231190681457519531e+00,2.242393255233764648e+00,2.254399299621582031e+00,2.267228841781616211e+00,2.280904293060302734e+00,2.295449018478393555e+00,2.310888767242431641e+00,2.327250957489013672e+00,2.344566583633422852e+00,2.362865924835205078e+00,2.382185935974121094e+00,2.390580654144287109e+00,2.330734014511108398e+00,2.255417108535766602e+00,2.185169458389282227e+00,2.119265794754028320e+00,2.058405399322509766e+00,2.001173019409179688e+00,1.947464108467102051e+00,1.897487282752990723e+00,1.850044608116149902e+00,1.806025028228759766e+00,1.764062285423278809e+00,1.724686026573181152e+00,1.687549591064453125e+00,1.652230501174926758e+00,1.618954539299011230e+00,1.587499260902404785e+00,1.557532548904418945e+00,1.529215455055236816e+00,1.502370834350585938e+00,1.477269768714904785e+00,1.453429579734802246e+00,1.430775046348571777e+00,1.409238576889038086e+00,1.388757824897766113e+00,1.369274735450744629e+00,1.350736498832702637e+00,1.333094596862792969e+00,1.316303014755249023e+00,1.300320267677307129e+00,1.285107612609863281e+00,1.270629763603210449e+00,1.256852984428405762e+00,1.243746519088745117e+00,1.231281757354736328e+00,1.219432115554809570e+00,1.208172678947448730e+00,1.197480916976928711e+00,1.187335371971130371e+00,1.177715897560119629e+00,1.168604016304016113e+00,1.159982919692993164e+00,1.151836276054382324e+00,1.144149065017700195e+00,1.136908173561096191e+00,1.130100369453430176e+00,1.123713612556457520e+00,1.117737531661987305e+00,1.112161517143249512e+00,1.106976270675659180e+00,1.102173566818237305e+00,1.097745060920715332e+00,1.093684077262878418e+00,1.089983463287353516e+00,1.086637973785400391e+00,1.083642005920410156e+00,1.080990672111511230e+00,1.078680157661437988e+00,1.076707005500793457e+00,1.075067639350891113e+00,1.073760032653808594e+00,1.072781920433044434e+00,1.072131872177124023e+00,1.071808934211730957e+00,esquerda
5.969377517700195312e+00,5.971216201782226562e+00,5.974875926971435547e+00,5.980363845825195312e+00,5.987688064575195312e+00,5.996858596801757812e+00,6.007890224456787109e+00,6.020799636840820312e+00,6.035606861114501953e+00,6.052336215972900391e+00,6.071012496948242188e+00,6.091665744781494141e+00,6.114328384399414062e+00,6.139038085937500000e+00,6.165833473205566406e+00,6.194759368896484375e+00,6.225862979888916016e+00,6.259196758270263672e+00,6.294818401336669922e+00,6.303993701934814453e+00,6.150188446044921875e+00,5.876641750335693359e+00,5.626583576202392578e+00,5.398186206817626953e+00,5.191298007965087891e+00,5.000457763671875000e+00,4.824035167694091797e+00,4.659991741180419922e+00,4.509869575500488281e+00,4.369863033294677734e+00,4.238528251647949219e+00,4.117258071899414062e+00,4.003232002258300781e+00,3.896239757537841797e+00,3.796698331832885742e+00,3.702219009399414062e+00,3.614573717117309570e+00,3.531040430068969727e+00,3.452672481536865234e+00,3.378783941268920898e+00,3.308527231216430664e+00,3.242354869842529297e+00,3.179825305938720703e+00,3.120276927947998047e+00,3.064029932022094727e+00,3.010455608367919922e+00,2.960158824920654297e+00,2.912386894226074219e+00,2.866991996765136719e+00,2.823837041854858398e+00,2.782796859741210938e+00,2.743757247924804688e+00,2.706609964370727539e+00,2.671259164810180664e+00,2.637612581253051758e+00,2.605585575103759766e+00,2.575102567672729492e+00,2.546092271804809570e+00,2.518486261367797852e+00,2.492223262786865234e+00,2.467246532440185547e+00,2.443501710891723633e+00,2.420940399169921875e+00,2.399516105651855469e+00,2.379186630249023438e+00,2.359910964965820312e+00,2.341652870178222656e+00,2.324377775192260742e+00,2.308053493499755859e+00,2.292649745941162109e+00,2.278140306472778320e+00,2.264498949050903320e+00,2.251701593399047852e+00,2.239726305007934570e+00,2.228553056716918945e+00,2.218162775039672852e+00,2.208538770675659180e+00,2.199665307998657227e+00,2.191527605056762695e+00,2.184112787246704102e+00,2.177408695220947266e+00,2.171405315399169922e+00,2.166093111038208008e+00,2.161463022232055664e+00,2.157509088516235352e+00,2.154224157333374023e+00,2.151603937149047852e+00,2.149644136428833008e+00,2.148341655731201172e+00,2.147694587707519531e+00,2.147701740264892578e+00,2.148363113403320312e+00,2.149680137634277344e+00,2.151654481887817383e+00,2.154289484024047852e+00,2.157588720321655273e+00,2.161557912826538086e+00,2.166202783584594727e+00,2.171530246734619141e+00,2.177548885345458984e+00,2.184268236160278320e+00,2.191699028015136719e+00,2.199852705001831055e+00,2.208742618560791016e+00,2.218383550643920898e+00,2.228790521621704102e+00,2.239981174468994141e+00,2.251974105834960938e+00,2.264789819717407227e+00,2.278450250625610352e+00,2.292979717254638672e+00,2.308402776718139648e+00,2.324747562408447266e+00,2.342044115066528320e+00,2.360324144363403320e+00,2.379623174667358398e+00,2.389774560928344727e+00,2.330807685852050781e+00,2.255485534667968750e+00,2.185233116149902344e+00,2.119325160980224609e+00,2.058460712432861328e+00,2.001224756240844727e+00,1.947512626647949219e+00,1.897532820701599121e+00,1.850087523460388184e+00,1.806065320968627930e+00,1.764100313186645508e+00,1.724721789360046387e+00,1.687583565711975098e+00,1.652262806892395020e+00,1.618984699249267578e+00,1.587527990341186523e+00,1.557559609413146973e+00,1.529241204261779785e+00,1.502370357513427734e+00,1.477269291877746582e+00,1.453428864479064941e+00,1.430774569511413574e+00,1.409237980842590332e+00,1.388757348060607910e+00,1.369274377822875977e+00,1.350736021995544434e+00,1.333094120025634766e+00,1.316302418708801270e+00,1.300319910049438477e+00,1.285107135772705078e+00,1.270629405975341797e+00,1.256852507591247559e+00,1.243746161460876465e+00,1.231281280517578125e+00,1.219431519508361816e+00,1.208172321319580078e+00,1.197480440139770508e+00,1.187334895133972168e+00,1.177715420722961426e+00,1.168603420257568359e+00,1.159982442855834961e+00,1.151835918426513672e+00,1.144148707389831543e+00,1.136907577514648438e+00,1.130099892616271973e+00,1.123713254928588867e+00,1.117737054824829102e+00,1.112160921096801758e+00,1.106975913047790527e+00,1.102173209190368652e+00,1.097744584083557129e+00,1.093683719635009766e+00,1.089983105659484863e+00,1.086637496948242188e+00,1.083641648292541504e+00,1.080990195274353027e+00,1.078679800033569336e+00,1.076706647872924805e+00,1.075067162513732910e+00,1.073759555816650391e+00,1.072781443595886230e+00,1.072131514549255371e+00,1.071808457374572754e+00,esquerda
5.969377994537353516e+00,5.971217155456542969e+00,5.974876880645751953e+00,5.980364322662353516e+00,5.987688541412353516e+00,5.996859073638916016e+00,6.007890701293945312e+00,6.020800113677978516e+00,6.035607337951660156e+00,6.052337169647216797e+00,6.071012973785400391e+00,6.091666221618652344e+00,6.114328861236572266e+00,6.139038562774658203e+00,6.165833950042724609e+00,6.194759845733642578e+00,6.225863456726074219e+00,6.259197235107421875e+00,6.294818878173828125e+00,6.301264762878417969e+00,6.142806053161621094e+00,5.869600772857666016e+00,5.619851589202880859e+00,5.391737937927246094e+00,5.185103893280029297e+00,4.994498729705810547e+00,4.818293571472167969e+00,4.654450893402099609e+00,4.504511833190917969e+00,4.364676475524902344e+00,4.233501911163330078e+00,4.112378120422363281e+00,3.998487234115600586e+00,3.891621589660644531e+00,3.792198419570922852e+00,3.697831153869628906e+00,3.610289335250854492e+00,3.526854991912841797e+00,3.448580741882324219e+00,3.374778509140014648e+00,3.304605245590209961e+00,3.238511323928833008e+00,3.176055908203125000e+00,3.116577386856079102e+00,3.060397148132324219e+00,3.006896018981933594e+00,2.956658363342285156e+00,2.908943176269531250e+00,2.863601684570312500e+00,2.820498466491699219e+00,2.779506444931030273e+00,2.740512371063232422e+00,2.703409910202026367e+00,2.668100357055664062e+00,2.634493827819824219e+00,2.602504968643188477e+00,2.572057962417602539e+00,2.543081521987915039e+00,2.515508651733398438e+00,2.489276409149169922e+00,2.464329481124877930e+00,2.440612554550170898e+00,2.418078184127807617e+00,2.396679162979125977e+00,2.376373291015625000e+00,2.357120513916015625e+00,2.338884115219116211e+00,2.321629285812377930e+00,2.305324316024780273e+00,2.289938926696777344e+00,2.275446653366088867e+00,2.261821508407592773e+00,2.249039173126220703e+00,2.237077951431274414e+00,2.225917816162109375e+00,2.215539932250976562e+00,2.205927610397338867e+00,2.197064638137817383e+00,2.188936471939086914e+00,2.181530237197875977e+00,2.174834251403808594e+00,2.168837785720825195e+00,2.163531780242919922e+00,2.158907651901245117e+00,2.154958248138427734e+00,2.151677131652832031e+00,2.149059772491455078e+00,2.147102594375610352e+00,2.145801544189453125e+00,2.145154953002929688e+00,2.145162343978881836e+00,2.145823240280151367e+00,2.147138595581054688e+00,2.149110317230224609e+00,2.151742458343505859e+00,2.155037879943847656e+00,2.159002304077148438e+00,2.163641452789306641e+00,2.168962717056274414e+00,2.174974203109741211e+00,2.181685447692871094e+00,2.189107894897460938e+00,2.197251796722412109e+00,2.206131219863891602e+00,2.215760469436645508e+00,2.226155281066894531e+00,2.237332582473754883e+00,2.249311447143554688e+00,2.262112140655517578e+00,2.275756359100341797e+00,2.290268659591674805e+00,2.305673360824584961e+00,2.321998834609985352e+00,2.339275121688842773e+00,2.357533454895019531e+00,2.376809597015380859e+00,2.388756275177001953e+00,2.330701351165771484e+00,2.255388498306274414e+00,2.185144424438476562e+00,2.119244337081909180e+00,2.058386564254760742e+00,2.001157045364379883e+00,1.947450637817382812e+00,1.897475719451904297e+00,1.850035190582275391e+00,1.806017279624938965e+00,1.764056086540222168e+00,1.724681615829467773e+00,1.687546849250793457e+00,1.652228832244873047e+00,1.618953704833984375e+00,1.587499737739562988e+00,1.557533979415893555e+00,1.529217958450317383e+00,1.502369523048400879e+00,1.477268457412719727e+00,1.453428268432617188e+00,1.430773735046386719e+00,1.409237265586853027e+00,1.388756513595581055e+00,1.369273781776428223e+00,1.350735306739807129e+00,1.333093404769897461e+00,1.316301941871643066e+00,1.300319194793701172e+00,1.285106420516967773e+00,1.270628809928894043e+00,1.256852030754089355e+00,1.243745446205139160e+00,1.231280684471130371e+00,1.219430923461914062e+00,1.208171606063842773e+00,1.197479963302612305e+00,1.187334299087524414e+00,1.177714824676513672e+00,1.168602943420410156e+00,1.159981846809387207e+00,1.151835203170776367e+00,1.144148111343383789e+00,1.136907100677490234e+00,1.130099296569824219e+00,1.123712658882141113e+00,1.117736458778381348e+00,1.112160444259643555e+00,1.106975317001342773e+00,1.102172493934631348e+00,1.097743988037109375e+00,1.093683123588562012e+00,1.089982509613037109e+00,1.086636781692504883e+00,1.083641052246093750e+00,1.080989718437194824e+00,1.078679203987121582e+00,1.076706051826477051e+00,1.075066685676574707e+00,1.073759078979492188e+00,1.072780966758728027e+00,1.072130918502807617e+00,1.071807980537414551e+00,esquerda
5.969379425048828125e+00,5.971218585968017578e+00,5.974878311157226562e+00,5.980365753173828125e+00,5.987689971923828125e+00,5.996860504150390625e+00,6.007892608642578125e+00,6.020801544189453125e+00,6.035609245300292969e+00,6.052338600158691406e+00,6.071014404296875000e+00,6.091668128967285156e+00,6.114330768585205078e+00,6.139039993286132812e+00,6.165835857391357422e+00,6.194761753082275391e+00,6.225864887237548828e+00,6.259198665618896484e+00,6.294820308685302734e+00,6.298398017883300781e+00,6.135035514831542969e+00,5.862164974212646484e+00,5.612723827362060547e+00,5.384890556335449219e+00,5.178512096405029297e+00,4.988142967224121094e+00,4.812155723571777344e+00,4.648516178131103516e+00,4.498764514923095703e+00,4.359102725982666016e+00,4.228091239929199219e+00,4.107119083404541016e+00,3.993373632431030273e+00,3.886644363403320312e+00,3.787348031997680664e+00,3.693100929260253906e+00,3.605671405792236328e+00,3.522343635559082031e+00,3.444168806076049805e+00,3.370460987091064453e+00,3.300377368927001953e+00,3.234367132186889648e+00,3.171991348266601562e+00,3.112588882446289062e+00,3.056479692459106445e+00,3.003053903579711914e+00,2.952880382537841797e+00,2.905225992202758789e+00,2.859942913055419922e+00,2.816894292831420898e+00,2.775954723358154297e+00,2.737010955810546875e+00,2.699955463409423828e+00,2.664691209793090820e+00,2.631127595901489258e+00,2.599179744720458984e+00,2.568771362304687500e+00,2.539832115173339844e+00,2.512294530868530273e+00,2.486095666885375977e+00,2.461180448532104492e+00,2.437494277954101562e+00,2.414988040924072266e+00,2.393616914749145508e+00,2.373337268829345703e+00,2.354108810424804688e+00,2.335895538330078125e+00,2.318662643432617188e+00,2.302378654479980469e+00,2.287013053894042969e+00,2.272539138793945312e+00,2.258931398391723633e+00,2.246165275573730469e+00,2.234219312667846680e+00,2.223073959350585938e+00,2.212709426879882812e+00,2.203108787536621094e+00,2.194257497787475586e+00,2.186139583587646484e+00,2.178742885589599609e+00,2.172055006027221680e+00,2.166066646575927734e+00,2.160767555236816406e+00,2.156149148941040039e+00,2.152204513549804688e+00,2.148928165435791016e+00,2.146314144134521484e+00,2.144359111785888672e+00,2.143059730529785156e+00,2.142414331436157227e+00,2.142421483993530273e+00,2.143081426620483398e+00,2.144395112991333008e+00,2.146364450454711914e+00,2.148993015289306641e+00,2.152284383773803711e+00,2.156243562698364258e+00,2.160876989364624023e+00,2.166191339492797852e+00,2.172195196151733398e+00,2.178897857666015625e+00,2.186310768127441406e+00,2.194444179534912109e+00,2.203312397003173828e+00,2.212929487228393555e+00,2.223310947418212891e+00,2.234473705291748047e+00,2.246437549591064453e+00,2.259221792221069336e+00,2.272848844528198242e+00,2.287342071533203125e+00,2.302727699279785156e+00,2.319031953811645508e+00,2.336285829544067383e+00,2.354521274566650391e+00,2.373772621154785156e+00,2.387762784957885742e+00,2.330734014511108398e+00,2.255418300628662109e+00,2.185171604156494141e+00,2.119268655776977539e+00,2.058408975601196289e+00,2.001177549362182617e+00,1.947469115257263184e+00,1.897492766380310059e+00,1.850050687789916992e+00,1.806031584739685059e+00,1.764069080352783203e+00,1.724693298339843750e+00,1.687557220458984375e+00,1.652238488197326660e+00,1.618962407112121582e+00,1.587507605552673340e+00,1.557541251182556152e+00,1.529224276542663574e+00,1.502367615699768066e+00,1.477266550064086914e+00,1.453426361083984375e+00,1.430771827697753906e+00,1.409235477447509766e+00,1.388754725456237793e+00,1.369271636009216309e+00,1.350733280181884766e+00,1.333091497421264648e+00,1.316300034523010254e+00,1.300317406654357910e+00,1.285104632377624512e+00,1.270627021789550781e+00,1.256850242614746094e+00,1.243743658065795898e+00,1.231279015541076660e+00,1.219429373741149902e+00,1.208169937133789062e+00,1.197478294372558594e+00,1.187332749366760254e+00,1.177713155746459961e+00,1.168601393699645996e+00,1.159980177879333496e+00,1.151833772659301758e+00,1.144146680831909180e+00,1.136905431747436523e+00,1.130097746849060059e+00,1.123711228370666504e+00,1.117735028266906738e+00,1.112158894538879395e+00,1.106973767280578613e+00,1.102171063423156738e+00,1.097742557525634766e+00,1.093681573867797852e+00,1.089980959892272949e+00,1.086635351181030273e+00,1.083639502525329590e+00,1.080988168716430664e+00,1.078677773475646973e+00,1.076704502105712891e+00,1.075065135955810547e+00,1.073757529258728027e+00,1.072779297828674316e+00,1.072129368782043457e+00,1.071806430816650391e+00,esquerda
5.969379425048828125e+00,5.971218109130859375e+00,5.974877834320068359e+00,5.980366230010986328e+00,5.987690448760986328e+00,5.996860504150390625e+00,6.007892608642578125e+00,6.020801544189453125e+00,6.035609245300292969e+00,6.052338123321533203e+00,6.071013927459716797e+00,6.091667652130126953e+00,6.114330291748046875e+00,6.139039039611816406e+00,6.165834903717041016e+00,6.194760799407958984e+00,6.225863933563232422e+00,6.259198188781738281e+00,6.294819831848144531e+00,6.295361518859863281e+00,6.126810073852539062e+00,5.854289531707763672e+00,5.605169296264648438e+00,5.377630710601806641e+00,5.171519279479980469e+00,4.981397628784179688e+00,4.805639266967773438e+00,4.642213344573974609e+00,4.492657184600830078e+00,4.353178501129150391e+00,4.222338676452636719e+00,4.101525783538818359e+00,3.987932920455932617e+00,3.881349563598632812e+00,3.782189130783081055e+00,3.688070774078369141e+00,3.600760459899902344e+00,3.517546415328979492e+00,3.439478158950805664e+00,3.365871191024780273e+00,3.295882940292358398e+00,3.229963064193725586e+00,3.167671680450439453e+00,3.108350515365600586e+00,3.052317380905151367e+00,2.998977899551391602e+00,2.948872327804565430e+00,2.901282787322998047e+00,2.856060981750488281e+00,2.813070535659790039e+00,2.772186994552612305e+00,2.733295917510986328e+00,2.696290731430053711e+00,2.661074399948120117e+00,2.627556085586547852e+00,2.595651388168334961e+00,2.565284729003906250e+00,2.536384582519531250e+00,2.508884191513061523e+00,2.482721090316772461e+00,2.457839727401733398e+00,2.434185504913330078e+00,2.411710262298583984e+00,2.390367746353149414e+00,2.370115518569946289e+00,2.350913286209106445e+00,2.332724809646606445e+00,2.315515518188476562e+00,2.299253463745117188e+00,2.283908605575561523e+00,2.269454717636108398e+00,2.255865335464477539e+00,2.243116855621337891e+00,2.231187105178833008e+00,2.220056533813476562e+00,2.209706068038940430e+00,2.200118541717529297e+00,2.191278934478759766e+00,2.183172225952148438e+00,2.175785541534423828e+00,2.169107198715209961e+00,2.163126707077026367e+00,2.157834529876708984e+00,2.153222322463989258e+00,2.149283409118652344e+00,2.146011114120483398e+00,2.143400907516479492e+00,2.141448497772216797e+00,2.140150785446166992e+00,2.139506101608276367e+00,2.139513254165649414e+00,2.140172481536865234e+00,2.141484260559082031e+00,2.143450975418090820e+00,2.146076202392578125e+00,2.149363040924072266e+00,2.153316974639892578e+00,2.157943725585937500e+00,2.163251161575317383e+00,2.169246912002563477e+00,2.175940513610839844e+00,2.183343172073364258e+00,2.191465616226196289e+00,2.200321674346923828e+00,2.209925651550292969e+00,2.220293045043945312e+00,2.231441020965576172e+00,2.243388175964355469e+00,2.256155252456665039e+00,2.269763708114624023e+00,2.284237623214721680e+00,2.299602031707763672e+00,2.315884351730346680e+00,2.333115100860595703e+00,2.351325273513793945e+00,2.370550632476806641e+00,2.386670351028442383e+00,2.330714225769042969e+00,2.255398273468017578e+00,2.185151576995849609e+00,2.119248867034912109e+00,2.058389425277709961e+00,2.001157999038696289e+00,1.947449922561645508e+00,1.897473573684692383e+00,1.850031733512878418e+00,1.806012749671936035e+00,1.764050245285034180e+00,1.724674820899963379e+00,1.687538743019104004e+00,1.652220249176025391e+00,1.618944287300109863e+00,1.587489843368530273e+00,1.557523488998413086e+00,1.529206633567810059e+00,1.502369165420532227e+00,1.477268338203430176e+00,1.453427910804748535e+00,1.430773496627807617e+00,1.409237027168273926e+00,1.388756275177001953e+00,1.369273304939270020e+00,1.350734829902648926e+00,1.333093166351318359e+00,1.316301584243774414e+00,1.300318837165832520e+00,1.285106182098388672e+00,1.270628571510314941e+00,1.256851792335510254e+00,1.243744969367980957e+00,1.231280446052551270e+00,1.219430804252624512e+00,1.208171367645263672e+00,1.197479724884033203e+00,1.187334060668945312e+00,1.177714467048645020e+00,1.168602824211120605e+00,1.159981608390808105e+00,1.151834964752197266e+00,1.144147992134094238e+00,1.136906862258911133e+00,1.130098938941955566e+00,1.123712539672851562e+00,1.117736220359802246e+00,1.112160205841064453e+00,1.106974959373474121e+00,1.102172374725341797e+00,1.097743749618530273e+00,1.093682885169982910e+00,1.089982271194458008e+00,1.086636543273925781e+00,1.083640813827514648e+00,1.080989480018615723e+00,1.078678965568542480e+00,1.076705813407897949e+00,1.075066447257995605e+00,1.073758721351623535e+00,1.072780609130859375e+00,1.072130680084228516e+00,1.071807742118835449e+00,esquerda
5.969378948211669922e+00,5.971218109130859375e+00,5.974878311157226562e+00,5.980366230010986328e+00,5.987690448760986328e+00,5.996860504150390625e+00,6.007892608642578125e+00,6.020801544189453125e+00,6.035609245300292969e+00,6.052338600158691406e+00,6.071014881134033203e+00,6.091668128967285156e+00,6.114330768585205078e+00,6.139039993286132812e+00,6.165835857391357422e+00,6.194761753082275391e+00,6.225865364074707031e+00,6.259198665618896484e+00,6.294820308685302734e+00,6.292028427124023438e+00,6.117800712585449219e+00,5.845713138580322266e+00,5.596985340118408203e+00,5.369804382324218750e+00,5.164014339447021484e+00,4.974187850952148438e+00,4.798701286315917969e+00,4.635527133941650391e+00,4.486199855804443359e+00,4.346933841705322266e+00,4.216293811798095703e+00,4.095664024353027344e+00,3.982238531112670898e+00,3.875808238983154297e+00,3.776789665222167969e+00,3.682806253433227539e+00,3.595620870590209961e+00,3.512525558471679688e+00,3.434568881988525391e+00,3.361066818237304688e+00,3.291178464889526367e+00,3.225352525711059570e+00,3.163150548934936523e+00,3.103913784027099609e+00,3.047960519790649414e+00,2.994713068008422852e+00,2.944679498672485352e+00,2.897157430648803711e+00,2.851999998092651367e+00,2.809070348739624023e+00,2.768245220184326172e+00,2.729409217834472656e+00,2.692456960678100586e+00,2.657290458679199219e+00,2.623819828033447266e+00,2.591960906982421875e+00,2.561636686325073242e+00,2.532777786254882812e+00,2.505317211151123047e+00,2.479191064834594727e+00,2.454345226287841797e+00,2.430724620819091797e+00,2.408280611038208008e+00,2.386968612670898438e+00,2.366745471954345703e+00,2.347570419311523438e+00,2.329407691955566406e+00,2.312223196029663086e+00,2.295984029769897461e+00,2.280661106109619141e+00,2.266227722167968750e+00,2.252657651901245117e+00,2.239926815032958984e+00,2.228014230728149414e+00,2.216899633407592773e+00,2.206563711166381836e+00,2.196990013122558594e+00,2.188163042068481445e+00,2.180068016052246094e+00,2.172691583633422852e+00,2.166022539138793945e+00,2.160050868988037109e+00,2.154766082763671875e+00,2.150160551071166992e+00,2.146227121353149414e+00,2.142959594726562500e+00,2.140352964401245117e+00,2.138403415679931641e+00,2.137107610702514648e+00,2.136464118957519531e+00,2.136471271514892578e+00,2.137129068374633789e+00,2.138438940048217773e+00,2.140403032302856445e+00,2.143024206161499023e+00,2.146306514739990234e+00,2.150254726409912109e+00,2.154875278472900391e+00,2.160175085067749023e+00,2.166162252426147461e+00,2.172846317291259766e+00,2.180238485336303711e+00,2.188349485397338867e+00,2.197192668914794922e+00,2.206783294677734375e+00,2.217135906219482422e+00,2.228267669677734375e+00,2.240198135375976562e+00,2.252947092056274414e+00,2.266536235809326172e+00,2.280989170074462891e+00,2.296332120895385742e+00,2.312591314315795898e+00,2.329797267913818359e+00,2.347981691360473633e+00,2.367180109024047852e+00,2.385609149932861328e+00,2.330809831619262695e+00,2.255487442016601562e+00,2.185234785079956055e+00,2.119326591491699219e+00,2.058461904525756836e+00,2.001226186752319336e+00,1.947513580322265625e+00,1.897533774375915527e+00,1.850088238716125488e+00,1.806065917015075684e+00,1.764100790023803711e+00,1.724722385406494141e+00,1.687583923339843750e+00,1.652262926101684570e+00,1.618984937667846680e+00,1.587528109550476074e+00,1.557559967041015625e+00,1.529241323471069336e+00,1.502368688583374023e+00,1.477267503738403320e+00,1.453427314758300781e+00,1.430772781372070312e+00,1.409236311912536621e+00,1.388755679130554199e+00,1.369272708892822266e+00,1.350734233856201172e+00,1.333092331886291504e+00,1.316300988197326660e+00,1.300318241119384766e+00,1.285105466842651367e+00,1.270627856254577637e+00,1.256851196289062500e+00,1.243744492530822754e+00,1.231279730796813965e+00,1.219429969787597656e+00,1.208170533180236816e+00,1.197479128837585449e+00,1.187333345413208008e+00,1.177713751792907715e+00,1.168601989746093750e+00,1.159980893135070801e+00,1.151834249496459961e+00,1.144147157669067383e+00,1.136906027793884277e+00,1.130098342895507812e+00,1.123711585998535156e+00,1.117735624313354492e+00,1.112159371376037598e+00,1.106974244117736816e+00,1.102171421051025391e+00,1.097743034362792969e+00,1.093682050704956055e+00,1.089981317520141602e+00,1.086635708808898926e+00,1.083639979362487793e+00,1.080988645553588867e+00,1.078678131103515625e+00,1.076704978942871094e+00,1.075065612792968750e+00,1.073757886886596680e+00,1.072779655456542969e+00,1.072129726409912109e+00,1.071806788444519043e+00,esquerda
5.969381332397460938e+00,5.971220493316650391e+00,5.974880218505859375e+00,5.980368137359619141e+00,5.987691879272460938e+00,5.996862411499023438e+00,6.007894515991210938e+00,6.020802974700927734e+00,6.035611152648925781e+00,6.052340030670166016e+00,6.071016311645507812e+00,6.091669559478759766e+00,6.114332199096679688e+00,6.139041900634765625e+00,6.165837287902832031e+00,6.194762706756591797e+00,6.225866317749023438e+00,6.259200096130371094e+00,6.294821262359619141e+00,6.288670063018798828e+00,6.108707427978515625e+00,5.837025642395019531e+00,5.588667869567871094e+00,5.361823558807373047e+00,5.156340599060058594e+00,4.966795921325683594e+00,4.791570186614990234e+00,4.628639221191406250e+00,4.479533195495605469e+00,4.340474605560302734e+00,4.210027694702148438e+00,4.089577198028564453e+00,3.976320505142211914e+00,3.870049238204956055e+00,3.771178960800170898e+00,3.677336215972900391e+00,3.590281486511230469e+00,3.507310152053833008e+00,3.429469823837280273e+00,3.356077671051025391e+00,3.286293506622314453e+00,3.220565319061279297e+00,3.158456087112426758e+00,3.099307775497436523e+00,3.043437957763671875e+00,2.990294456481933594e+00,2.940333843231201172e+00,2.892882347106933594e+00,2.847791194915771484e+00,2.804925441741943359e+00,2.764160156250000000e+00,2.725381851196289062e+00,2.688483715057373047e+00,2.653369188308715820e+00,2.619948387145996094e+00,2.588135719299316406e+00,2.557857275009155273e+00,2.529040575027465820e+00,2.501619815826416016e+00,2.475533008575439453e+00,2.450723171234130859e+00,2.427137136459350586e+00,2.404727220535278320e+00,2.383446693420410156e+00,2.363252878189086914e+00,2.344106674194335938e+00,2.325970888137817383e+00,2.308810949325561523e+00,2.292595863342285156e+00,2.277296066284179688e+00,2.262883424758911133e+00,2.249333143234252930e+00,2.236621856689453125e+00,2.224726676940917969e+00,2.213628053665161133e+00,2.203307628631591797e+00,2.193748235702514648e+00,2.184934139251708984e+00,2.176850795745849609e+00,2.169485569000244141e+00,2.162826538085937500e+00,2.156863451004028320e+00,2.151586532592773438e+00,2.146987915039062500e+00,2.143060207366943359e+00,2.139797449111938477e+00,2.137194395065307617e+00,2.135247945785522461e+00,2.133954286575317383e+00,2.133311271667480469e+00,2.133318185806274414e+00,2.133975744247436523e+00,2.135283708572387695e+00,2.137244701385498047e+00,2.139862060546875000e+00,2.143139600753784180e+00,2.147082328796386719e+00,2.151695728302001953e+00,2.156987190246582031e+00,2.162965536117553711e+00,2.169640064239501953e+00,2.177021503448486328e+00,2.185120344161987305e+00,2.193950891494750977e+00,2.203526973724365234e+00,2.213864088058471680e+00,2.224979877471923828e+00,2.236892700195312500e+00,2.249622821807861328e+00,2.263191699981689453e+00,2.277623653411865234e+00,2.292943716049194336e+00,2.309178590774536133e+00,2.326359510421752930e+00,2.344517469406127930e+00,2.363686561584472656e+00,2.383903264999389648e+00,2.330541372299194336e+00,2.255272865295410156e+00,2.185035228729248047e+00,2.119140386581420898e+00,2.058288097381591797e+00,2.001063108444213867e+00,1.947360992431640625e+00,1.897390246391296387e+00,1.849953174591064453e+00,1.805938839912414551e+00,1.763980984687805176e+00,1.724609255790710449e+00,1.687476992607116699e+00,1.652161836624145508e+00,1.618889093399047852e+00,1.587437272071838379e+00,1.557473659515380859e+00,1.529159665107727051e+00,1.502366304397583008e+00,1.477265238761901855e+00,1.453425049781799316e+00,1.430770754814147949e+00,1.409234285354614258e+00,1.388753652572631836e+00,1.369270682334899902e+00,1.350732445716857910e+00,1.333090424537658691e+00,1.316298961639404297e+00,1.300316214561462402e+00,1.285103559494018555e+00,1.270625948905944824e+00,1.256849169731140137e+00,1.243742704391479492e+00,1.231277942657470703e+00,1.219428420066833496e+00,1.208168864250183105e+00,1.197477340698242188e+00,1.187331795692443848e+00,1.177712202072143555e+00,1.168600440025329590e+00,1.159979343414306641e+00,1.151832818984985352e+00,1.144145727157592773e+00,1.136904597282409668e+00,1.130096793174743652e+00,1.123710274696350098e+00,1.117734074592590332e+00,1.112158060073852539e+00,1.106972813606262207e+00,1.102170228958129883e+00,1.097741723060607910e+00,1.093680620193481445e+00,1.089980125427246094e+00,1.086634516716003418e+00,1.083638548851013184e+00,1.080987334251403809e+00,1.078676939010620117e+00,1.076703786849975586e+00,1.075064301490783691e+00,1.073756694793701172e+00,1.072778463363647461e+00,1.072128534317016602e+00,1.071805596351623535e+00,esquerda
5.969380855560302734e+00,5.971220016479492188e+00,5.974879741668701172e+00,5.980367660522460938e+00,5.987691879272460938e+00,5.996862411499023438e+00,6.007894515991210938e+00,6.020802974700927734e+00,6.035611152648925781e+00,6.052340030670166016e+00,6.071016788482666016e+00,6.091670036315917969e+00,6.114332199096679688e+00,6.139042377471923828e+00,6.165837287902832031e+00,6.194763183593750000e+00,6.225867271423339844e+00,6.259200572967529297e+00,6.294822692871093750e+00,6.285297393798828125e+00,6.099564552307128906e+00,5.828262805938720703e+00,5.580255508422851562e+00,5.353734493255615234e+00,5.148543357849121094e+00,4.959269523620605469e+00,4.784295558929443359e+00,4.621597766876220703e+00,4.472708225250244141e+00,4.333850860595703125e+00,4.203593254089355469e+00,4.083317756652832031e+00,3.970229387283325195e+00,3.864122629165649414e+00,3.765405416488647461e+00,3.671707391738891602e+00,3.584786176681518555e+00,3.501943826675415039e+00,3.424223184585571289e+00,3.350943803787231445e+00,3.281267642974853516e+00,3.215640544891357422e+00,3.153626918792724609e+00,3.094568729400634766e+00,3.038784742355346680e+00,2.985753059387207031e+00,2.935868740081787109e+00,2.888489007949829102e+00,2.843466520309448242e+00,2.800665616989135742e+00,2.759962320327758789e+00,2.721242904663085938e+00,2.684401035308837891e+00,2.649339675903320312e+00,2.615969419479370117e+00,2.584205389022827148e+00,2.553972482681274414e+00,2.525199890136718750e+00,2.497820854187011719e+00,2.471773386001586914e+00,2.447001457214355469e+00,2.423451423645019531e+00,2.401075363159179688e+00,2.379827022552490234e+00,2.359664201736450195e+00,2.340546607971191406e+00,2.322438478469848633e+00,2.305304765701293945e+00,2.289114475250244141e+00,2.273837327957153320e+00,2.259447097778320312e+00,2.245917558670043945e+00,2.233225107192993164e+00,2.221348047256469727e+00,2.210266351699829102e+00,2.199961900711059570e+00,2.190416812896728516e+00,2.181616067886352539e+00,2.173545122146606445e+00,2.166190862655639648e+00,2.159542083740234375e+00,2.153588056564331055e+00,2.148319244384765625e+00,2.143727302551269531e+00,2.139805793762207031e+00,2.136548042297363281e+00,2.133949041366577148e+00,2.132005214691162109e+00,2.130713462829589844e+00,2.130071640014648438e+00,2.130078792572021484e+00,2.130734920501708984e+00,2.132041215896606445e+00,2.133999109268188477e+00,2.136612415313720703e+00,2.139885187149047852e+00,2.143821477890014648e+00,2.148427963256835938e+00,2.153711795806884766e+00,2.159681320190429688e+00,2.166345357894897461e+00,2.173715353012084961e+00,2.181802034378051758e+00,2.190619230270385742e+00,2.200180768966674805e+00,2.210502147674560547e+00,2.221601009368896484e+00,2.233495712280273438e+00,2.246206283569335938e+00,2.259754896163940430e+00,2.274164676666259766e+00,2.289461612701416016e+00,2.305672168731689453e+00,2.322826623916625977e+00,2.340956926345825195e+00,2.360097408294677734e+00,2.380283355712890625e+00,2.330480575561523438e+00,2.255455732345581055e+00,2.185206174850463867e+00,2.119301319122314453e+00,2.058439254760742188e+00,2.001205921173095703e+00,1.947495818138122559e+00,1.897517800331115723e+00,1.850074291229248047e+00,1.806053757667541504e+00,1.764090061187744141e+00,1.724713087081909180e+00,1.687576174736022949e+00,1.652256369590759277e+00,1.618979334831237793e+00,1.587523579597473145e+00,1.557556390762329102e+00,1.529238820075988770e+00,1.502366781234741211e+00,1.477265715599060059e+00,1.453425526618957520e+00,1.430771112442016602e+00,1.409234523773193359e+00,1.388753890991210938e+00,1.369271039962768555e+00,1.350732564926147461e+00,1.333090901374816895e+00,1.316299438476562500e+00,1.300316691398620605e+00,1.285104036331176758e+00,1.270626425743103027e+00,1.256849646568298340e+00,1.243743062019348145e+00,1.231278419494628906e+00,1.219428658485412598e+00,1.208169341087341309e+00,1.197477698326110840e+00,1.187332034111022949e+00,1.177712440490722656e+00,1.168600916862487793e+00,1.159979581832885742e+00,1.151833057403564453e+00,1.144145965576171875e+00,1.136904835700988770e+00,1.130097150802612305e+00,1.123710513114929199e+00,1.117734432220458984e+00,1.112158298492431641e+00,1.106973171234130859e+00,1.102170467376708984e+00,1.097741961479187012e+00,1.093680858612060547e+00,1.089980363845825195e+00,1.086634874343872070e+00,1.083638906478881836e+00,1.080987691879272461e+00,1.078677177429199219e+00,1.076704025268554688e+00,1.075064659118652344e+00,1.073757052421569824e+00,1.072778820991516113e+00,1.072128891944885254e+00,1.071805953979492188e+00,esquerda
5.969382286071777344e+00,5.971220970153808594e+00,5.974881172180175781e+00,5.980369091033935547e+00,5.987693309783935547e+00,5.996863842010498047e+00,6.007895469665527344e+00,6.020804882049560547e+00,6.035612583160400391e+00,6.052341461181640625e+00,6.071017742156982422e+00,6.091670989990234375e+00,6.114333152770996094e+00,6.139043331146240234e+00,6.165839195251464844e+00,6.194765090942382812e+00,6.225868225097656250e+00,6.259202957153320312e+00,6.294824123382568359e+00,6.281761646270751953e+00,6.089990139007568359e+00,5.819115638732910156e+00,5.571497440338134766e+00,5.345331192016601562e+00,5.140460968017578125e+00,4.951484680175781250e+00,4.776784896850585938e+00,4.614342689514160156e+00,4.465686321258544922e+00,4.327046394348144531e+00,4.196993350982666016e+00,4.076906204223632812e+00,3.963995695114135742e+00,3.858056545257568359e+00,3.759495973587036133e+00,3.665946483612060547e+00,3.579163789749145508e+00,3.496452093124389648e+00,3.418854475021362305e+00,3.345691442489624023e+00,3.276124715805053711e+00,3.210601806640625000e+00,3.148685693740844727e+00,3.089720964431762695e+00,3.034024715423583984e+00,2.981107950210571289e+00,2.931301355361938477e+00,2.883995294570922852e+00,2.839042663574218750e+00,2.796308755874633789e+00,2.755668878555297852e+00,2.717009305953979492e+00,2.680224657058715820e+00,2.645218133926391602e+00,2.611899852752685547e+00,2.580184936523437500e+00,2.549999237060546875e+00,2.521271467208862305e+00,2.493935108184814453e+00,2.467927932739257812e+00,2.443194627761840820e+00,2.419681310653686523e+00,2.397340059280395508e+00,2.376124620437622070e+00,2.355993270874023438e+00,2.336905479431152344e+00,2.318825244903564453e+00,2.301718473434448242e+00,2.285553455352783203e+00,2.270300149917602539e+00,2.255931854248046875e+00,2.242423295974731445e+00,2.229750871658325195e+00,2.217892169952392578e+00,2.206828117370605469e+00,2.196539163589477539e+00,2.187008857727050781e+00,2.178221940994262695e+00,2.170163631439208984e+00,2.162820816040039062e+00,2.156182289123535156e+00,2.150237560272216797e+00,2.144976854324340820e+00,2.140392303466796875e+00,2.136476755142211914e+00,2.133224010467529297e+00,2.130629301071166992e+00,2.128688573837280273e+00,2.127398490905761719e+00,2.126757621765136719e+00,2.126764774322509766e+00,2.127419948577880859e+00,2.128724098205566406e+00,2.130679130554199219e+00,2.133288383483886719e+00,2.136555910110473633e+00,2.140486240386962891e+00,2.145085573196411133e+00,2.150361299514770508e+00,2.156321287155151367e+00,2.162975072860717773e+00,2.170333623886108398e+00,2.178407907485961914e+00,2.187211036682128906e+00,2.196757793426513672e+00,2.207063436508178711e+00,2.218144893646240234e+00,2.230020761489868164e+00,2.242712020874023438e+00,2.256239175796508789e+00,2.270626783370971680e+00,2.285899639129638672e+00,2.302084922790527344e+00,2.319213151931762695e+00,2.337314844131469727e+00,2.356425762176513672e+00,2.376580238342285156e+00,2.330251455307006836e+00,2.255473375320434570e+00,2.185221910476684570e+00,2.119314908981323242e+00,2.058451175689697266e+00,2.001215934753417969e+00,1.947504281997680664e+00,1.897525191307067871e+00,1.850080251693725586e+00,1.806058645248413086e+00,1.764093995094299316e+00,1.724715948104858398e+00,1.687578201293945312e+00,1.652257561683654785e+00,1.618979930877685547e+00,1.587523460388183594e+00,1.557555675506591797e+00,1.529237508773803711e+00,1.502364516258239746e+00,1.477263569831848145e+00,1.453423380851745605e+00,1.430768847465515137e+00,1.409232497215270996e+00,1.388751745223999023e+00,1.369269132614135742e+00,1.350730776786804199e+00,1.333088994026184082e+00,1.316297531127929688e+00,1.300314784049987793e+00,1.285102128982543945e+00,1.270624637603759766e+00,1.256847739219665527e+00,1.243741273880004883e+00,1.231276631355285645e+00,1.219426870346069336e+00,1.208167552947998047e+00,1.197476029396057129e+00,1.187330365180969238e+00,1.177710890769958496e+00,1.168599009513854980e+00,1.159977912902832031e+00,1.151831269264221191e+00,1.144144296646118164e+00,1.136903166770935059e+00,1.130095481872558594e+00,1.123708844184875488e+00,1.117732763290405273e+00,1.112156748771667480e+00,1.106971621513366699e+00,1.102168917655944824e+00,1.097740292549133301e+00,1.093679308891296387e+00,1.089978814125061035e+00,1.086633324623107910e+00,1.083637356758117676e+00,1.080986022949218750e+00,1.078675627708435059e+00,1.076702475547790527e+00,1.075063109397888184e+00,1.073755502700805664e+00,1.072777271270751953e+00,1.072127342224121094e+00,1.071804404258728027e+00,esquerda
5.969382762908935547e+00,5.971221923828125000e+00,5.974881649017333984e+00,5.980370044708251953e+00,5.987693786621093750e+00,5.996864318847656250e+00,6.007895946502685547e+00,6.020805358886718750e+00,6.035613059997558594e+00,6.052341938018798828e+00,6.071018695831298828e+00,6.091671466827392578e+00,6.114333629608154297e+00,6.139043807983398438e+00,6.165839672088623047e+00,6.194765567779541016e+00,6.225868701934814453e+00,6.259203433990478516e+00,6.294824600219726562e+00,6.278344631195068359e+00,6.080748081207275391e+00,5.810303688049316406e+00,5.563077926635742188e+00,5.337267875671386719e+00,5.132721424102783203e+00,4.944040775299072266e+00,4.769613742828369141e+00,4.607425212860107422e+00,4.458999633789062500e+00,4.320574760437011719e+00,4.190722942352294922e+00,4.070821762084960938e+00,3.958079099655151367e+00,3.852286577224731445e+00,3.753860712051391602e+00,3.660439968109130859e+00,3.573776483535766602e+00,3.491178512573242188e+00,3.413688898086547852e+00,3.340627193450927734e+00,3.271157264709472656e+00,3.205725669860839844e+00,3.143896102905273438e+00,3.085013628005981445e+00,3.029395580291748047e+00,2.976387023925781250e+00,2.926659107208251953e+00,2.879427909851074219e+00,2.834546566009521484e+00,2.791879892349243164e+00,2.751304388046264648e+00,2.712706565856933594e+00,2.675979852676391602e+00,2.641028881072998047e+00,2.607762813568115234e+00,2.576098680496215820e+00,2.545960426330566406e+00,2.517278194427490234e+00,2.489984750747680664e+00,2.464018821716308594e+00,2.439324855804443359e+00,2.415848731994628906e+00,2.393542528152465820e+00,2.372361183166503906e+00,2.352261304855346680e+00,2.333203554153442383e+00,2.315152168273925781e+00,2.298072576522827148e+00,2.281932830810546875e+00,2.266703844070434570e+00,2.252358436584472656e+00,2.238871097564697266e+00,2.226218700408935547e+00,2.214379072189331055e+00,2.203331947326660156e+00,2.193059682846069336e+00,2.183544635772705078e+00,2.174771308898925781e+00,2.166725873947143555e+00,2.159394979476928711e+00,2.152766942977905273e+00,2.146831035614013672e+00,2.141578674316406250e+00,2.137001514434814453e+00,2.133091926574707031e+00,2.129844427108764648e+00,2.127253532409667969e+00,2.125316143035888672e+00,2.124028205871582031e+00,2.123388528823852539e+00,2.123395681381225586e+00,2.124049663543701172e+00,2.125351905822753906e+00,2.127303600311279297e+00,2.129908800125122070e+00,2.133171081542968750e+00,2.137094736099243164e+00,2.141686916351318359e+00,2.146954298019409180e+00,2.152904987335205078e+00,2.159547805786132812e+00,2.166894912719726562e+00,2.174956560134887695e+00,2.183745622634887695e+00,2.193277120590209961e+00,2.203566074371337891e+00,2.214630603790283203e+00,2.226487874984741211e+00,2.239158391952514648e+00,2.252664089202880859e+00,2.267029047012329102e+00,2.282277822494506836e+00,2.298437356948852539e+00,2.315538406372070312e+00,2.333611249923706055e+00,2.352691888809204102e+00,2.372814655303955078e+00,2.330002784729003906e+00,2.255475997924804688e+00,2.185222864151000977e+00,2.119314432144165039e+00,2.058449983596801758e+00,2.001213788986206055e+00,1.947501182556152344e+00,1.897521257400512695e+00,1.850075721740722656e+00,1.806053638458251953e+00,1.764088392257690430e+00,1.724709749221801758e+00,1.687571525573730469e+00,1.652250528335571289e+00,1.618972420692443848e+00,1.587515711784362793e+00,1.557547688484191895e+00,1.529229044914245605e+00,1.502363801002502441e+00,1.477262854576110840e+00,1.453422784805297852e+00,1.430768251419067383e+00,1.409231781959533691e+00,1.388751149177551270e+00,1.369268417358398438e+00,1.350730061531066895e+00,1.333088278770446777e+00,1.316296458244323730e+00,1.300314068794250488e+00,1.285101413726806641e+00,1.270623564720153809e+00,1.256846904754638672e+00,1.243740558624267578e+00,1.231275796890258789e+00,1.219426035881042480e+00,1.208166956901550293e+00,1.197475075721740723e+00,1.187329530715942383e+00,1.177710056304931641e+00,1.168598294258117676e+00,1.159977078437805176e+00,1.151830673217773438e+00,1.144143462181091309e+00,1.136902451515197754e+00,1.130094647407531738e+00,1.123708128929138184e+00,1.117731809616088867e+00,1.112155914306640625e+00,1.106970667839050293e+00,1.102167963981628418e+00,1.097739338874816895e+00,1.093678474426269531e+00,1.089977979660034180e+00,1.086632370948791504e+00,1.083636403083801270e+00,1.080985069274902344e+00,1.078674674034118652e+00,1.076701521873474121e+00,1.075062155723571777e+00,1.073754429817199707e+00,1.072776198387145996e+00,1.072126269340515137e+00,1.071803331375122070e+00,esquerda
5.969382762908935547e+00,5.971221923828125000e+00,5.974881172180175781e+00,5.980369567871093750e+00,5.987693309783935547e+00,5.996863842010498047e+00,6.007895946502685547e+00,6.020804882049560547e+00,6.035612583160400391e+00,6.052341461181640625e+00,6.071018218994140625e+00,6.091671466827392578e+00,6.114334106445312500e+00,6.139043807983398438e+00,6.165839195251464844e+00,6.194765090942382812e+00,6.225868701934814453e+00,6.259202957153320312e+00,6.294824123382568359e+00,6.274788379669189453e+00,6.071105957031250000e+00,5.801061630249023438e+00,5.554203987121582031e+00,5.328731536865234375e+00,5.124492168426513672e+00,4.936096191406250000e+00,4.761934280395507812e+00,4.599992275238037109e+00,4.451792240142822266e+00,4.313579082489013672e+00,4.183926582336425781e+00,4.064208984375000000e+00,3.951643943786621094e+00,3.846024513244628906e+00,3.747760772705078125e+00,3.654493331909179688e+00,3.567972660064697266e+00,3.485510587692260742e+00,3.408148050308227539e+00,3.335206031799316406e+00,3.265850305557250977e+00,3.200525283813476562e+00,3.138797283172607422e+00,3.080010890960693359e+00,3.024483680725097656e+00,2.971599817276000977e+00,2.921952009201049805e+00,2.874796628952026367e+00,2.829988002777099609e+00,2.787389755249023438e+00,2.746879577636718750e+00,2.708343267440795898e+00,2.671675920486450195e+00,2.636780977249145508e+00,2.603569030761718750e+00,2.571955680847167969e+00,2.541865825653076172e+00,2.513229846954345703e+00,2.485980510711669922e+00,2.460056066513061523e+00,2.435402154922485352e+00,2.411963939666748047e+00,2.389693498611450195e+00,2.368546009063720703e+00,2.348479032516479492e+00,2.329451560974121094e+00,2.311429262161254883e+00,2.294377088546752930e+00,2.278263330459594727e+00,2.263058662414550781e+00,2.248736858367919922e+00,2.235270977020263672e+00,2.222638845443725586e+00,2.210818529129028320e+00,2.199789524078369141e+00,2.189532995223999023e+00,2.180033445358276367e+00,2.171274900436401367e+00,2.163241863250732422e+00,2.155922412872314453e+00,2.149305343627929688e+00,2.143379449844360352e+00,2.138135194778442383e+00,2.133565187454223633e+00,2.129662275314331055e+00,2.126420259475708008e+00,2.123833179473876953e+00,2.121898889541625977e+00,2.120613336563110352e+00,2.119974613189697266e+00,2.119981527328491211e+00,2.120634555816650391e+00,2.121934652328491211e+00,2.123883485794067383e+00,2.126484394073486328e+00,2.129741430282592773e+00,2.133659362792968750e+00,2.138243913650512695e+00,2.143502712249755859e+00,2.149443864822387695e+00,2.156076431274414062e+00,2.163411617279052734e+00,2.171459913253784180e+00,2.180234909057617188e+00,2.189751386642456055e+00,2.200024127960205078e+00,2.211070299148559570e+00,2.222908496856689453e+00,2.235558748245239258e+00,2.249043226242065430e+00,2.263384819030761719e+00,2.278608798980712891e+00,2.294742584228515625e+00,2.311816215515136719e+00,2.329859972000122070e+00,2.348910093307495117e+00,2.369000434875488281e+00,2.329610347747802734e+00,2.255340099334716797e+00,2.185097455978393555e+00,2.119198560714721680e+00,2.058342218399047852e+00,2.001113891601562500e+00,1.947408318519592285e+00,1.897434830665588379e+00,1.849994897842407227e+00,1.805978178977966309e+00,1.764018177986145020e+00,1.724644064903259277e+00,1.687509894371032715e+00,1.652192831039428711e+00,1.618918538093566895e+00,1.587465047836303711e+00,1.557500123977661133e+00,1.529184579849243164e+00,1.502364158630371094e+00,1.477263212203979492e+00,1.453422904014587402e+00,1.430768728256225586e+00,1.409232139587402344e+00,1.388751506805419922e+00,1.369268536567687988e+00,1.350730299949645996e+00,1.333088517189025879e+00,1.316296935081481934e+00,1.300314426422119141e+00,1.285101771354675293e+00,1.270624041557312012e+00,1.256847262382507324e+00,1.243740916252136230e+00,1.231276035308837891e+00,1.219426512718200684e+00,1.208167195320129395e+00,1.197475314140319824e+00,1.187329769134521484e+00,1.177710294723510742e+00,1.168598532676696777e+00,1.159977436065673828e+00,1.151830792427062988e+00,1.144143819808959961e+00,1.136902689933776855e+00,1.130094885826110840e+00,1.123708248138427734e+00,1.117732167243957520e+00,1.112156033515930176e+00,1.106970906257629395e+00,1.102168083190917969e+00,1.097739577293395996e+00,1.093678712844848633e+00,1.089978098869323730e+00,1.086632609367370605e+00,1.083636641502380371e+00,1.080985426902770996e+00,1.078675031661987305e+00,1.076701760292053223e+00,1.075062394142150879e+00,1.073754668235778809e+00,1.072776556015014648e+00,1.072126626968383789e+00,1.071803569793701172e+00,esquerda
5.969383716583251953e+00,5.971222877502441406e+00,5.974882602691650391e+00,5.980370998382568359e+00,5.987695693969726562e+00,5.996865272521972656e+00,6.007897377014160156e+00,6.020806312561035156e+00,6.035614013671875000e+00,6.052342891693115234e+00,6.071019649505615234e+00,6.091672420501708984e+00,6.114335060119628906e+00,6.139044761657714844e+00,6.165840625762939453e+00,6.194766998291015625e+00,6.225870132446289062e+00,6.259204387664794922e+00,6.294825553894042969e+00,6.271068096160888672e+00,6.061035156250000000e+00,5.791446208953857422e+00,5.545003890991210938e+00,5.319910526275634766e+00,5.116014003753662109e+00,4.927933692932128906e+00,4.754063129425048828e+00,4.592392444610595703e+00,4.444440364837646484e+00,4.306458473205566406e+00,4.177021980285644531e+00,4.057504177093505859e+00,3.945126533508300781e+00,3.839684486389160156e+00,3.741584777832031250e+00,3.648473739624023438e+00,3.562097787857055664e+00,3.479773521423339844e+00,3.402539730072021484e+00,3.329719543457031250e+00,3.260478973388671875e+00,3.195263147354125977e+00,3.133637666702270508e+00,3.074949026107788086e+00,3.019514083862304688e+00,2.966765165328979492e+00,2.917198419570922852e+00,2.870119571685791016e+00,2.825383663177490234e+00,2.782855033874511719e+00,2.742410659790039062e+00,2.703937530517578125e+00,2.667329788208007812e+00,2.632491588592529297e+00,2.599333047866821289e+00,2.567771434783935547e+00,2.537730693817138672e+00,2.509140968322753906e+00,2.481936454772949219e+00,2.456053733825683594e+00,2.431440114974975586e+00,2.408040046691894531e+00,2.385805606842041016e+00,2.364692926406860352e+00,2.344658374786376953e+00,2.325662136077880859e+00,2.307668924331665039e+00,2.290644645690917969e+00,2.274557352066040039e+00,2.259377479553222656e+00,2.245078325271606445e+00,2.231634855270385742e+00,2.219022989273071289e+00,2.207221508026123047e+00,2.196210622787475586e+00,2.185971498489379883e+00,2.176487207412719727e+00,2.167742252349853516e+00,2.159722805023193359e+00,2.152415513992309570e+00,2.145808696746826172e+00,2.139892578125000000e+00,2.134657382965087891e+00,2.130094766616821289e+00,2.126197814941406250e+00,2.122960805892944336e+00,2.120378255844116211e+00,2.118447065353393555e+00,2.117163419723510742e+00,2.116525888442993164e+00,2.116532802581787109e+00,2.117184638977050781e+00,2.118482589721679688e+00,2.120428323745727539e+00,2.123025178909301758e+00,2.126276731491088867e+00,2.130187988281250000e+00,2.134765386581420898e+00,2.140015602111816406e+00,2.145946979522705078e+00,2.152568578720092773e+00,2.159891843795776367e+00,2.167927265167236328e+00,2.176687955856323242e+00,2.186188936233520508e+00,2.196444988250732422e+00,2.207473278045654297e+00,2.219292163848876953e+00,2.231921911239624023e+00,2.245383977890014648e+00,2.259702444076538086e+00,2.274901866912841797e+00,2.291009426116943359e+00,2.308054924011230469e+00,2.326069831848144531e+00,2.345088481903076172e+00,2.365146160125732422e+00,2.329488039016723633e+00,2.255476713180541992e+00,2.185225009918212891e+00,2.119317531585693359e+00,2.058454036712646484e+00,2.001218795776367188e+00,1.947507143020629883e+00,1.897527933120727539e+00,1.850082993507385254e+00,1.806061267852783203e+00,1.764096617698669434e+00,1.724718570709228516e+00,1.687580823898315430e+00,1.652260065078735352e+00,1.618982315063476562e+00,1.587526082992553711e+00,1.557558059692382812e+00,1.529239892959594727e+00,1.502363204956054688e+00,1.477262258529663086e+00,1.453422069549560547e+00,1.430767774581909180e+00,1.409231305122375488e+00,1.388750553131103516e+00,1.369267821311950684e+00,1.350729465484619141e+00,1.333087682723999023e+00,1.316295981407165527e+00,1.300313472747802734e+00,1.285101056098937988e+00,1.270623207092285156e+00,1.256846427917480469e+00,1.243740200996398926e+00,1.231275200843811035e+00,1.219425678253173828e+00,1.208166360855102539e+00,1.197474598884582520e+00,1.187329053878784180e+00,1.177709698677062988e+00,1.168597698211669922e+00,1.159976601600646973e+00,1.151829957962036133e+00,1.144142985343933105e+00,1.136901974678039551e+00,1.130094170570373535e+00,1.123707652091979980e+00,1.117731332778930664e+00,1.112155437469482422e+00,1.106970071792602539e+00,1.102167606353759766e+00,1.097738981246948242e+00,1.093678116798400879e+00,1.089977502822875977e+00,1.086632013320922852e+00,1.083636045455932617e+00,1.080984711647033691e+00,1.078674316406250000e+00,1.076701045036315918e+00,1.075061678886413574e+00,1.073753952980041504e+00,1.072775840759277344e+00,1.072125911712646484e+00,1.071802973747253418e+00,esquerda
5.969384670257568359e+00,5.971223831176757812e+00,5.974883556365966797e+00,5.980371952056884766e+00,5.987696647644042969e+00,5.996866226196289062e+00,6.007898330688476562e+00,6.020807266235351562e+00,6.035615444183349609e+00,6.052344322204589844e+00,6.071020603179931641e+00,6.091673374176025391e+00,6.114336013793945312e+00,6.139046192169189453e+00,6.165842056274414062e+00,6.194767951965332031e+00,6.225871562957763672e+00,6.259205341339111328e+00,6.294826507568359375e+00,6.267350196838378906e+00,6.050967693328857422e+00,5.781823635101318359e+00,5.535788536071777344e+00,5.311067104339599609e+00,5.107507705688476562e+00,4.919738292694091797e+00,4.746154785156250000e+00,4.584750175476074219e+00,4.437044143676757812e+00,4.299289703369140625e+00,4.170067310333251953e+00,4.050747394561767578e+00,3.938556909561157227e+00,3.833292484283447266e+00,3.735358953475952148e+00,3.642405271530151367e+00,3.556174516677856445e+00,3.473989009857177734e+00,3.396885633468627930e+00,3.324187755584716797e+00,3.255064249038696289e+00,3.189957618713378906e+00,3.128435134887695312e+00,3.069845199584960938e+00,3.014503479003906250e+00,2.961891174316406250e+00,2.912405252456665039e+00,2.865404367446899414e+00,2.820741415023803711e+00,2.778283119201660156e+00,2.737905025482177734e+00,2.699495315551757812e+00,2.662947416305541992e+00,2.628166437149047852e+00,2.595062971115112305e+00,2.563552618026733398e+00,2.533561468124389648e+00,2.505018711090087891e+00,2.477858543395996094e+00,2.452018976211547852e+00,2.427445411682128906e+00,2.404083728790283203e+00,2.381886243820190430e+00,2.360807418823242188e+00,2.340806007385253906e+00,2.321841001510620117e+00,2.303877592086791992e+00,2.286880970001220703e+00,2.270820140838623047e+00,2.255665302276611328e+00,2.241389513015747070e+00,2.227968215942382812e+00,2.215377569198608398e+00,2.203595161437988281e+00,2.192602396011352539e+00,2.182379961013793945e+00,2.172910928726196289e+00,2.164180755615234375e+00,2.156174421310424805e+00,2.148878812789916992e+00,2.142283201217651367e+00,2.136376857757568359e+00,2.131150007247924805e+00,2.126594781875610352e+00,2.122704505920410156e+00,2.119472742080688477e+00,2.116894721984863281e+00,2.114966392517089844e+00,2.113684892654418945e+00,2.113048315048217773e+00,2.113055467605590820e+00,2.113706111907958984e+00,2.115002155303955078e+00,2.116944551467895508e+00,2.119537115097045898e+00,2.122783184051513672e+00,2.126688241958618164e+00,2.131258010864257812e+00,2.136499643325805664e+00,2.142421245574951172e+00,2.149032115936279297e+00,2.156343221664428711e+00,2.164365530014038086e+00,2.173111915588378906e+00,2.182596921920776367e+00,2.192836046218872070e+00,2.203846216201782227e+00,2.215645790100097656e+00,2.228254795074462891e+00,2.241695165634155273e+00,2.255989789962768555e+00,2.271164417266845703e+00,2.287245273590087891e+00,2.304262876510620117e+00,2.322248220443725586e+00,2.341235637664794922e+00,2.361260414123535156e+00,2.329201459884643555e+00,2.255448341369628906e+00,2.185197114944458008e+00,2.119290113449096680e+00,2.058426618576049805e+00,2.001191854476928711e+00,1.947480559349060059e+00,1.897501587867736816e+00,1.850057125091552734e+00,1.806035757064819336e+00,1.764071345329284668e+00,1.724693417549133301e+00,1.687555909156799316e+00,1.652235627174377441e+00,1.618957996368408203e+00,1.587502002716064453e+00,1.557534456253051758e+00,1.529216289520263672e+00,1.502360820770263672e+00,1.477259993553161621e+00,1.453419685363769531e+00,1.430765509605407715e+00,1.409229040145874023e+00,1.388748526573181152e+00,1.369265675544738770e+00,1.350727319717407227e+00,1.333085656166076660e+00,1.316294074058532715e+00,1.300311684608459473e+00,1.285099029541015625e+00,1.270621299743652344e+00,1.256844520568847656e+00,1.243738174438476562e+00,1.231273412704467773e+00,1.219423770904541016e+00,1.208164572715759277e+00,1.197472810745239258e+00,1.187327265739440918e+00,1.177707910537719727e+00,1.168596029281616211e+00,1.159974932670593262e+00,1.151828289031982422e+00,1.144141435623168945e+00,1.136900424957275391e+00,1.130092620849609375e+00,1.123706102371215820e+00,1.117730021476745605e+00,1.112153887748718262e+00,1.106968760490417480e+00,1.102166056632995605e+00,1.097737669944763184e+00,1.093676686286926270e+00,1.089976072311401367e+00,1.086630582809448242e+00,1.083634614944458008e+00,1.080983400344848633e+00,1.078672885894775391e+00,1.076699733734130859e+00,1.075060367584228516e+00,1.073752760887145996e+00,1.072774529457092285e+00,1.072124600410461426e+00,1.071801662445068359e+00,esquerda
5.969385147094726562e+00,5.971224308013916016e+00,5.974884510040283203e+00,5.980372905731201172e+00,5.987697124481201172e+00,5.996866703033447266e+00,6.007898807525634766e+00,6.020807743072509766e+00,6.035615921020507812e+00,6.052344799041748047e+00,6.071021080017089844e+00,6.091674327850341797e+00,6.114336490631103516e+00,6.139046669006347656e+00,6.165842533111572266e+00,6.194768428802490234e+00,6.225872039794921875e+00,6.259205818176269531e+00,6.294827461242675781e+00,6.263741016387939453e+00,6.041210174560546875e+00,5.772530555725097656e+00,5.526916980743408203e+00,5.302578449249267578e+00,5.099364280700683594e+00,4.911913394927978516e+00,4.738622188568115234e+00,4.577488422393798828e+00,4.430028438568115234e+00,4.292503833770751953e+00,4.163496494293212891e+00,4.044374942779541016e+00,3.932363748550415039e+00,3.827253818511962891e+00,3.729463100433349609e+00,3.636645317077636719e+00,3.550540924072265625e+00,3.468476295471191406e+00,3.391486406326293945e+00,3.318895578384399414e+00,3.249873876571655273e+00,3.184863567352294922e+00,3.123432874679565430e+00,3.064929008483886719e+00,3.009669542312622070e+00,2.956982851028442383e+00,2.907578945159912109e+00,2.860655546188354492e+00,2.816066980361938477e+00,2.773678779602050781e+00,2.733367681503295898e+00,2.695021390914916992e+00,2.658534288406372070e+00,2.623811006546020508e+00,2.590762376785278320e+00,2.559304237365722656e+00,2.529362678527832031e+00,2.500867366790771484e+00,2.473752021789550781e+00,2.447955369949340820e+00,2.423422574996948242e+00,2.400099515914916992e+00,2.377938747406005859e+00,2.356895208358764648e+00,2.336926937103271484e+00,2.317993402481079102e+00,2.300059556961059570e+00,2.283091068267822266e+00,2.267056941986083984e+00,2.251927137374877930e+00,2.237675428390502930e+00,2.224276065826416016e+00,2.211706161499023438e+00,2.199943304061889648e+00,2.188968658447265625e+00,2.178763151168823242e+00,2.169310092926025391e+00,2.160594224929809570e+00,2.152601003646850586e+00,2.145317792892456055e+00,2.138732910156250000e+00,2.132836341857910156e+00,2.127618074417114258e+00,2.123070478439331055e+00,2.119186878204345703e+00,2.115960359573364258e+00,2.113386631011962891e+00,2.111461400985717773e+00,2.110182046890258789e+00,2.109546661376953125e+00,2.109553813934326172e+00,2.110203266143798828e+00,2.111497163772583008e+00,2.113436222076416016e+00,2.116024255752563477e+00,2.119265079498291016e+00,2.123163938522338867e+00,2.127726316452026367e+00,2.132958889007568359e+00,2.138870716094970703e+00,2.145470857620239258e+00,2.152769565582275391e+00,2.160778522491455078e+00,2.169510602951049805e+00,2.178980350494384766e+00,2.189202308654785156e+00,2.200194120407104492e+00,2.211974382400512695e+00,2.224562168121337891e+00,2.237980127334594727e+00,2.252251386642456055e+00,2.267400741577148438e+00,2.283454895019531250e+00,2.300444602966308594e+00,2.318400144577026367e+00,2.337355852127075195e+00,2.357347488403320312e+00,2.328778505325317383e+00,2.255288362503051758e+00,2.185048341751098633e+00,2.119152069091796875e+00,2.058298349380493164e+00,2.001072168350219727e+00,1.947368621826171875e+00,1.897396922111511230e+00,1.849958896636962891e+00,1.805943608283996582e+00,1.763984799385070801e+00,1.724612236022949219e+00,1.687479496002197266e+00,1.652163624763488770e+00,1.618890166282653809e+00,1.587437987327575684e+00,1.557473897933959961e+00,1.529158949851989746e+00,1.502360105514526367e+00,1.477259278297424316e+00,1.453419208526611328e+00,1.430764913558959961e+00,1.409228444099426270e+00,1.388747811317443848e+00,1.369264841079711914e+00,1.350726604461669922e+00,1.333084821701049805e+00,1.316293597221374512e+00,1.300310969352722168e+00,1.285098195075988770e+00,1.270620584487915039e+00,1.256843924522399902e+00,1.243737459182739258e+00,1.231272816658020020e+00,1.219423055648803711e+00,1.208163857460021973e+00,1.197472095489501953e+00,1.187326669692993164e+00,1.177707195281982422e+00,1.168595314025878906e+00,1.159974336624145508e+00,1.151827692985534668e+00,1.144140601158142090e+00,1.136899709701538086e+00,1.130091786384582520e+00,1.123705267906188965e+00,1.117729067802429199e+00,1.112153172492980957e+00,1.106967806816101074e+00,1.102165341377258301e+00,1.097736716270446777e+00,1.093675851821899414e+00,1.089975237846374512e+00,1.086629748344421387e+00,1.083633780479431152e+00,1.080982565879821777e+00,1.078671932220458984e+00,1.076698899269104004e+00,1.075059533119201660e+00,1.073751926422119141e+00,1.072773694992065430e+00,1.072123765945434570e+00,1.071800708770751953e+00,esquerda
5.969386100769042969e+00,5.971224784851074219e+00,5.974884986877441406e+00,5.980373382568359375e+00,5.987697601318359375e+00,5.996867179870605469e+00,6.007899284362792969e+00,6.020808219909667969e+00,6.035616397857666016e+00,6.052345275878906250e+00,6.071021556854248047e+00,6.091674804687500000e+00,6.114336967468261719e+00,6.139047145843505859e+00,6.165843009948730469e+00,6.194769382476806641e+00,6.225872516632080078e+00,6.259206295013427734e+00,6.294827938079833984e+00,6.260013580322265625e+00,6.031113147735595703e+00,5.762869358062744141e+00,5.517655372619628906e+00,5.293682575225830078e+00,5.090800285339355469e+00,4.903655052185058594e+00,4.730648040771484375e+00,4.569778442382812500e+00,4.422561168670654297e+00,4.285262584686279297e+00,4.156467437744140625e+00,4.037541389465332031e+00,3.925717353820800781e+00,3.820787668228149414e+00,3.723164319992065430e+00,3.630505323410034180e+00,3.544548273086547852e+00,3.462624311447143555e+00,3.385765552520751953e+00,3.313298940658569336e+00,3.244395256042480469e+00,3.179495811462402344e+00,3.118169069290161133e+00,3.059765815734863281e+00,3.004600048065185547e+00,2.952049016952514648e+00,2.902727842330932617e+00,2.855882883071899414e+00,2.811368703842163086e+00,2.769051074981689453e+00,2.728807210922241211e+00,2.690524578094482422e+00,2.654098510742187500e+00,2.619433164596557617e+00,2.586439847946166992e+00,2.555034160614013672e+00,2.525142669677734375e+00,2.496695041656494141e+00,2.469624757766723633e+00,2.443871021270751953e+00,2.419379234313964844e+00,2.396094799041748047e+00,2.373971462249755859e+00,2.352962970733642578e+00,2.333027601242065430e+00,2.314125776290893555e+00,2.296221971511840820e+00,2.279282093048095703e+00,2.263274431228637695e+00,2.248169898986816406e+00,2.233941793441772461e+00,2.220565080642700195e+00,2.208015918731689453e+00,2.196272850036621094e+00,2.185316562652587891e+00,2.175127983093261719e+00,2.165690660476684570e+00,2.156989336013793945e+00,2.149009704589843750e+00,2.141738414764404297e+00,2.135164499282836914e+00,2.129277706146240234e+00,2.124068260192871094e+00,2.119528293609619141e+00,2.115651130676269531e+00,2.112430095672607422e+00,2.109860181808471680e+00,2.107938528060913086e+00,2.106661319732666016e+00,2.106026887893676758e+00,2.106033802032470703e+00,2.106682538986206055e+00,2.107974052429199219e+00,2.109910011291503906e+00,2.112493991851806641e+00,2.115729331970214844e+00,2.119621515274047852e+00,2.124176263809204102e+00,2.129400253295898438e+00,2.135302066802978516e+00,2.141891002655029297e+00,2.149178028106689453e+00,2.157173395156860352e+00,2.165890932083129883e+00,2.175344705581665039e+00,2.185549497604370117e+00,2.196522951126098633e+00,2.208283901214599609e+00,2.220850706100463867e+00,2.234246253967285156e+00,2.248493671417236328e+00,2.263617515563964844e+00,2.279644966125488281e+00,2.296606302261352539e+00,2.314531803131103516e+00,2.333455801010131836e+00,2.353414535522460938e+00,2.328632354736328125e+00,2.255406141281127930e+00,2.185158252716064453e+00,2.119254827499389648e+00,2.058394193649291992e+00,2.001162052154541016e+00,1.947453260421752930e+00,1.897476553916931152e+00,1.850033998489379883e+00,1.806014537811279297e+00,1.764051795005798340e+00,1.724675655364990234e+00,1.687539577484130859e+00,1.652220606803894043e+00,1.618944287300109863e+00,1.587489366531372070e+00,1.557522773742675781e+00,1.529205799102783203e+00,1.502359032630920410e+00,1.477258086204528809e+00,1.453417897224426270e+00,1.430763602256774902e+00,1.409227371215820312e+00,1.388746619224548340e+00,1.369263768196105957e+00,1.350725531578063965e+00,1.333083868026733398e+00,1.316292524337768555e+00,1.300309896469116211e+00,1.285097360610961914e+00,1.270619750022888184e+00,1.256843209266662598e+00,1.243736624717712402e+00,1.231271982192993164e+00,1.219422340393066406e+00,1.208163142204284668e+00,1.197471499443054199e+00,1.187325835227966309e+00,1.177706480026245117e+00,1.168594717979431152e+00,1.159973621368408203e+00,1.151827096939086914e+00,1.144140124320983887e+00,1.136898994445800781e+00,1.130091309547424316e+00,1.123704671859741211e+00,1.117728471755981445e+00,1.112152576446533203e+00,1.106967329978942871e+00,1.102164745330810547e+00,1.097736120223999023e+00,1.093675255775451660e+00,1.089974641799926758e+00,1.086629271507263184e+00,1.083633303642272949e+00,1.080982089042663574e+00,1.078671455383300781e+00,1.076698422431945801e+00,1.075059056282043457e+00,1.073751449584960938e+00,1.072773218154907227e+00,1.072123289108276367e+00,1.071800351142883301e+00,esquerda
5.969386577606201172e+00,5.971225261688232422e+00,5.974885463714599609e+00,5.980373859405517578e+00,5.987698078155517578e+00,5.996868133544921875e+00,6.007899761199951172e+00,6.020809173583984375e+00,6.035616874694824219e+00,6.052345752716064453e+00,6.071022033691406250e+00,6.091675758361816406e+00,6.114337921142578125e+00,6.139047622680664062e+00,6.165843486785888672e+00,6.194769859313964844e+00,6.225872993469238281e+00,6.259206771850585938e+00,6.294828414916992188e+00,6.256276130676269531e+00,6.020985603332519531e+00,5.753174781799316406e+00,5.508358001708984375e+00,5.284749507904052734e+00,5.082197666168212891e+00,4.895358085632324219e+00,4.722633838653564453e+00,4.562028408050537109e+00,4.415052413940429688e+00,4.277979850769042969e+00,4.149396419525146484e+00,4.030666828155517578e+00,3.919029951095581055e+00,3.814280986785888672e+00,3.716827630996704102e+00,3.624328613281250000e+00,3.538520812988281250e+00,3.456737995147705078e+00,3.380012512207031250e+00,3.307670831680297852e+00,3.238885641098022461e+00,3.174097776412963867e+00,3.112876653671264648e+00,3.054573774337768555e+00,2.999502658843994141e+00,2.947096109390258789e+00,2.897857427597045898e+00,2.851091146469116211e+00,2.806651592254638672e+00,2.764405012130737305e+00,2.724228858947753906e+00,2.686010599136352539e+00,2.649645805358886719e+00,2.615038394927978516e+00,2.582099914550781250e+00,2.550747394561767578e+00,2.520905971527099609e+00,2.492505788803100586e+00,2.465481042861938477e+00,2.439770698547363281e+00,2.415319919586181641e+00,2.392074823379516602e+00,2.369988203048706055e+00,2.349015474319458008e+00,2.329113483428955078e+00,2.310243129730224609e+00,2.292369604110717773e+00,2.275457620620727539e+00,2.259477138519287109e+00,2.244397878646850586e+00,2.230193614959716797e+00,2.216839075088500977e+00,2.204311609268188477e+00,2.192588329315185547e+00,2.181649923324584961e+00,2.171478509902954102e+00,2.162057399749755859e+00,2.153370618820190430e+00,2.145403861999511719e+00,2.138144969940185547e+00,2.131582260131835938e+00,2.125705242156982422e+00,2.120504617691040039e+00,2.115972280502319336e+00,2.112101554870605469e+00,2.108885765075683594e+00,2.106320381164550781e+00,2.104402065277099609e+00,2.103127002716064453e+00,2.102493286132812500e+00,2.102500438690185547e+00,2.103148221969604492e+00,2.104437589645385742e+00,2.106369972229003906e+00,2.108949661254882812e+00,2.112179994583129883e+00,2.116065025329589844e+00,2.120612144470214844e+00,2.125827550888061523e+00,2.131719589233398438e+00,2.138297319412231445e+00,2.145571947097778320e+00,2.153554201126098633e+00,2.162257194519042969e+00,2.171694517135620117e+00,2.181882858276367188e+00,2.192837953567504883e+00,2.204578399658203125e+00,2.217124462127685547e+00,2.230497360229492188e+00,2.244721174240112305e+00,2.259819746017456055e+00,2.275820493698120117e+00,2.292752981185913086e+00,2.310648441314697266e+00,2.329540967941284180e+00,2.349465608596801758e+00,2.328323841094970703e+00,2.255360126495361328e+00,2.185113668441772461e+00,2.119211435317993164e+00,2.058351993560791016e+00,2.001120805740356445e+00,1.947412967681884766e+00,1.897437214851379395e+00,1.849995613098144531e+00,1.805976986885070801e+00,1.764015078544616699e+00,1.724639654159545898e+00,1.687504172325134277e+00,1.652185916900634766e+00,1.618910193443298340e+00,1.587455868721008301e+00,1.557489752769470215e+00,1.529173374176025391e+00,1.502357959747314453e+00,1.477257132530212402e+00,1.453416943550109863e+00,1.430762767791748047e+00,1.409226417541503906e+00,1.388745903968811035e+00,1.369262933731079102e+00,1.350724577903747559e+00,1.333083033561706543e+00,1.316291689872741699e+00,1.300309062004089355e+00,1.285096406936645508e+00,1.270618915557861328e+00,1.256842374801635742e+00,1.243735790252685547e+00,1.231271147727966309e+00,1.219421505928039551e+00,1.208162188529968262e+00,1.197470664978027344e+00,1.187325119972229004e+00,1.177705764770507812e+00,1.168594002723693848e+00,1.159972906112670898e+00,1.151826262474060059e+00,1.144139289855957031e+00,1.136898279190063477e+00,1.130090475082397461e+00,1.123703956604003906e+00,1.117727875709533691e+00,1.112151861190795898e+00,1.106966733932495117e+00,1.102163910865783691e+00,1.097735524177551270e+00,1.093674540519714355e+00,1.089973926544189453e+00,1.086628556251525879e+00,1.083632588386535645e+00,1.080981135368347168e+00,1.078670740127563477e+00,1.076697707176208496e+00,1.075058221817016602e+00,1.073750734329223633e+00,1.072772502899169922e+00,1.072122573852539062e+00,1.071799635887145996e+00,esquerda
5.969387531280517578e+00,5.971226692199707031e+00,5.974886417388916016e+00,5.980374813079833984e+00,5.987699031829833984e+00,5.996869087219238281e+00,6.007901191711425781e+00,6.020810127258300781e+00,6.035617828369140625e+00,6.052346706390380859e+00,6.071023464202880859e+00,6.091676712036132812e+00,6.114338874816894531e+00,6.139049053192138672e+00,6.165844917297363281e+00,6.194770812988281250e+00,6.225873947143554688e+00,6.259208202362060547e+00,6.294829368591308594e+00,6.252395629882812500e+00,6.010490417480468750e+00,5.743172168731689453e+00,5.498803615570068359e+00,5.275603294372558594e+00,5.073418617248535156e+00,4.886917591094970703e+00,4.714505672454833984e+00,4.554188728332519531e+00,4.407476425170898438e+00,4.270648956298828125e+00,4.142295360565185547e+00,4.023776531219482422e+00,3.912337303161621094e+00,3.807770490646362305e+00,3.710485458374023438e+00,3.618147134780883789e+00,3.532487392425537109e+00,3.450845241546630859e+00,3.374252557754516602e+00,3.302035331726074219e+00,3.233368635177612305e+00,3.168693065643310547e+00,3.107576847076416016e+00,3.049374103546142578e+00,2.994397640228271484e+00,2.942125797271728516e+00,2.892970561981201172e+00,2.846282720565795898e+00,2.801918268203735352e+00,2.759742975234985352e+00,2.719634056091308594e+00,2.681480646133422852e+00,2.645176410675048828e+00,2.610627651214599609e+00,2.577744960784912109e+00,2.546445369720458984e+00,2.516654014587402344e+00,2.488301515579223633e+00,2.461322546005249023e+00,2.435655593872070312e+00,2.411245822906494141e+00,2.388040065765380859e+00,2.365990638732910156e+00,2.345052957534790039e+00,2.325184583663940430e+00,2.306345939636230469e+00,2.288502454757690430e+00,2.271619558334350586e+00,2.255665540695190430e+00,2.240611791610717773e+00,2.226431608200073242e+00,2.213099718093872070e+00,2.200592756271362305e+00,2.188889265060424805e+00,2.177969694137573242e+00,2.167815208435058594e+00,2.158409833908081055e+00,2.149737596511840820e+00,2.141784906387329102e+00,2.134537935256958008e+00,2.127985954284667969e+00,2.122118949890136719e+00,2.116926908493041992e+00,2.112402439117431641e+00,2.108537912368774414e+00,2.105327844619750977e+00,2.102766990661621094e+00,2.100851535797119141e+00,2.099578380584716797e+00,2.098946094512939453e+00,2.098953247070312500e+00,2.099599599838256836e+00,2.100886583328247070e+00,2.102816104888916016e+00,2.105391502380371094e+00,2.108616113662719727e+00,2.112494707107543945e+00,2.117033958435058594e+00,2.122240543365478516e+00,2.128122568130493164e+00,2.134689569473266602e+00,2.141951799392700195e+00,2.149920463562011719e+00,2.158608436584472656e+00,2.168030261993408203e+00,2.178201198577880859e+00,2.189137697219848633e+00,2.200858354568481445e+00,2.213383197784423828e+00,2.226733922958374023e+00,2.240932941436767578e+00,2.256006479263305664e+00,2.271980047225952148e+00,2.288883924484252930e+00,2.306749105453491211e+00,2.325609922409057617e+00,2.345500707626342773e+00,2.328041315078735352e+00,2.255345344543457031e+00,2.185102224349975586e+00,2.119202852249145508e+00,2.058346271514892578e+00,2.001117467880249023e+00,1.947411894798278809e+00,1.897437930107116699e+00,1.849997997283935547e+00,1.805981040000915527e+00,1.764020681381225586e+00,1.724646568298339844e+00,1.687512159347534180e+00,1.652195215225219727e+00,1.618920445442199707e+00,1.587466835975646973e+00,1.557501792907714844e+00,1.529186248779296875e+00,1.502357006072998047e+00,1.477255940437316895e+00,1.453415989875793457e+00,1.430761814117431641e+00,1.409225583076477051e+00,1.388744950294494629e+00,1.369261980056762695e+00,1.350723862648010254e+00,1.333082199096679688e+00,1.316290736198425293e+00,1.300308108329772949e+00,1.285095572471618652e+00,1.270618081092834473e+00,1.256841540336608887e+00,1.243734955787658691e+00,1.231270313262939453e+00,1.219420671463012695e+00,1.208161354064941406e+00,1.197469830513000488e+00,1.187324285507202148e+00,1.177704930305480957e+00,1.168593168258666992e+00,1.159972071647644043e+00,1.151825666427612305e+00,1.144138574600219727e+00,1.136897563934326172e+00,1.130089879035949707e+00,1.123703122138977051e+00,1.117727160453796387e+00,1.112151026725769043e+00,1.106966018676757812e+00,1.102163314819335938e+00,1.097734808921813965e+00,1.093673825263977051e+00,1.089973330497741699e+00,1.086627721786499023e+00,1.083631873130798340e+00,1.080980539321899414e+00,1.078670144081115723e+00,1.076697111129760742e+00,1.075057625770568848e+00,1.073750019073486328e+00,1.072771787643432617e+00,1.072121977806091309e+00,1.071798920631408691e+00,esquerda
5.969387531280517578e+00,5.971226692199707031e+00,5.974886417388916016e+00,5.980374336242675781e+00,5.987698554992675781e+00,5.996868610382080078e+00,6.007900714874267578e+00,6.020810127258300781e+00,6.035617351531982422e+00,6.052346706390380859e+00,6.071023464202880859e+00,6.091676712036132812e+00,6.114339351654052734e+00,6.139048576354980469e+00,6.165843963623046875e+00,6.194770336151123047e+00,6.225873470306396484e+00,6.259207725524902344e+00,6.294828891754150391e+00,6.248916625976562500e+00,6.001059532165527344e+00,5.734130382537841797e+00,5.490120410919189453e+00,5.267248630523681641e+00,5.065364360809326172e+00,4.879140377044677734e+00,4.706985950469970703e+00,4.546910285949707031e+00,4.400418281555175781e+00,4.263797283172607422e+00,4.135638236999511719e+00,4.017299652099609375e+00,3.906028509140014648e+00,3.801618814468383789e+00,3.704479694366455078e+00,3.612279891967773438e+00,3.526750087738037109e+00,3.445231914520263672e+00,3.368754863739013672e+00,3.296647548675537109e+00,3.228085279464721680e+00,3.163507699966430664e+00,3.102485418319702148e+00,3.044371128082275391e+00,2.989478588104248047e+00,2.937143087387084961e+00,2.888071537017822266e+00,2.841462850570678711e+00,2.797173500061035156e+00,2.755069494247436523e+00,2.715028762817382812e+00,2.676939725875854492e+00,2.640697479248046875e+00,2.606207370758056641e+00,2.573380231857299805e+00,2.542133331298828125e+00,2.512392520904541016e+00,2.484088659286499023e+00,2.457155227661132812e+00,2.431531667709350586e+00,2.407163143157958984e+00,2.383996725082397461e+00,2.361984491348266602e+00,2.341082334518432617e+00,2.321247816085815430e+00,2.302441358566284180e+00,2.284628152847290039e+00,2.267773389816284180e+00,2.251846790313720703e+00,2.236818552017211914e+00,2.222662210464477539e+00,2.209352731704711914e+00,2.196867227554321289e+00,2.185183525085449219e+00,2.174282550811767578e+00,2.164145469665527344e+00,2.154755592346191406e+00,2.146098375320434570e+00,2.138158798217773438e+00,2.130924224853515625e+00,2.124383687973022461e+00,2.118526697158813477e+00,2.113343477249145508e+00,2.108826398849487305e+00,2.104968547821044922e+00,2.101763963699340820e+00,2.099207401275634766e+00,2.097295284271240234e+00,2.096024513244628906e+00,2.095393180847167969e+00,2.095400094985961914e+00,2.096045732498168945e+00,2.097330570220947266e+00,2.099256515502929688e+00,2.101827621459960938e+00,2.105046749114990234e+00,2.108919143676757812e+00,2.113450765609741211e+00,2.118648529052734375e+00,2.124520540237426758e+00,2.131076335906982422e+00,2.138326168060302734e+00,2.146281480789184570e+00,2.154954910278320312e+00,2.164360523223876953e+00,2.174514532089233398e+00,2.185432672500610352e+00,2.197133541107177734e+00,2.209637165069580078e+00,2.222965240478515625e+00,2.237140417098999023e+00,2.252187967300415039e+00,2.268134832382202148e+00,2.285010099411010742e+00,2.302845001220703125e+00,2.321674346923828125e+00,2.341531515121459961e+00,2.327881813049316406e+00,2.255451917648315430e+00,2.185201406478881836e+00,2.119295358657836914e+00,2.058433055877685547e+00,2.001199007034301758e+00,1.947488188743591309e+00,1.897509813308715820e+00,1.850065708160400391e+00,1.806044816970825195e+00,1.764080643653869629e+00,1.724703550338745117e+00,1.687566161155700684e+00,1.652246117591857910e+00,1.618968844413757324e+00,1.587512969970703125e+00,1.557545542716979980e+00,1.529227614402770996e+00,1.502357602119445801e+00,1.477256655693054199e+00,1.453416585922241211e+00,1.430762290954589844e+00,1.409225940704345703e+00,1.388745307922363281e+00,1.369262576103210449e+00,1.350724339485168457e+00,1.333082556724548340e+00,1.316291213035583496e+00,1.300308585166931152e+00,1.285096049308776855e+00,1.270618319511413574e+00,1.256841659545898438e+00,1.243735313415527344e+00,1.231270670890808105e+00,1.219421029090881348e+00,1.208161711692810059e+00,1.197470188140869141e+00,1.187324523925781250e+00,1.177705049514770508e+00,1.168593406677246094e+00,1.159972190856933594e+00,1.151825666427612305e+00,1.144138693809509277e+00,1.136897683143615723e+00,1.130089998245239258e+00,1.123703241348266602e+00,1.117727279663085938e+00,1.112151026725769043e+00,1.106966018676757812e+00,1.102163314819335938e+00,1.097734808921813965e+00,1.093673825263977051e+00,1.089973330497741699e+00,1.086627721786499023e+00,1.083631873130798340e+00,1.080980539321899414e+00,1.078670144081115723e+00,1.076696991920471191e+00,1.075057625770568848e+00,1.073750019073486328e+00,1.072771787643432617e+00,1.072121858596801758e+00,1.071798920631408691e+00,esquerda
5.969388484954833984e+00,5.971227645874023438e+00,5.974887371063232422e+00,5.980375766754150391e+00,5.987699985504150391e+00,5.996869564056396484e+00,6.007901668548583984e+00,6.020810604095458984e+00,6.035618305206298828e+00,6.052347183227539062e+00,6.071023464202880859e+00,6.091677188873291016e+00,6.114339828491210938e+00,6.139048576354980469e+00,6.165844440460205078e+00,6.194770336151123047e+00,6.225873470306396484e+00,6.259208202362060547e+00,6.294829368591308594e+00,6.245023727416992188e+00,5.990530014038085938e+00,5.724091053009033203e+00,5.480526447296142578e+00,5.258060455322265625e+00,5.056543350219726562e+00,4.870656013488769531e+00,4.698812007904052734e+00,4.539023876190185547e+00,4.392795562744140625e+00,4.256419658660888672e+00,4.128489494323730469e+00,4.010362148284912109e+00,3.899288177490234375e+00,3.795062065124511719e+00,3.698093652725219727e+00,3.606055498123168945e+00,3.520675182342529297e+00,3.439299583435058594e+00,3.362956523895263672e+00,3.290974855422973633e+00,3.222532272338867188e+00,3.158067464828491211e+00,3.097151517868041992e+00,3.039138555526733398e+00,2.984341382980346680e+00,2.932150363922119141e+00,2.883162021636962891e+00,2.836632728576660156e+00,2.792418479919433594e+00,2.750386238098144531e+00,2.710413455963134766e+00,2.672389268875122070e+00,2.636208534240722656e+00,2.601776838302612305e+00,2.569005489349365234e+00,2.537811994552612305e+00,2.508121967315673828e+00,2.479865789413452148e+00,2.452978134155273438e+00,2.427398204803466797e+00,2.403071165084838867e+00,2.379944086074829102e+00,2.357969760894775391e+00,2.337102651596069336e+00,2.317301750183105469e+00,2.298527479171752930e+00,2.280744552612304688e+00,2.263918399810791016e+00,2.248018741607666016e+00,2.233016014099121094e+00,2.218883752822875977e+00,2.205597162246704102e+00,2.193132638931274414e+00,2.181468725204467773e+00,2.170586347579956055e+00,2.160466432571411133e+00,2.151093006134033203e+00,2.142450094223022461e+00,2.134524106979370117e+00,2.127302169799804688e+00,2.120772361755371094e+00,2.114925146102905273e+00,2.109750986099243164e+00,2.105241775512695312e+00,2.101390361785888672e+00,2.098191261291503906e+00,2.095638751983642578e+00,2.093730211257934570e+00,2.092461585998535156e+00,2.091831445693969727e+00,2.091838359832763672e+00,2.092482566833496094e+00,2.093765258789062500e+00,2.095688104629516602e+00,2.098254680633544922e+00,2.101468563079833984e+00,2.105334043502807617e+00,2.109858036041259766e+00,2.115046977996826172e+00,2.120909214019775391e+00,2.127453565597534180e+00,2.134691238403320312e+00,2.142632961273193359e+00,2.151291847229003906e+00,2.160681486129760742e+00,2.170818090438842773e+00,2.181717395782470703e+00,2.193398714065551758e+00,2.205881118774414062e+00,2.219186305999755859e+00,2.233337402343750000e+00,2.248359680175781250e+00,2.264279365539550781e+00,2.281126022338867188e+00,2.298930406570434570e+00,2.317727327346801758e+00,2.337551355361938477e+00,2.327651262283325195e+00,2.255487442016601562e+00,2.185233831405639648e+00,2.119324922561645508e+00,2.058459997177124023e+00,2.001223564147949219e+00,1.947510480880737305e+00,1.897530078887939453e+00,1.850084304809570312e+00,1.806061863899230957e+00,1.764096379280090332e+00,1.724717497825622559e+00,1.687579154968261719e+00,1.652257680892944336e+00,1.618979454040527344e+00,1.587522625923156738e+00,1.557554244995117188e+00,1.529235482215881348e+00,1.502356410026550293e+00,1.477255463600158691e+00,1.453415632247924805e+00,1.430761218070983887e+00,1.409224987030029297e+00,1.388744354248046875e+00,1.369261741638183594e+00,1.350723385810852051e+00,1.333081722259521484e+00,1.316290378570556641e+00,1.300307869911193848e+00,1.285095214843750000e+00,1.270617604255676270e+00,1.256841063499450684e+00,1.243734478950500488e+00,1.231269836425781250e+00,1.219420313835144043e+00,1.208160996437072754e+00,1.197469472885131836e+00,1.187323927879333496e+00,1.177704453468322754e+00,1.168592810630798340e+00,1.159971594810485840e+00,1.151825189590454102e+00,1.144138216972351074e+00,1.136896967887878418e+00,1.130089402198791504e+00,1.123702764511108398e+00,1.117726802825927734e+00,1.112150549888610840e+00,1.106965541839599609e+00,1.102162837982177734e+00,1.097734332084655762e+00,1.093673348426818848e+00,1.089972853660583496e+00,1.086627364158630371e+00,1.083631515502929688e+00,1.080980181694030762e+00,1.078669786453247070e+00,1.076696634292602539e+00,1.075057268142700195e+00,1.073749661445617676e+00,1.072771430015563965e+00,1.072121620178222656e+00,1.071798563003540039e+00,esquerda
5.969388961791992188e+00,5.971228599548339844e+00,5.974887847900390625e+00,5.980376243591308594e+00,5.987700462341308594e+00,5.996870040893554688e+00,6.007902145385742188e+00,6.020811557769775391e+00,6.035619258880615234e+00,6.052348136901855469e+00,6.071024894714355469e+00,6.091678142547607422e+00,6.114340782165527344e+00,6.139050006866455078e+00,6.165845870971679688e+00,6.194771766662597656e+00,6.225875377655029297e+00,6.259209156036376953e+00,6.294830322265625000e+00,6.241277694702148438e+00,5.980373382568359375e+00,5.714361190795898438e+00,5.471188545227050781e+00,5.249081611633300781e+00,5.047890663146972656e+00,4.862306594848632812e+00,4.690742969512939453e+00,4.531216621398925781e+00,4.385227680206298828e+00,4.249076366424560547e+00,4.121357440948486328e+00,4.003425121307373047e+00,3.892539978027343750e+00,3.788496732711791992e+00,3.691699266433715820e+00,3.599823236465454102e+00,3.514592647552490234e+00,3.433360099792480469e+00,3.357150554656982422e+00,3.285295248031616211e+00,3.216972351074218750e+00,3.152620077133178711e+00,3.091810941696166992e+00,3.033899068832397461e+00,2.979197502136230469e+00,2.927148103713989258e+00,2.878242969512939453e+00,2.831793308258056641e+00,2.787654638290405273e+00,2.745693683624267578e+00,2.705789566040039062e+00,2.667829990386962891e+00,2.631711006164550781e+00,2.597337961196899414e+00,2.564622879028320312e+00,2.533482313156127930e+00,2.503842830657958984e+00,2.475635051727294922e+00,2.448793411254882812e+00,2.423256874084472656e+00,2.398971319198608398e+00,2.375883579254150391e+00,2.353946685791015625e+00,2.333115339279174805e+00,2.313348531723022461e+00,2.294605970382690430e+00,2.276853084564208984e+00,2.260056018829345703e+00,2.244183301925659180e+00,2.229206323623657227e+00,2.215098142623901367e+00,2.201834201812744141e+00,2.189391136169433594e+00,2.177747011184692383e+00,2.166882991790771484e+00,2.156780719757080078e+00,2.147423028945922852e+00,2.138794898986816406e+00,2.130882740020751953e+00,2.123672723770141602e+00,2.117154359817504883e+00,2.111317157745361328e+00,2.106151580810546875e+00,2.101649999618530273e+00,2.097805500030517578e+00,2.094611406326293945e+00,2.092063665390014648e+00,2.090157985687255859e+00,2.088891506195068359e+00,2.088262319564819336e+00,2.088269472122192383e+00,2.088912725448608398e+00,2.090193271636962891e+00,2.092112779617309570e+00,2.094674825668334961e+00,2.097883224487304688e+00,2.101742267608642578e+00,2.106258630752563477e+00,2.111438512802124023e+00,2.117290735244750977e+00,2.123823881149291992e+00,2.131049394607543945e+00,2.138977766036987305e+00,2.147621631622314453e+00,2.156995058059692383e+00,2.167114496231079102e+00,2.177995443344116211e+00,2.189656734466552734e+00,2.202117443084716797e+00,2.215400218963623047e+00,2.229527473449707031e+00,2.244524002075195312e+00,2.260416269302368164e+00,2.277234554290771484e+00,2.295008420944213867e+00,2.313773155212402344e+00,2.333563327789306641e+00,2.327189922332763672e+00,2.255293369293212891e+00,2.185053348541259766e+00,2.119156837463378906e+00,2.058302640914916992e+00,2.001076459884643555e+00,1.947372794151306152e+00,1.897400975227355957e+00,1.849962711334228516e+00,1.805947303771972656e+00,1.763988494873046875e+00,1.724616050720214844e+00,1.687482833862304688e+00,1.652167081832885742e+00,1.618893742561340332e+00,1.587441205978393555e+00,1.557477116584777832e+00,1.529162287712097168e+00,1.502355456352233887e+00,1.477254509925842285e+00,1.453414678573608398e+00,1.430760264396667480e+00,1.409224033355712891e+00,1.388743400573730469e+00,1.369260787963867188e+00,1.350722670555114746e+00,1.333080768585205078e+00,1.316289305686950684e+00,1.300307035446166992e+00,1.285094499588012695e+00,1.270616769790649414e+00,1.256840109825134277e+00,1.243733763694763184e+00,1.231269001960754395e+00,1.219419598579406738e+00,1.208160161972045898e+00,1.197468638420104980e+00,1.187323093414306641e+00,1.177703619003295898e+00,1.168591976165771484e+00,1.159970760345458984e+00,1.151824355125427246e+00,1.144137382507324219e+00,1.136896252632141113e+00,1.130088686943054199e+00,1.123702049255371094e+00,1.117725968360900879e+00,1.112149953842163086e+00,1.106964826583862305e+00,1.102162122726440430e+00,1.097733736038208008e+00,1.093672752380371094e+00,1.089972138404846191e+00,1.086626648902893066e+00,1.083630800247192383e+00,1.080979347229003906e+00,1.078668951988220215e+00,1.076695799827575684e+00,1.075056552886962891e+00,1.073748946189880371e+00,1.072770714759826660e+00,1.072120785713195801e+00,1.071797847747802734e+00,esquerda
5.969388008117675781e+00,5.971227169036865234e+00,5.974887371063232422e+00,5.980375289916992188e+00,5.987699985504150391e+00,5.996869564056396484e+00,6.007901668548583984e+00,6.020810604095458984e+00,6.035618305206298828e+00,6.052347183227539062e+00,6.071023941040039062e+00,6.091677188873291016e+00,6.114339828491210938e+00,6.139049053192138672e+00,6.165844917297363281e+00,6.194771289825439453e+00,6.225874423980712891e+00,6.259208679199218750e+00,6.294829845428466797e+00,6.237383842468261719e+00,5.969841957092285156e+00,5.704315185546875000e+00,5.461586952209472656e+00,5.239883899688720703e+00,5.039057731628417969e+00,4.853808403015136719e+00,4.682554244995117188e+00,4.523314476013183594e+00,4.377588748931884766e+00,4.241681098937988281e+00,4.114190578460693359e+00,3.996469020843505859e+00,3.885781049728393555e+00,3.781921625137329102e+00,3.685295104980468750e+00,3.593581199645996094e+00,3.508500814437866211e+00,3.427410840988159180e+00,3.351335763931274414e+00,3.279606819152832031e+00,3.211403846740722656e+00,3.147164821624755859e+00,3.086461782455444336e+00,3.028651475906372070e+00,2.974045515060424805e+00,2.922140121459960938e+00,2.873318672180175781e+00,2.826948404312133789e+00,2.782885313034057617e+00,2.740996360778808594e+00,2.701159954071044922e+00,2.663265705108642578e+00,2.627208709716796875e+00,2.592894315719604492e+00,2.560235023498535156e+00,2.529147863388061523e+00,2.499559164047241211e+00,2.471399545669555664e+00,2.444603681564331055e+00,2.419111013412475586e+00,2.394867181777954102e+00,2.371818780899047852e+00,2.349919319152832031e+00,2.329123735427856445e+00,2.309390783309936523e+00,2.290680170059204102e+00,2.272957801818847656e+00,2.256189346313476562e+00,2.240344047546386719e+00,2.225392580032348633e+00,2.211308717727661133e+00,2.198067188262939453e+00,2.185645580291748047e+00,2.174021482467651367e+00,2.163176059722900391e+00,2.153090715408325195e+00,2.143749237060546875e+00,2.135135889053344727e+00,2.127237081527709961e+00,2.120039463043212891e+00,2.113532304763793945e+00,2.107705116271972656e+00,2.102548122406005859e+00,2.098054409027099609e+00,2.094216346740722656e+00,2.091027975082397461e+00,2.088484287261962891e+00,2.086582183837890625e+00,2.085317850112915039e+00,2.084689855575561523e+00,2.084696769714355469e+00,2.085338830947875977e+00,2.086616992950439453e+00,2.088533401489257812e+00,2.091091394424438477e+00,2.094294071197509766e+00,2.098146438598632812e+00,2.102654933929443359e+00,2.107826471328735352e+00,2.113668441772460938e+00,2.120190382003784180e+00,2.127403736114501953e+00,2.135318279266357422e+00,2.143947124481201172e+00,2.153304815292358398e+00,2.163407087326049805e+00,2.174269199371337891e+00,2.185910224914550781e+00,2.198350191116333008e+00,2.211610078811645508e+00,2.225713014602661133e+00,2.240684032440185547e+00,2.256549358367919922e+00,2.273338079452514648e+00,2.291081905364990234e+00,2.309814929962158203e+00,2.329570770263671875e+00,2.327009439468383789e+00,2.255380630493164062e+00,2.185134410858154297e+00,2.119232416152954102e+00,2.058373212814331055e+00,2.001142024993896484e+00,1.947434306144714355e+00,1.897458553314208984e+00,1.850017070770263672e+00,1.805998325347900391e+00,1.764036417007446289e+00,1.724660873413085938e+00,1.687525510787963867e+00,1.652207136154174805e+00,1.618931412696838379e+00,1.587477087974548340e+00,1.557510972023010254e+00,1.529194593429565430e+00,1.502356171607971191e+00,1.477255344390869141e+00,1.453415274620056152e+00,1.430760860443115234e+00,1.409224510192871094e+00,1.388743996620178223e+00,1.369261384010314941e+00,1.350723147392272949e+00,1.333081245422363281e+00,1.316289901733398438e+00,1.300307393074035645e+00,1.285094738006591797e+00,1.270617127418518066e+00,1.256840467453002930e+00,1.243734121322631836e+00,1.231269359588623047e+00,1.219419717788696289e+00,1.208160400390625000e+00,1.197468757629394531e+00,1.187323331832885742e+00,1.177703857421875000e+00,1.168592214584350586e+00,1.159971117973327637e+00,1.151824593544006348e+00,1.144137501716613770e+00,1.136896491050720215e+00,1.130088925361633301e+00,1.123702168464660645e+00,1.117726206779479980e+00,1.112150073051452637e+00,1.106965065002441406e+00,1.102162241935729980e+00,1.097733736038208008e+00,1.093672871589660645e+00,1.089972376823425293e+00,1.086626648902893066e+00,1.083630919456481934e+00,1.080979466438293457e+00,1.078669071197509766e+00,1.076695799827575684e+00,1.075056552886962891e+00,1.073748946189880371e+00,1.072770714759826660e+00,1.072120785713195801e+00,1.071797847747802734e+00,esquerda
5.969389915466308594e+00,5.971229553222656250e+00,5.974889278411865234e+00,5.980377197265625000e+00,5.987701416015625000e+00,5.996871471405029297e+00,6.007903575897216797e+00,6.020812511444091797e+00,6.035620689392089844e+00,6.052349090576171875e+00,6.071025848388671875e+00,6.091679573059082031e+00,6.114341735839843750e+00,6.139051437377929688e+00,6.165846824645996094e+00,6.194772720336914062e+00,6.225876331329345703e+00,6.259210109710693359e+00,6.294832229614257812e+00,6.233758926391601562e+00,5.960030555725097656e+00,5.694949150085449219e+00,5.452626228332519531e+00,5.231293678283691406e+00,5.030801773071289062e+00,4.845861911773681641e+00,4.674892425537109375e+00,4.515917778015136719e+00,4.370432853698730469e+00,4.234750270843505859e+00,4.107470989227294922e+00,3.989944696426391602e+00,3.879432439804077148e+00,3.775730848312377930e+00,3.679251670837402344e+00,3.587677478790283203e+00,3.502727508544921875e+00,3.421762228012084961e+00,3.345803737640380859e+00,3.274185180664062500e+00,3.206087350845336914e+00,3.141947507858276367e+00,3.081338405609130859e+00,3.023617506027221680e+00,2.969096422195434570e+00,2.917124748229980469e+00,2.868386983871459961e+00,2.822096109390258789e+00,2.778108835220336914e+00,2.736291646957397461e+00,2.696523904800415039e+00,2.658694505691528320e+00,2.622699022293090820e+00,2.588443994522094727e+00,2.555840730667114258e+00,2.524806976318359375e+00,2.495269060134887695e+00,2.467157840728759766e+00,2.440407991409301758e+00,2.414958715438842773e+00,2.390756845474243164e+00,2.367748022079467773e+00,2.345885992050170898e+00,2.325125932693481445e+00,2.305426836013793945e+00,2.286748409271240234e+00,2.269056558609008789e+00,2.252316951751708984e+00,2.236498594284057617e+00,2.221572875976562500e+00,2.207513332366943359e+00,2.194294691085815430e+00,2.181894063949584961e+00,2.170289754867553711e+00,2.159463405609130859e+00,2.149395227432250977e+00,2.140069484710693359e+00,2.131470918655395508e+00,2.123585700988769531e+00,2.116400480270385742e+00,2.109904289245605469e+00,2.104087352752685547e+00,2.098939418792724609e+00,2.094453334808349609e+00,2.090621709823608398e+00,2.087439060211181641e+00,2.084899663925170898e+00,2.083000659942626953e+00,2.081738710403442383e+00,2.081111669540405273e+00,2.081118583679199219e+00,2.081759691238403320e+00,2.083035945892333984e+00,2.084948778152465820e+00,2.087502002716064453e+00,2.090699434280395508e+00,2.094545364379882812e+00,2.099046230316162109e+00,2.104208469390869141e+00,2.110040664672851562e+00,2.116551399230957031e+00,2.123752117156982422e+00,2.131653070449829102e+00,2.140267372131347656e+00,2.149609088897705078e+00,2.159693479537963867e+00,2.170537233352661133e+00,2.182158708572387695e+00,2.194576978683471680e+00,2.207813978195190430e+00,2.221892833709716797e+00,2.236837863922119141e+00,2.252675771713256836e+00,2.269436359405517578e+00,2.287149667739868164e+00,2.305850267410278320e+00,2.325572252273559570e+00,2.326829195022583008e+00,2.255467414855957031e+00,2.185215234756469727e+00,2.119307518005371094e+00,2.058443546295166016e+00,2.001207828521728516e+00,1.947495579719543457e+00,1.897516131401062012e+00,1.850070834159851074e+00,1.806049227714538574e+00,1.764084100723266602e+00,1.724705934524536133e+00,1.687567949295043945e+00,1.652247190475463867e+00,1.618969321250915527e+00,1.587512850761413574e+00,1.557545065879821777e+00,1.529226660728454590e+00,1.502353787422180176e+00,1.477253079414367676e+00,1.453412890434265137e+00,1.430758595466613770e+00,1.409222364425659180e+00,1.388741731643676758e+00,1.369259119033813477e+00,1.350720882415771484e+00,1.333079218864440918e+00,1.316287875175476074e+00,1.300305366516113281e+00,1.285092830657958984e+00,1.270615220069885254e+00,1.256838440895080566e+00,1.243732333183288574e+00,1.231267571449279785e+00,1.219417929649353027e+00,1.208158731460571289e+00,1.197467088699340820e+00,1.187321662902832031e+00,1.177702188491821289e+00,1.168590307235717773e+00,1.159969210624694824e+00,1.151822686195373535e+00,1.144135713577270508e+00,1.136894822120666504e+00,1.130087018013000488e+00,1.123700499534606934e+00,1.117724299430847168e+00,1.112148523330688477e+00,1.106963038444519043e+00,1.102160692214965820e+00,1.097732067108154297e+00,1.093671202659606934e+00,1.089970588684082031e+00,1.086624979972839355e+00,1.083629250526428223e+00,1.080977797508239746e+00,1.078667402267456055e+00,1.076694130897521973e+00,1.075054883956909180e+00,1.073747277259826660e+00,1.072769045829772949e+00,1.072119116783142090e+00,1.071796178817749023e+00,esquerda
5.969390392303466797e+00,5.971230030059814453e+00,5.974889755249023438e+00,5.980377674102783203e+00,5.987701892852783203e+00,5.996871948242187500e+00,6.007904052734375000e+00,6.020813941955566406e+00,6.035621166229248047e+00,6.052349567413330078e+00,6.071026325225830078e+00,6.091680049896240234e+00,6.114342212677001953e+00,6.139051914215087891e+00,6.165847301483154297e+00,6.194773674011230469e+00,6.225876808166503906e+00,6.259210586547851562e+00,6.294832706451416016e+00,6.230009078979492188e+00,5.949864864349365234e+00,5.685207366943359375e+00,5.443273544311523438e+00,5.222299098968505859e+00,5.022132873535156250e+00,4.837493896484375000e+00,4.666803836822509766e+00,4.508089542388916016e+00,4.362844944000244141e+00,4.227386474609375000e+00,4.100317001342773438e+00,3.982985019683837891e+00,3.872662544250488281e+00,3.769145488739013672e+00,3.672837018966674805e+00,3.581425428390502930e+00,3.496625900268554688e+00,3.415804147720336914e+00,3.339979410171508789e+00,3.268487453460693359e+00,3.200510263442993164e+00,3.136482954025268555e+00,3.075980663299560547e+00,3.018361330032348633e+00,2.963936328887939453e+00,2.912111043930053711e+00,2.863457202911376953e+00,2.817245960235595703e+00,2.773333787918090820e+00,2.731588840484619141e+00,2.691889286041259766e+00,2.654124975204467773e+00,2.618191480636596680e+00,2.583995103836059570e+00,2.551447868347167969e+00,2.520467519760131836e+00,2.490980386734008789e+00,2.462917327880859375e+00,2.436213731765747070e+00,2.410808086395263672e+00,2.386647701263427734e+00,2.363678693771362305e+00,2.341854095458984375e+00,2.321129798889160156e+00,2.301464557647705078e+00,2.282818317413330078e+00,2.265156745910644531e+00,2.248445987701416016e+00,2.232655048370361328e+00,2.217754602432250977e+00,2.203719139099121094e+00,2.190523147583007812e+00,2.178143978118896484e+00,2.166559696197509766e+00,2.155751705169677734e+00,2.145701169967651367e+00,2.136391401290893555e+00,2.127807617187500000e+00,2.119935989379882812e+00,2.112763166427612305e+00,2.106278419494628906e+00,2.100471019744873047e+00,2.095332145690917969e+00,2.090853691101074219e+00,2.087028741836547852e+00,2.083851099014282227e+00,2.081316471099853516e+00,2.079420566558837891e+00,2.078160524368286133e+00,2.077534675598144531e+00,2.077541589736938477e+00,2.078181505203247070e+00,2.079455852508544922e+00,2.081365346908569336e+00,2.083914279937744141e+00,2.087105989456176758e+00,2.090945482254028320e+00,2.095438480377197266e+00,2.100592136383056641e+00,2.106413841247558594e+00,2.112913608551025391e+00,2.120102167129516602e+00,2.127989530563354492e+00,2.136588811874389648e+00,2.145914554595947266e+00,2.155981540679931641e+00,2.166806936264038086e+00,2.178407907485961914e+00,2.190805196762084961e+00,2.204019546508789062e+00,2.218074083328247070e+00,2.232993364334106445e+00,2.248804092407226562e+00,2.265535831451416016e+00,2.283218622207641602e+00,2.301887273788452148e+00,2.321575403213500977e+00,2.326363801956176758e+00,2.255270481109619141e+00,2.185031890869140625e+00,2.119136571884155273e+00,2.058283567428588867e+00,2.001058340072631836e+00,1.947355985641479492e+00,1.897384881973266602e+00,1.849947452545166016e+00,1.805932998657226562e+00,1.763974666595458984e+00,1.724602699279785156e+00,1.687470316886901855e+00,1.652154922485351562e+00,1.618881940841674805e+00,1.587430119514465332e+00,1.557466506958007812e+00,1.529152154922485352e+00,1.502352595329284668e+00,1.477251887321472168e+00,1.453411817550659180e+00,1.430757522583007812e+00,1.409221410751342773e+00,1.388740777969360352e+00,1.369258046150207520e+00,1.350719928741455078e+00,1.333078265190124512e+00,1.316286802291870117e+00,1.300304532051086426e+00,1.285091996192932129e+00,1.270614385604858398e+00,1.256837725639343262e+00,1.243731498718261719e+00,1.231266736984252930e+00,1.219417214393615723e+00,1.208158016204833984e+00,1.197466373443603516e+00,1.187320828437805176e+00,1.177701592445373535e+00,1.168589711189270020e+00,1.159968733787536621e+00,1.151822209358215332e+00,1.144135236740112305e+00,1.136894226074218750e+00,1.130086541175842285e+00,1.123700022697448730e+00,1.117723941802978516e+00,1.112148046493530273e+00,1.106962680816650391e+00,1.102160215377807617e+00,1.097731709480285645e+00,1.093670845031738281e+00,1.089970231056213379e+00,1.086624622344970703e+00,1.083628654479980469e+00,1.080977439880371094e+00,1.078667044639587402e+00,1.076693892478942871e+00,1.075054526329040527e+00,1.073746919631958008e+00,1.072768688201904297e+00,1.072118759155273438e+00,1.071795821189880371e+00,esquerda
5.969391822814941406e+00,5.971230983734130859e+00,5.974890232086181641e+00,5.980378627777099609e+00,5.987702846527099609e+00,5.996872901916503906e+00,6.007905006408691406e+00,6.020814895629882812e+00,6.035622119903564453e+00,6.052350521087646484e+00,6.071027278900146484e+00,6.091681003570556641e+00,6.114343643188476562e+00,6.139052867889404297e+00,6.165848255157470703e+00,6.194774627685546875e+00,6.225877761840820312e+00,6.259212017059326172e+00,6.294833660125732422e+00,6.226116180419921875e+00,5.939331531524658203e+00,5.675158023834228516e+00,5.433666229248046875e+00,5.213092803955078125e+00,5.013290405273437500e+00,4.828986167907714844e+00,4.658604145050048828e+00,4.500176429748535156e+00,4.355192661285400391e+00,4.219977378845214844e+00,4.093136787414550781e+00,3.976015090942382812e+00,3.865889310836791992e+00,3.762556552886962891e+00,3.666419267654418945e+00,3.575170755386352539e+00,3.490521192550659180e+00,3.409842491149902344e+00,3.334152460098266602e+00,3.262787103652954102e+00,3.194929838180541992e+00,3.131015539169311523e+00,3.070620298385620117e+00,3.013102769851684570e+00,2.958773374557495117e+00,2.907089948654174805e+00,2.858520030975341797e+00,2.812388420104980469e+00,2.768552303314208984e+00,2.726879119873046875e+00,2.687247991561889648e+00,2.649548768997192383e+00,2.613677501678466797e+00,2.579540014266967773e+00,2.547048807144165039e+00,2.516121864318847656e+00,2.486685276031494141e+00,2.458670854568481445e+00,2.432013273239135742e+00,2.406651735305786133e+00,2.382532835006713867e+00,2.359603404998779297e+00,2.337816476821899414e+00,2.317127943038940430e+00,2.297496318817138672e+00,2.278882503509521484e+00,2.261251211166381836e+00,2.244569063186645508e+00,2.228805303573608398e+00,2.213930845260620117e+00,2.199919462203979492e+00,2.186746597290039062e+00,2.174388408660888672e+00,2.162824392318725586e+00,2.152034759521484375e+00,2.142001390457153320e+00,2.132707834243774414e+00,2.124138832092285156e+00,2.116280555725097656e+00,2.109120368957519531e+00,2.102646827697753906e+00,2.096849441528320312e+00,2.091719388961791992e+00,2.087248563766479492e+00,2.083430051803588867e+00,2.080258131027221680e+00,2.077727794647216797e+00,2.075835466384887695e+00,2.074577569961547852e+00,2.073952913284301758e+00,2.073959827423095703e+00,2.074598550796508789e+00,2.075870275497436523e+00,2.077776670455932617e+00,2.080321550369262695e+00,2.083507537841796875e+00,2.087340354919433594e+00,2.091825723648071289e+00,2.096970081329345703e+00,2.102782249450683594e+00,2.109270334243774414e+00,2.116446495056152344e+00,2.124320268630981445e+00,2.132905006408691406e+00,2.142214536666870117e+00,2.152264356613159180e+00,2.163070917129516602e+00,2.174652099609375000e+00,2.187027692794799805e+00,2.200219392776489258e+00,2.214249610900878906e+00,2.229143619537353516e+00,2.244926929473876953e+00,2.261629581451416016e+00,2.279282093048095703e+00,2.297918081283569336e+00,2.317572593688964844e+00,2.326140880584716797e+00,2.255314826965332031e+00,2.185072660446166992e+00,2.119174003601074219e+00,2.058318138122558594e+00,2.001090049743652344e+00,1.947384834289550781e+00,1.897411465644836426e+00,1.849972248077392578e+00,1.805955767631530762e+00,1.763995766639709473e+00,1.724622130393981934e+00,1.687488317489624023e+00,1.652171373367309570e+00,1.618897199630737305e+00,1.587444067001342773e+00,1.557479262351989746e+00,1.529163956642150879e+00,1.502351641654968262e+00,1.477251052856445312e+00,1.453410983085632324e+00,1.430756688117980957e+00,1.409220576286315918e+00,1.388740062713623047e+00,1.369257330894470215e+00,1.350719094276428223e+00,1.333077430725097656e+00,1.316285967826843262e+00,1.300303697586059570e+00,1.285091161727905273e+00,1.270613551139831543e+00,1.256836891174316406e+00,1.243730664253234863e+00,1.231266021728515625e+00,1.219416499137878418e+00,1.208157181739807129e+00,1.197465658187866211e+00,1.187320113182067871e+00,1.177700757980346680e+00,1.168588876724243164e+00,1.159968018531799316e+00,1.151821374893188477e+00,1.144134521484375000e+00,1.136893510818481445e+00,1.130085706710815430e+00,1.123699307441711426e+00,1.117722988128662109e+00,1.112147212028503418e+00,1.106961965560913086e+00,1.102159380912780762e+00,1.097730755805969238e+00,1.093670129776000977e+00,1.089969515800476074e+00,1.086623907089233398e+00,1.083627939224243164e+00,1.080976724624633789e+00,1.078666329383850098e+00,1.076693177223205566e+00,1.075053811073303223e+00,1.073746204376220703e+00,1.072768092155456543e+00,1.072118163108825684e+00,1.071795105934143066e+00,esquerda
5.969392299652099609e+00,5.971231460571289062e+00,5.974891185760498047e+00,5.980379104614257812e+00,5.987703323364257812e+00,5.996873378753662109e+00,6.007905483245849609e+00,6.020815372467041016e+00,6.035622596740722656e+00,6.052351474761962891e+00,6.071028232574462891e+00,6.091681480407714844e+00,6.114344120025634766e+00,6.139053344726562500e+00,6.165848731994628906e+00,6.194775104522705078e+00,6.225878238677978516e+00,6.259212970733642578e+00,6.294217109680175781e+00,6.220565319061279297e+00,5.928798198699951172e+00,5.665108680725097656e+00,5.424056529998779297e+00,5.203886508941650391e+00,5.004445552825927734e+00,4.820474624633789062e+00,4.650401592254638672e+00,4.492259979248046875e+00,4.347537517547607422e+00,4.212565422058105469e+00,4.085951805114746094e+00,3.969041109085083008e+00,3.859112501144409180e+00,3.755964040756225586e+00,3.659998178482055664e+00,3.568911790847778320e+00,3.484413146972656250e+00,3.403877735137939453e+00,3.328322172164916992e+00,3.257083415985107422e+00,3.189346313476562500e+00,3.125545740127563477e+00,3.065256595611572266e+00,3.007840871810913086e+00,2.953607559204101562e+00,2.902066469192504883e+00,2.853580474853515625e+00,2.807528734207153320e+00,2.763768196105957031e+00,2.722167015075683594e+00,2.682604551315307617e+00,2.644970178604125977e+00,2.609160900115966797e+00,2.575082540512084961e+00,2.542647600173950195e+00,2.511774063110351562e+00,2.482388257980346680e+00,2.454422235488891602e+00,2.427810430526733398e+00,2.402492761611938477e+00,2.378415584564208984e+00,2.355525732040405273e+00,2.333776473999023438e+00,2.313123941421508789e+00,2.293526172637939453e+00,2.274944543838500977e+00,2.257343769073486328e+00,2.240690469741821289e+00,2.224953889846801758e+00,2.210105180740356445e+00,2.196117877960205078e+00,2.182967901229858398e+00,2.170630931854248047e+00,2.159086704254150391e+00,2.148316144943237305e+00,2.138300180435180664e+00,2.129022359848022461e+00,2.120468378067016602e+00,2.112623929977416992e+00,2.105475902557373047e+00,2.099013328552246094e+00,2.093226194381713867e+00,2.088104724884033203e+00,2.083641767501831055e+00,2.079829931259155273e+00,2.076663494110107422e+00,2.074137687683105469e+00,2.072248458862304688e+00,2.070992469787597656e+00,2.070368766784667969e+00,2.070375919342041016e+00,2.071013689041137695e+00,2.072283267974853516e+00,2.074186325073242188e+00,2.076726436614990234e+00,2.079907178878784180e+00,2.083733320236206055e+00,2.088210821151733398e+00,2.093346357345581055e+00,2.099148750305175781e+00,2.105625629425048828e+00,2.112789154052734375e+00,2.120649337768554688e+00,2.129219293594360352e+00,2.138512849807739258e+00,2.148545265197753906e+00,2.159332990646362305e+00,2.170894145965576172e+00,2.183248519897460938e+00,2.196417331695556641e+00,2.210423469543457031e+00,2.225291490554809570e+00,2.241047620773315430e+00,2.257721662521362305e+00,2.275343418121337891e+00,2.293947458267211914e+00,2.313567638397216797e+00,2.325964212417602539e+00,2.255406618118286133e+00,2.185157775878906250e+00,2.119253396987915039e+00,2.058392286300659180e+00,2.001159429550170898e+00,1.947450160980224609e+00,1.897472739219665527e+00,1.850029826164245605e+00,1.806009769439697266e+00,1.764046669006347656e+00,1.724670290946960449e+00,1.687533855438232422e+00,1.652214407920837402e+00,1.618938088417053223e+00,1.587482929229736328e+00,1.557516098022460938e+00,1.529198884963989258e+00,1.502352237701416016e+00,1.477251529693603516e+00,1.453411459922790527e+00,1.430757164955139160e+00,1.409220933914184570e+00,1.388740301132202148e+00,1.369257688522338867e+00,1.350719451904296875e+00,1.333077788352966309e+00,1.316286325454711914e+00,1.300303936004638672e+00,1.285091280937194824e+00,1.270613789558410645e+00,1.256837129592895508e+00,1.243730902671813965e+00,1.231266140937805176e+00,1.219416618347167969e+00,1.208157539367675781e+00,1.197465777397155762e+00,1.187320351600646973e+00,1.177700877189636230e+00,1.168589115142822266e+00,1.159968137741088867e+00,1.151821494102478027e+00,1.144134640693664551e+00,1.136893630027770996e+00,1.130085825920104980e+00,1.123699426651000977e+00,1.117723107337951660e+00,1.112147212028503418e+00,1.106961965560913086e+00,1.102159500122070312e+00,1.097730875015258789e+00,1.093670129776000977e+00,1.089969515800476074e+00,1.086623907089233398e+00,1.083627939224243164e+00,1.080976724624633789e+00,1.078666329383850098e+00,1.076693058013916016e+00,1.075053811073303223e+00,1.073746085166931152e+00,1.072767972946166992e+00,1.072118043899536133e+00,1.071794986724853516e+00,esquerda
5.969392776489257812e+00,5.971231937408447266e+00,5.974891662597656250e+00,5.980379581451416016e+00,5.987703800201416016e+00,5.996873855590820312e+00,6.007905960083007812e+00,6.020815849304199219e+00,6.035623073577880859e+00,6.052351951599121094e+00,6.071028709411621094e+00,6.091681957244873047e+00,6.114344596862792969e+00,6.139053821563720703e+00,6.165849685668945312e+00,6.194775581359863281e+00,6.225878715515136719e+00,6.259213447570800781e+00,6.291841030120849609e+00,6.210690975189208984e+00,5.919343471527099609e+00,5.656036376953125000e+00,5.415337085723876953e+00,5.195490360260009766e+00,4.996345996856689453e+00,4.812649726867675781e+00,4.642830848693847656e+00,4.484927177429199219e+00,4.340424060821533203e+00,4.205657005310058594e+00,4.079236984252929688e+00,3.962504386901855469e+00,3.852744102478027344e+00,3.749753952026367188e+00,3.653936147689819336e+00,3.562990188598632812e+00,3.478621721267700195e+00,3.398211240768432617e+00,3.322773218154907227e+00,3.251645088195800781e+00,3.184013605117797852e+00,3.120312213897705078e+00,3.060117721557617188e+00,3.002792119979858398e+00,2.948642969131469727e+00,2.897046089172363281e+00,2.848644018173217773e+00,2.802671909332275391e+00,2.758986949920654297e+00,2.717457771301269531e+00,2.677963733673095703e+00,2.640394687652587891e+00,2.604647159576416016e+00,2.570627689361572266e+00,2.538248777389526367e+00,2.507428646087646484e+00,2.478093862533569336e+00,2.450176239013671875e+00,2.423610448837280273e+00,2.398336648941040039e+00,2.374301195144653320e+00,2.351450920104980469e+00,2.329739332199096680e+00,2.309122323989868164e+00,2.289558649063110352e+00,2.271008729934692383e+00,2.253438711166381836e+00,2.236814260482788086e+00,2.221104860305786133e+00,2.206281900405883789e+00,2.192318677902221680e+00,2.179191112518310547e+00,2.166876077651977539e+00,2.155351877212524414e+00,2.144599437713623047e+00,2.134600877761840820e+00,2.125339269638061523e+00,2.116800308227539062e+00,2.108969211578369141e+00,2.101833581924438477e+00,2.095382213592529297e+00,2.089604854583740234e+00,2.084492683410644531e+00,2.080037355422973633e+00,2.076231956481933594e+00,2.073071241378784180e+00,2.070549488067626953e+00,2.068663597106933594e+00,2.067409992218017578e+00,2.066787481307983398e+00,2.066794395446777344e+00,2.067430973052978516e+00,2.068698406219482422e+00,2.070598125457763672e+00,2.073133945465087891e+00,2.076309204101562500e+00,2.080128669738769531e+00,2.084598302841186523e+00,2.089725017547607422e+00,2.095517158508300781e+00,2.101983070373535156e+00,2.109134197235107422e+00,2.116981029510498047e+00,2.125535726547241211e+00,2.134813308715820312e+00,2.144828319549560547e+00,2.155597448348999023e+00,2.167138576507568359e+00,2.179471731185913086e+00,2.192617654800415039e+00,2.206599473953247070e+00,2.221441984176635742e+00,2.237170696258544922e+00,2.253815650939941406e+00,2.271407127380371094e+00,2.289978981018066406e+00,2.309565305709838867e+00,2.325659990310668945e+00,2.255372762680053711e+00,2.185128450393676758e+00,2.119228363037109375e+00,2.058370828628540039e+00,2.001141309738159180e+00,1.947435140609741211e+00,1.897460579872131348e+00,1.850019812583923340e+00,1.806002020835876465e+00,1.764041304588317871e+00,1.724666476249694824e+00,1.687531828880310059e+00,1.652214169502258301e+00,1.618939042091369629e+00,1.587485194206237793e+00,1.557519555091857910e+00,1.529203534126281738e+00,1.502349734306335449e+00,1.477249145507812500e+00,1.453409075736999512e+00,1.430754780769348145e+00,1.409218668937683105e+00,1.388738155364990234e+00,1.369255423545837402e+00,1.350717306137084961e+00,1.333075761795043945e+00,1.316284418106079102e+00,1.300301909446716309e+00,1.285089254379272461e+00,1.270612001419067383e+00,1.256835460662841797e+00,1.243728876113891602e+00,1.231264352798461914e+00,1.219414830207824707e+00,1.208155632019042969e+00,1.197464108467102051e+00,1.187318563461303711e+00,1.177699208259582520e+00,1.168587446212768555e+00,1.159966468811035156e+00,1.151819944381713867e+00,1.144133090972900391e+00,1.136892080307006836e+00,1.130084276199340820e+00,1.123697757720947266e+00,1.117721676826477051e+00,1.112145781517028809e+00,1.106960535049438477e+00,1.102157950401306152e+00,1.097729444503784180e+00,1.093668580055236816e+00,1.089968085289001465e+00,1.086622476577758789e+00,1.083626627922058105e+00,1.080975294113159180e+00,1.078664898872375488e+00,1.076691627502441406e+00,1.075052380561828613e+00,1.073744773864746094e+00,1.072766542434692383e+00,1.072116613388061523e+00,1.071793675422668457e+00,esquerda
5.969393730163574219e+00,5.971233367919921875e+00,5.974892616271972656e+00,5.980381011962890625e+00,5.987705230712890625e+00,5.996874809265136719e+00,6.007906913757324219e+00,6.020816802978515625e+00,6.035624504089355469e+00,6.052352905273437500e+00,6.071029663085937500e+00,6.091682910919189453e+00,6.114345550537109375e+00,6.139054775238037109e+00,6.165850639343261719e+00,6.194776535034179688e+00,6.225880146026611328e+00,6.259214401245117188e+00,6.289165496826171875e+00,6.199593544006347656e+00,5.908783912658691406e+00,5.645960807800292969e+00,5.405703067779541016e+00,5.186258792877197266e+00,4.987477302551269531e+00,4.804115772247314453e+00,4.634606361389160156e+00,4.476989746093750000e+00,4.332747459411621094e+00,4.198224544525146484e+00,4.072032928466796875e+00,3.955510854721069336e+00,3.845948219299316406e+00,3.743144035339355469e+00,3.647498130798339844e+00,3.556715488433837891e+00,3.472498655319213867e+00,3.392232418060302734e+00,3.316928863525390625e+00,3.245928287506103516e+00,3.178417682647705078e+00,3.114830493927001953e+00,3.054743289947509766e+00,2.997519254684448242e+00,2.943467140197753906e+00,2.892016649246215820e+00,2.843698740005493164e+00,2.797806262969970703e+00,2.754197359085083008e+00,2.712740421295166016e+00,2.673314809799194336e+00,2.635811090469360352e+00,2.600125551223754883e+00,2.566165208816528320e+00,2.533842563629150391e+00,2.503075838088989258e+00,2.473792076110839844e+00,2.445922613143920898e+00,2.419403076171875000e+00,2.394173145294189453e+00,2.370179176330566406e+00,2.347368717193603516e+00,2.325694799423217773e+00,2.305113792419433594e+00,2.285583972930908203e+00,2.267066240310668945e+00,2.249526739120483398e+00,2.232930898666381836e+00,2.217248916625976562e+00,2.202451705932617188e+00,2.188512802124023438e+00,2.175408124923706055e+00,2.163114309310913086e+00,2.151610136032104492e+00,2.140876531600952148e+00,2.130895376205444336e+00,2.121649980545043945e+00,2.113125324249267578e+00,2.105308055877685547e+00,2.098184823989868164e+00,2.091744661331176758e+00,2.085977554321289062e+00,2.080873966217041016e+00,2.076426506042480469e+00,2.072627782821655273e+00,2.069472312927246094e+00,2.066955089569091797e+00,2.065072298049926758e+00,2.063821077346801758e+00,2.063199281692504883e+00,2.063206195831298828e+00,2.063841819763183594e+00,2.065106868743896484e+00,2.067003488540649414e+00,2.069534778594970703e+00,2.072704553604125977e+00,2.076517343521118164e+00,2.080979585647583008e+00,2.086097240447998047e+00,2.091879129409790039e+00,2.098334074020385742e+00,2.105472803115844727e+00,2.113305807113647461e+00,2.121845960617065430e+00,2.131107330322265625e+00,2.141105175018310547e+00,2.151855230331420898e+00,2.163376569747924805e+00,2.175688266754150391e+00,2.188811302185058594e+00,2.202768802642822266e+00,2.217585563659667969e+00,2.233287096023559570e+00,2.249903202056884766e+00,2.267464160919189453e+00,2.286003589630126953e+00,2.305555820465087891e+00,2.325322389602661133e+00,2.255301713943481445e+00,2.185060262680053711e+00,2.119162797927856445e+00,2.058307647705078125e+00,2.001080274581909180e+00,1.947376012802124023e+00,1.897403359413146973e+00,1.849964499473571777e+00,1.805948615074157715e+00,1.763989090919494629e+00,1.724616050720214844e+00,1.687482595443725586e+00,1.652166128158569336e+00,1.618892312049865723e+00,1.587439537048339844e+00,1.557474970817565918e+00,1.529160022735595703e+00,1.502348899841308594e+00,1.477248311042785645e+00,1.453408241271972656e+00,1.430754065513610840e+00,1.409217953681945801e+00,1.388737440109252930e+00,1.369254708290100098e+00,1.350716471672058105e+00,1.333075046539306641e+00,1.316283702850341797e+00,1.300301194190979004e+00,1.285088658332824707e+00,1.270611286163330078e+00,1.256834626197814941e+00,1.243728160858154297e+00,1.231263637542724609e+00,1.219413995742797852e+00,1.208154797554016113e+00,1.197463393211364746e+00,1.187317848205566406e+00,1.177698254585266113e+00,1.168586850166320801e+00,1.159965515136718750e+00,1.151819109916687012e+00,1.144132137298583984e+00,1.136891126632690430e+00,1.130083441734313965e+00,1.123696923255920410e+00,1.117720961570739746e+00,1.112144827842712402e+00,1.106959819793701172e+00,1.102156996726989746e+00,1.097728490829467773e+00,1.093667507171630859e+00,1.089967012405395508e+00,1.086621522903442383e+00,1.083625674247741699e+00,1.080974340438842773e+00,1.078663945198059082e+00,1.076690793037414551e+00,1.075051546096801758e+00,1.073743820190429688e+00,1.072765588760375977e+00,1.072115659713745117e+00,1.071792721748352051e+00,esquerda
5.969392776489257812e+00,5.971231937408447266e+00,5.974892139434814453e+00,5.980380058288574219e+00,5.987704753875732422e+00,5.996874332427978516e+00,6.007906436920166016e+00,6.020815849304199219e+00,6.035623550415039062e+00,6.052351951599121094e+00,6.071028709411621094e+00,6.091681957244873047e+00,6.114344596862792969e+00,6.139053821563720703e+00,6.165849685668945312e+00,6.194776058197021484e+00,6.225879192352294922e+00,6.259213924407958984e+00,6.286496162414550781e+00,6.188524246215820312e+00,5.898249626159667969e+00,5.635908603668212891e+00,5.396091461181640625e+00,5.177047252655029297e+00,4.978628158569335938e+00,4.795599937438964844e+00,4.626398086547851562e+00,4.469067096710205078e+00,4.325086116790771484e+00,4.190805912017822266e+00,4.064841747283935547e+00,3.948529720306396484e+00,3.839164495468139648e+00,3.736544847488403320e+00,3.641070604324340820e+00,3.550450325012207031e+00,3.466384649276733398e+00,3.386261463165283203e+00,3.311092615127563477e+00,3.240218877792358398e+00,3.172828435897827148e+00,3.109354496002197266e+00,3.049374103546142578e+00,2.992252111434936523e+00,2.938295602798461914e+00,2.886989593505859375e+00,2.838755369186401367e+00,2.792942762374877930e+00,2.749409675598144531e+00,2.708024740219116211e+00,2.668667793273925781e+00,2.631229162216186523e+00,2.595605611801147461e+00,2.561704397201538086e+00,2.529438018798828125e+00,2.498724699020385742e+00,2.469491720199584961e+00,2.441670894622802734e+00,2.415197372436523438e+00,2.390011548995971680e+00,2.366059303283691406e+00,2.343288421630859375e+00,2.321651935577392578e+00,2.301106691360473633e+00,2.281610727310180664e+00,2.263125419616699219e+00,2.245616197586059570e+00,2.229049444198608398e+00,2.213394880294799805e+00,2.198623180389404297e+00,2.184708595275878906e+00,2.171626567840576172e+00,2.159354209899902344e+00,2.147870063781738281e+00,2.137155294418334961e+00,2.127191066741943359e+00,2.117961645126342773e+00,2.109452009201049805e+00,2.101648330688476562e+00,2.094537496566772461e+00,2.088108301162719727e+00,2.082351446151733398e+00,2.077256679534912109e+00,2.072816848754882812e+00,2.069024801254272461e+00,2.065874814987182617e+00,2.063361644744873047e+00,2.061482429504394531e+00,2.060233354568481445e+00,2.059612989425659180e+00,2.059619903564453125e+00,2.060254335403442383e+00,2.061517238616943359e+00,2.063410520553588867e+00,2.065937519073486328e+00,2.069101810455322266e+00,2.072907924652099609e+00,2.077362298965454102e+00,2.082471132278442383e+00,2.088243007659912109e+00,2.094686508178710938e+00,2.101812839508056641e+00,2.109632253646850586e+00,2.118157625198364258e+00,2.127402782440185547e+00,2.137382984161376953e+00,2.148114681243896484e+00,2.159616231918334961e+00,2.171906232833862305e+00,2.185006618499755859e+00,2.198939800262451172e+00,2.213730573654174805e+00,2.229404926300048828e+00,2.245992183685302734e+00,2.263522386550903320e+00,2.282029628753662109e+00,2.301548242568969727e+00,2.322117567062377930e+00,2.255388736724853516e+00,2.185141324996948242e+00,2.119238138198852539e+00,2.058378219604492188e+00,2.001146316528320312e+00,1.947437882423400879e+00,1.897461295127868652e+00,1.850018978118896484e+00,1.805999636650085449e+00,1.764037489891052246e+00,1.724661588668823242e+00,1.687525629997253418e+00,1.652206897735595703e+00,1.618930816650390625e+00,1.587476134300231934e+00,1.557509660720825195e+00,1.529192924499511719e+00,1.502349138259887695e+00,1.477248430252075195e+00,1.453408479690551758e+00,1.430754303932189941e+00,1.409218192100524902e+00,1.388737678527832031e+00,1.369254827499389648e+00,1.350716829299926758e+00,1.333075165748596191e+00,1.316283822059631348e+00,1.300301551818847656e+00,1.285089015960693359e+00,1.270611405372619629e+00,1.256834864616394043e+00,1.243728399276733398e+00,1.231263875961303711e+00,1.219414472579956055e+00,1.208155035972595215e+00,1.197463631629943848e+00,1.187318086624145508e+00,1.177698731422424316e+00,1.168587207794189453e+00,1.159965991973876953e+00,1.151819586753845215e+00,1.144132614135742188e+00,1.136891603469848633e+00,1.130083799362182617e+00,1.123697400093078613e+00,1.117721199989318848e+00,1.112145304679870605e+00,1.106960177421569824e+00,1.102157592773437500e+00,1.097728967666625977e+00,1.093668103218078613e+00,1.089967489242553711e+00,1.086622118949890137e+00,1.083626151084899902e+00,1.080974817276000977e+00,1.078664422035217285e+00,1.076691269874572754e+00,1.075052022933959961e+00,1.073744416236877441e+00,1.072766184806823730e+00,1.072116374969482422e+00,1.071793317794799805e+00,esquerda
5.969395160675048828e+00,5.971234321594238281e+00,5.974894046783447266e+00,5.980381965637207031e+00,5.987706184387207031e+00,5.996876239776611328e+00,6.007908344268798828e+00,6.020817279815673828e+00,6.035624980926513672e+00,6.052353382110595703e+00,6.071029663085937500e+00,6.091683387756347656e+00,6.114346027374267578e+00,6.139055252075195312e+00,6.165851116180419922e+00,6.194777011871337891e+00,6.225880622863769531e+00,6.259214878082275391e+00,6.284115314483642578e+00,6.178629398345947266e+00,5.888776302337646484e+00,5.626820564270019531e+00,5.387356758117675781e+00,5.168638706207275391e+00,4.970516681671142578e+00,4.787764549255371094e+00,4.618818283081054688e+00,4.461726188659667969e+00,4.317965030670166016e+00,4.183890819549560547e+00,4.058120727539062500e+00,3.941987752914428711e+00,3.832791328430175781e+00,3.730329275131225586e+00,3.635003328323364258e+00,3.544524192810058594e+00,3.460588932037353516e+00,3.380591154098510742e+00,3.305540084838867188e+00,3.234776735305786133e+00,3.167492628097534180e+00,3.104117631912231445e+00,3.044232130050659180e+00,2.987200021743774414e+00,2.933328866958618164e+00,2.881961107254028320e+00,2.833811283111572266e+00,2.788078308105468750e+00,2.744621276855468750e+00,2.703308343887329102e+00,2.664019584655761719e+00,2.626646041870117188e+00,2.591084957122802734e+00,2.557242631912231445e+00,2.525032281875610352e+00,2.494372606277465820e+00,2.465190649032592773e+00,2.437418460845947266e+00,2.410990715026855469e+00,2.385848760604858398e+00,2.361938238143920898e+00,2.339207172393798828e+00,2.317608594894409180e+00,2.297099113464355469e+00,2.277637243270874023e+00,2.259183883666992188e+00,2.241705179214477539e+00,2.225167274475097656e+00,2.209539651870727539e+00,2.194793939590454102e+00,2.180903673171997070e+00,2.167844295501708984e+00,2.155593156814575195e+00,2.144129037857055664e+00,2.133432865142822266e+00,2.123486280441284180e+00,2.114273071289062500e+00,2.105778217315673828e+00,2.097987890243530273e+00,2.090889215469360352e+00,2.084471464157104492e+00,2.078724622726440430e+00,2.073638677597045898e+00,2.069206714630126953e+00,2.065421342849731445e+00,2.062276840209960938e+00,2.059768199920654297e+00,2.057892084121704102e+00,2.056644916534423828e+00,2.056025743484497070e+00,2.056032657623291016e+00,2.056665897369384766e+00,2.057926893234252930e+00,2.059816598892211914e+00,2.062339067459106445e+00,2.065497875213623047e+00,2.069297313690185547e+00,2.073744058609008789e+00,2.078844070434570312e+00,2.084605932235717773e+00,2.091038465499877930e+00,2.098152399063110352e+00,2.105957984924316406e+00,2.114468336105346680e+00,2.123697519302368164e+00,2.133660316467285156e+00,2.144373416900634766e+00,2.155854701995849609e+00,2.168123483657836914e+00,2.181200742721557617e+00,2.195109844207763672e+00,2.209874868392944336e+00,2.225522041320800781e+00,2.242080211639404297e+00,2.259580135345458984e+00,2.278055191040039062e+00,2.297539472579956055e+00,2.318073034286499023e+00,2.255474328994750977e+00,2.185221195220947266e+00,2.119312524795532227e+00,2.058447599411010742e+00,2.001211166381835938e+00,1.947498679161071777e+00,1.897518277168273926e+00,1.850072503089904785e+00,1.806050062179565430e+00,1.764084815979003906e+00,1.724706292152404785e+00,1.687567830085754395e+00,1.652246713638305664e+00,1.618968605995178223e+00,1.587511777877807617e+00,1.557543516159057617e+00,1.529224991798400879e+00,1.502346754074096680e+00,1.477245926856994629e+00,1.453406214714050293e+00,1.430751919746398926e+00,1.409215927124023438e+00,1.388735413551330566e+00,1.369252800941467285e+00,1.350714683532714844e+00,1.333073139190673828e+00,1.316281795501708984e+00,1.300299525260925293e+00,1.285086870193481445e+00,1.270609498023986816e+00,1.256832957267761230e+00,1.243726491928100586e+00,1.231261968612670898e+00,1.219412565231323242e+00,1.208153247833251953e+00,1.197461724281311035e+00,1.187316179275512695e+00,1.177696824073791504e+00,1.168585300445556641e+00,1.159964084625244141e+00,1.151817679405212402e+00,1.144130825996398926e+00,1.136889696121215820e+00,1.130082130432128906e+00,1.123695492744445801e+00,1.117719531059265137e+00,1.112143397331237793e+00,1.106958389282226562e+00,1.102155804634094238e+00,1.097727417945861816e+00,1.093666434288024902e+00,1.089965820312500000e+00,1.086620450019836426e+00,1.083624482154846191e+00,1.080973267555236816e+00,1.078662872314453125e+00,1.076689720153808594e+00,1.075050354003906250e+00,1.073742747306823730e+00,1.072764635086059570e+00,1.072114706039428711e+00,1.071791648864746094e+00,esquerda
5.969396114349365234e+00,5.971235275268554688e+00,5.974894523620605469e+00,5.980382919311523438e+00,5.987707138061523438e+00,5.996877193450927734e+00,6.007909297943115234e+00,6.020819187164306641e+00,6.035626411437988281e+00,6.052354812622070312e+00,6.071031570434570312e+00,6.091685295104980469e+00,6.114347934722900391e+00,6.139057159423828125e+00,6.165852546691894531e+00,6.194778919219970703e+00,6.225882530212402344e+00,6.259216308593750000e+00,6.281447887420654297e+00,6.167562007904052734e+00,5.878243923187255859e+00,5.616770267486572266e+00,5.377746582031250000e+00,5.159428596496582031e+00,4.961668491363525391e+00,4.779249191284179688e+00,4.610610485076904297e+00,4.453804016113281250e+00,4.310304164886474609e+00,4.176472663879394531e+00,4.050930023193359375e+00,3.935007095336914062e+00,3.826007366180419922e+00,3.723730087280273438e+00,3.628575563430786133e+00,3.538258790969848633e+00,3.454474687576293945e+00,3.374620199203491211e+00,3.299703598022460938e+00,3.229067087173461914e+00,3.161902666091918945e+00,3.098641633987426758e+00,3.038862705230712891e+00,2.981932640075683594e+00,2.928157567977905273e+00,2.876929759979248047e+00,2.828863620758056641e+00,2.783210754394531250e+00,2.739829301834106445e+00,2.698588371276855469e+00,2.659368515014648438e+00,2.622060298919677734e+00,2.586560964584350586e+00,2.552777767181396484e+00,2.520623922348022461e+00,2.490017652511596680e+00,2.460886478424072266e+00,2.433162927627563477e+00,2.406781673431396484e+00,2.381683349609375000e+00,2.357814550399780273e+00,2.335123062133789062e+00,2.313562154769897461e+00,2.293088197708129883e+00,2.273660421371459961e+00,2.255239486694335938e+00,2.237791299819946289e+00,2.221282243728637695e+00,2.205682277679443359e+00,2.190961837768554688e+00,2.177095890045166016e+00,2.164059400558471680e+00,2.151829481124877930e+00,2.140385627746582031e+00,2.129708051681518555e+00,2.119778633117675781e+00,2.110581636428833008e+00,2.102101564407348633e+00,2.094324827194213867e+00,2.087238788604736328e+00,2.080832242965698242e+00,2.075095176696777344e+00,2.070018291473388672e+00,2.065594196319580078e+00,2.061815023422241211e+00,2.058676242828369141e+00,2.056171894073486328e+00,2.054299116134643555e+00,2.053054332733154297e+00,2.052435874938964844e+00,2.052442789077758789e+00,2.053075075149536133e+00,2.054333686828613281e+00,2.056220531463623047e+00,2.058738708496093750e+00,2.061891555786132812e+00,2.065684556961059570e+00,2.070123434066772461e+00,2.075214624404907227e+00,2.080966472625732422e+00,2.087387323379516602e+00,2.094488859176635742e+00,2.102281093597412109e+00,2.110776901245117188e+00,2.119989871978759766e+00,2.129935026168823242e+00,2.140629529953002930e+00,2.152090549468994141e+00,2.164338111877441406e+00,2.177392721176147461e+00,2.191277503967285156e+00,2.206016540527343750e+00,2.221636295318603516e+00,2.238165855407714844e+00,2.255635023117065430e+00,2.274078130722045898e+00,2.293528318405151367e+00,2.314026117324829102e+00,2.255276203155517578e+00,2.185036897659301758e+00,2.119140863418579102e+00,2.058287382125854492e+00,2.001061439514160156e+00,1.947358489036560059e+00,1.897386908531188965e+00,1.849949121475219727e+00,1.805934190750122070e+00,1.763975620269775391e+00,1.724603414535522461e+00,1.687470674514770508e+00,1.652155041694641113e+00,1.618881702423095703e+00,1.587429642677307129e+00,1.557465672492980957e+00,1.529151320457458496e+00,1.502345919609069824e+00,1.477245092391967773e+00,1.453405261039733887e+00,1.430751204490661621e+00,1.409214973449707031e+00,1.388734579086303711e+00,1.369252085685729980e+00,1.350713968276977539e+00,1.333072304725646973e+00,1.316280961036682129e+00,1.300298571586608887e+00,1.285086274147033691e+00,1.270608663558959961e+00,1.256832003593444824e+00,1.243725776672363281e+00,1.231261253356933594e+00,1.219411730766296387e+00,1.208152532577514648e+00,1.197461128234863281e+00,1.187315583229064941e+00,1.177696108818054199e+00,1.168584585189819336e+00,1.159963488578796387e+00,1.151817083358764648e+00,1.144130110740661621e+00,1.136888980865478516e+00,1.130081415176391602e+00,1.123694777488708496e+00,1.117718935012817383e+00,1.112142801284790039e+00,1.106957793235778809e+00,1.102154970169067383e+00,1.097726702690124512e+00,1.093665719032287598e+00,1.089965224266052246e+00,1.086619853973388672e+00,1.083623886108398438e+00,1.080972552299499512e+00,1.078662157058715820e+00,1.076689004898071289e+00,1.075049638748168945e+00,1.073742032051086426e+00,1.072763800621032715e+00,1.072113990783691406e+00,1.071791052818298340e+00,esquerda
5.969395160675048828e+00,5.971234321594238281e+00,5.974894046783447266e+00,5.980382442474365234e+00,5.987706661224365234e+00,5.996876716613769531e+00,6.007908821105957031e+00,6.020817756652832031e+00,6.035625457763671875e+00,6.052353858947753906e+00,6.071030616760253906e+00,6.091684341430664062e+00,6.114346981048583984e+00,6.139056205749511719e+00,6.165851593017578125e+00,6.194778442382812500e+00,6.225882053375244141e+00,6.259215831756591797e+00,6.278778553009033203e+00,6.156493663787841797e+00,5.867710590362548828e+00,5.606718540191650391e+00,5.368134021759033203e+00,5.150216579437255859e+00,4.952818870544433594e+00,4.770732402801513672e+00,4.602401733398437500e+00,4.445880413055419922e+00,4.302640914916992188e+00,4.169052600860595703e+00,4.043737411499023438e+00,3.928024530410766602e+00,3.819221258163452148e+00,3.717128515243530273e+00,3.622145414352416992e+00,3.531991720199584961e+00,3.448357582092285156e+00,3.368647336959838867e+00,3.293864727020263672e+00,3.223355293273925781e+00,3.156311511993408203e+00,3.093163728713989258e+00,3.033491611480712891e+00,2.976662874221801758e+00,2.922984123229980469e+00,2.871903181076049805e+00,2.823921203613281250e+00,2.778347730636596680e+00,2.735041856765747070e+00,2.693873405456542969e+00,2.654721975326538086e+00,2.617479085922241211e+00,2.582041740417480469e+00,2.548317432403564453e+00,2.516219377517700195e+00,2.485666751861572266e+00,2.456586360931396484e+00,2.428910970687866211e+00,2.402575731277465820e+00,2.377521514892578125e+00,2.353694200515747070e+00,2.331042528152465820e+00,2.309519529342651367e+00,2.289081096649169922e+00,2.269686937332153320e+00,2.251298427581787109e+00,2.233880758285522461e+00,2.217400312423706055e+00,2.201827526092529297e+00,2.187132835388183594e+00,2.173290967941284180e+00,2.160277605056762695e+00,2.148068904876708984e+00,2.136644840240478516e+00,2.125985860824584961e+00,2.116074085235595703e+00,2.106893062591552734e+00,2.098427772521972656e+00,2.090664625167846680e+00,2.083590984344482422e+00,2.077195644378662109e+00,2.071468353271484375e+00,2.066400289535522461e+00,2.061983823776245117e+00,2.058211565017700195e+00,2.055078029632568359e+00,2.052578210830688477e+00,2.050708532333374023e+00,2.049465894699096680e+00,2.048848628997802734e+00,2.048855543136596680e+00,2.049486637115478516e+00,2.050742864608764648e+00,2.052626132965087891e+00,2.055140018463134766e+00,2.058287620544433594e+00,2.062073945999145508e+00,2.066504955291748047e+00,2.071587324142456055e+00,2.077328681945800781e+00,2.083738803863525391e+00,2.090827941894531250e+00,2.098606348037719727e+00,2.107087135314941406e+00,2.116283655166625977e+00,2.126211881637573242e+00,2.136887311935424805e+00,2.148328542709350586e+00,2.160554647445678711e+00,2.173586130142211914e+00,2.187446832656860352e+00,2.202160358428955078e+00,2.217752695083618164e+00,2.234253168106079102e+00,2.251691579818725586e+00,2.270102500915527344e+00,2.289518833160400391e+00,2.309980392456054688e+00,2.255359411239624023e+00,2.185114383697509766e+00,2.119213104248046875e+00,2.058354854583740234e+00,2.001124620437622070e+00,1.947417616844177246e+00,1.897442460060119629e+00,1.850001335144042969e+00,1.805983424186706543e+00,1.764022231101989746e+00,1.724647164344787598e+00,1.687512040138244629e+00,1.652194261550903320e+00,1.618918895721435547e+00,1.587464928627014160e+00,1.557499170303344727e+00,1.529182910919189453e+00,1.502346396446228027e+00,1.477245807647705078e+00,1.453405976295471191e+00,1.430751681327819824e+00,1.409215450286865234e+00,1.388735055923461914e+00,1.369252562522888184e+00,1.350714445114135742e+00,1.333072662353515625e+00,1.316281437873840332e+00,1.300298929214477539e+00,1.285086512565612793e+00,1.270608901977539062e+00,1.256832361221313477e+00,1.243726015090942383e+00,1.231261372566223145e+00,1.219411849975585938e+00,1.208152770996093750e+00,1.197461128234863281e+00,1.187315702438354492e+00,1.177696347236633301e+00,1.168584585189819336e+00,1.159963607788085938e+00,1.151817202568054199e+00,1.144130110740661621e+00,1.136889219284057617e+00,1.130081534385681152e+00,1.123695015907287598e+00,1.117718935012817383e+00,1.112142920494079590e+00,1.106957912445068359e+00,1.102155089378356934e+00,1.097726702690124512e+00,1.093665838241577148e+00,1.089965343475341797e+00,1.086619853973388672e+00,1.083623886108398438e+00,1.080972552299499512e+00,1.078662157058715820e+00,1.076688885688781738e+00,1.075049638748168945e+00,1.073742032051086426e+00,1.072763800621032715e+00,1.072113871574401855e+00,1.071790933609008789e+00,esquerda
5.969397068023681641e+00,5.971236228942871094e+00,5.974895954132080078e+00,5.980383872985839844e+00,5.987708091735839844e+00,5.996878147125244141e+00,6.007910251617431641e+00,6.020820140838623047e+00,6.035627365112304688e+00,6.052356243133544922e+00,6.071033000946044922e+00,6.091686248779296875e+00,6.114348888397216797e+00,6.139058589935302734e+00,6.165854454040527344e+00,6.194780349731445312e+00,6.225883483886718750e+00,6.259217739105224609e+00,6.276111602783203125e+00,6.145428180694580078e+00,5.857178688049316406e+00,5.596668720245361328e+00,5.358523368835449219e+00,5.141005516052246094e+00,4.943970203399658203e+00,4.762216567993164062e+00,4.594192981719970703e+00,4.437956809997558594e+00,4.294978618621826172e+00,4.161632537841796875e+00,4.036545276641845703e+00,3.921041965484619141e+00,3.812435865402221680e+00,3.710527896881103516e+00,3.615716457366943359e+00,3.525724649429321289e+00,3.442241907119750977e+00,3.362674474716186523e+00,3.288026809692382812e+00,3.217643976211547852e+00,3.150720834732055664e+00,3.087686061859130859e+00,3.028121232986450195e+00,2.971394538879394531e+00,2.917811155319213867e+00,2.866871833801269531e+00,2.818973779678344727e+00,2.773480653762817383e+00,2.730250597000122070e+00,2.689154148101806641e+00,2.650071382522583008e+00,2.612893819808959961e+00,2.577518701553344727e+00,2.543853282928466797e+00,2.511811494827270508e+00,2.481312513351440430e+00,2.452283382415771484e+00,2.424656391143798828e+00,2.398367404937744141e+00,2.373357057571411133e+00,2.349571466445922852e+00,2.326959371566772461e+00,2.305474042892456055e+00,2.285071849822998047e+00,2.265711784362792969e+00,2.247355461120605469e+00,2.229968070983886719e+00,2.213516950607299805e+00,2.197971105575561523e+00,2.183302402496337891e+00,2.169484853744506836e+00,2.156494379043579102e+00,2.144307136535644531e+00,2.132902860641479492e+00,2.122262716293334961e+00,2.112367868423461914e+00,2.103203058242797852e+00,2.094753026962280273e+00,2.087003469467163086e+00,2.079941749572753906e+00,2.073557853698730469e+00,2.067840814590454102e+00,2.062781810760498047e+00,2.058372735977172852e+00,2.054607152938842773e+00,2.051479339599609375e+00,2.048983812332153320e+00,2.047117233276367188e+00,2.045876979827880859e+00,2.045260667800903320e+00,2.045267581939697266e+00,2.045897483825683594e+00,2.047152042388916016e+00,2.049031972885131836e+00,2.051541090011596680e+00,2.054683446884155273e+00,2.058463096618652344e+00,2.062886238098144531e+00,2.067959785461425781e+00,2.073691606521606445e+00,2.080090284347534180e+00,2.087167024612426758e+00,2.094931602478027344e+00,2.103397846221923828e+00,2.112578153610229492e+00,2.122488975524902344e+00,2.133146286010742188e+00,2.144567251205444336e+00,2.156771659851074219e+00,2.169780731201171875e+00,2.183616876602172852e+00,2.198304414749145508e+00,2.213869810104370117e+00,2.230341434478759766e+00,2.247749805450439453e+00,2.266127824783325195e+00,2.285510301589965820e+00,2.305936574935913086e+00,2.255429267883300781e+00,2.185178995132446289e+00,2.119273185729980469e+00,2.058410644531250000e+00,2.001176834106445312e+00,1.947466254234313965e+00,1.897488117218017578e+00,1.850044131278991699e+00,1.806023359298706055e+00,1.764059543609619141e+00,1.724682331085205078e+00,1.687545418739318848e+00,1.652225613594055176e+00,1.618948459625244141e+00,1.587492704391479492e+00,1.557525515556335449e+00,1.529207825660705566e+00,1.502343893051147461e+00,1.477243185043334961e+00,1.453403353691101074e+00,1.430749297142028809e+00,1.409213185310363770e+00,1.388732790946960449e+00,1.369250297546386719e+00,1.350712299346923828e+00,1.333070635795593262e+00,1.316279172897338867e+00,1.300297021865844727e+00,1.285084605216979980e+00,1.270607113838195801e+00,1.256830453872680664e+00,1.243724226951599121e+00,1.231259584426879883e+00,1.219410181045532227e+00,1.208151102066040039e+00,1.197459340095520020e+00,1.187314033508300781e+00,1.177694678306579590e+00,1.168583035469055176e+00,1.159962058067321777e+00,1.151815652847290039e+00,1.144128680229187012e+00,1.136887669563293457e+00,1.130080103874206543e+00,1.123693585395812988e+00,1.117717504501342773e+00,1.112141251564025879e+00,1.106956362724304199e+00,1.102153658866882324e+00,1.097725272178649902e+00,1.093664407730102539e+00,1.089963793754577637e+00,1.086618304252624512e+00,1.083622455596923828e+00,1.080971121788024902e+00,1.078660726547241211e+00,1.076687574386596680e+00,1.075048327445983887e+00,1.073740720748901367e+00,1.072762489318847656e+00,1.072112560272216797e+00,1.071789622306823730e+00,esquerda
5.969397544860839844e+00,5.971236705780029297e+00,5.974896430969238281e+00,5.980384826660156250e+00,5.987709045410156250e+00,5.996878623962402344e+00,6.007910728454589844e+00,6.020820617675781250e+00,6.035627841949462891e+00,6.052356719970703125e+00,6.071033477783203125e+00,6.091686725616455078e+00,6.114349365234375000e+00,6.139059066772460938e+00,6.165854930877685547e+00,6.194780826568603516e+00,6.225883960723876953e+00,6.259218215942382812e+00,6.273725986480712891e+00,6.135514736175537109e+00,5.847686290740966797e+00,5.587560176849365234e+00,5.349768161773681641e+00,5.132575511932373047e+00,4.935836791992187500e+00,4.754358768463134766e+00,4.586590766906738281e+00,4.430593967437744141e+00,4.287835121154785156e+00,4.154695510864257812e+00,4.029801368713378906e+00,3.914477109909057617e+00,3.806040525436401367e+00,3.704292297363281250e+00,3.609629869461059570e+00,3.519780158996582031e+00,3.436429262161254883e+00,3.356987714767456055e+00,3.282458305358886719e+00,3.212187051773071289e+00,3.145370244979858398e+00,3.082435846328735352e+00,3.022965669631958008e+00,2.966329574584960938e+00,2.912832021713256836e+00,2.861842632293701172e+00,2.814028739929199219e+00,2.768615484237670898e+00,2.725461244583129883e+00,2.684436559677124023e+00,2.645422697067260742e+00,2.608309745788574219e+00,2.572996616363525391e+00,2.539390802383422852e+00,2.507405281066894531e+00,2.476959705352783203e+00,2.447981357574462891e+00,2.420402765274047852e+00,2.394160270690917969e+00,2.369193315505981445e+00,2.345449686050415039e+00,2.322877407073974609e+00,2.301429510116577148e+00,2.281063079833984375e+00,2.261737108230590820e+00,2.243412733078002930e+00,2.226056098937988281e+00,2.209633588790893555e+00,2.194115161895751953e+00,2.179471969604492188e+00,2.165678977966308594e+00,2.152710914611816406e+00,2.140545129776000977e+00,2.129161119461059570e+00,2.118539571762084961e+00,2.108662128448486328e+00,2.099513292312622070e+00,2.091077804565429688e+00,2.083342075347900391e+00,2.076292753219604492e+00,2.069920063018798828e+00,2.064213275909423828e+00,2.059163093566894531e+00,2.054761648178100586e+00,2.051002740859985352e+00,2.047880172729492188e+00,2.045389175415039062e+00,2.043526172637939453e+00,2.042288064956665039e+00,2.041672945022583008e+00,2.041679859161376953e+00,2.042308568954467773e+00,2.043560504913330078e+00,2.045437097549438477e+00,2.047942399978637695e+00,2.051079034805297852e+00,2.054852008819580078e+00,2.059267044067382812e+00,2.064331769943237305e+00,2.070053577423095703e+00,2.076441287994384766e+00,2.083505153656005859e+00,2.091256380081176758e+00,2.099707603454589844e+00,2.108872175216674805e+00,2.118765592575073242e+00,2.129404067993164062e+00,2.140804767608642578e+00,2.152987957000732422e+00,2.165974140167236328e+00,2.179786205291748047e+00,2.194447994232177734e+00,2.209985971450805664e+00,2.226428747177124023e+00,2.243806123733520508e+00,2.262152433395385742e+00,2.281500816345214844e+00,2.301891088485717773e+00,2.255362272262573242e+00,2.185114622116088867e+00,2.119211435317993164e+00,2.058351278305053711e+00,2.001119375228881836e+00,1.947410941123962402e+00,1.897434473037719727e+00,1.849992156028747559e+00,1.805973172187805176e+00,1.764010787010192871e+00,1.724635004997253418e+00,1.687499046325683594e+00,1.652180433273315430e+00,1.618904352188110352e+00,1.587449789047241211e+00,1.557483673095703125e+00,1.529166936874389648e+00,1.502343297004699707e+00,1.477242469787597656e+00,1.453402757644653320e+00,1.430748581886291504e+00,1.409212470054626465e+00,1.388731956481933594e+00,1.369249463081359863e+00,1.350711345672607422e+00,1.333069801330566406e+00,1.316278576850891113e+00,1.300296187400817871e+00,1.285083770751953125e+00,1.270606160163879395e+00,1.256829619407653809e+00,1.243723392486572266e+00,1.231258869171142578e+00,1.219409346580505371e+00,1.208150267601013184e+00,1.197458744049072266e+00,1.187313199043273926e+00,1.177693963050842285e+00,1.168582201004028320e+00,1.159961104393005371e+00,1.151814579963684082e+00,1.144127726554870605e+00,1.136886835098266602e+00,1.130079030990600586e+00,1.123692631721496582e+00,1.117716431617736816e+00,1.112140536308288574e+00,1.106955289840698242e+00,1.102152943611145020e+00,1.097724318504333496e+00,1.093663454055786133e+00,1.089962959289550781e+00,1.086617350578308105e+00,1.083621501922607422e+00,1.080970287322998047e+00,1.078659892082214355e+00,1.076686620712280273e+00,1.075047373771667480e+00,1.073739647865295410e+00,1.072761416435241699e+00,1.072111606597900391e+00,1.071788668632507324e+00,esquerda
5.969397068023681641e+00,5.971236228942871094e+00,5.974896430969238281e+00,5.980384349822998047e+00,5.987709045410156250e+00,5.996878623962402344e+00,6.007910728454589844e+00,6.020820140838623047e+00,6.035627365112304688e+00,6.052356243133544922e+00,6.071033000946044922e+00,6.091686248779296875e+00,6.114348888397216797e+00,6.139058589935302734e+00,6.165854454040527344e+00,6.194780826568603516e+00,6.225883960723876953e+00,6.259218215942382812e+00,6.271053314208984375e+00,6.124431610107421875e+00,5.837141036987304688e+00,5.577497959136962891e+00,5.340147018432617188e+00,5.123357295989990234e+00,4.926981449127197266e+00,4.745837211608886719e+00,4.578377723693847656e+00,4.422667026519775391e+00,4.280170440673828125e+00,4.147273540496826172e+00,4.022607803344726562e+00,3.907494544982910156e+00,3.799254894256591797e+00,3.697691202163696289e+00,3.603200197219848633e+00,3.513513088226318359e+00,3.430312633514404297e+00,3.351014852523803711e+00,3.276619911193847656e+00,3.206475734710693359e+00,3.139778375625610352e+00,3.076957941055297852e+00,3.017595052719116211e+00,2.961060762405395508e+00,2.907659053802490234e+00,2.856810092926025391e+00,2.809079885482788086e+00,2.763746261596679688e+00,2.720668077468872070e+00,2.679715633392333984e+00,2.640770196914672852e+00,2.603723049163818359e+00,2.568472146987915039e+00,2.534924983978271484e+00,2.502995729446411133e+00,2.472603797912597656e+00,2.443676233291625977e+00,2.416146516799926758e+00,2.389949560165405273e+00,2.365026950836181641e+00,2.341325044631958008e+00,2.318792343139648438e+00,2.297382354736328125e+00,2.277051687240600586e+00,2.257759571075439453e+00,2.239467620849609375e+00,2.222141504287719727e+00,2.205747842788696289e+00,2.190256834030151367e+00,2.175639390945434570e+00,2.161870479583740234e+00,2.148925065994262695e+00,2.136780977249145508e+00,2.125416994094848633e+00,2.114814043045043945e+00,2.104954242706298828e+00,2.095821380615234375e+00,2.087400674819946289e+00,2.079678297042846680e+00,2.072641849517822266e+00,2.066280126571655273e+00,2.060583114624023438e+00,2.055541753768920898e+00,2.051148414611816406e+00,2.047396183013916016e+00,2.044278860092163086e+00,2.041792392730712891e+00,2.039932489395141602e+00,2.038696527481079102e+00,2.038082361221313477e+00,2.038089275360107422e+00,2.038717269897460938e+00,2.039966821670532227e+00,2.041840314865112305e+00,2.044340848922729492e+00,2.047472000122070312e+00,2.051238536834716797e+00,2.055645942687988281e+00,2.060701608657836914e+00,2.066413164138793945e+00,2.072789430618286133e+00,2.079841375350952148e+00,2.087579011917114258e+00,2.096015214920043945e+00,2.105163812637329102e+00,2.115039587020874023e+00,2.125659227371215820e+00,2.137040138244628906e+00,2.149201869964599609e+00,2.162165403366088867e+00,2.175952911376953125e+00,2.190589189529418945e+00,2.206099510192871094e+00,2.222512960433959961e+00,2.239860534667968750e+00,2.258174180984497070e+00,2.277488470077514648e+00,2.297842979431152344e+00,2.255294561386108398e+00,2.185053586959838867e+00,2.119156360626220703e+00,2.058301687240600586e+00,2.001074790954589844e+00,1.947370290756225586e+00,1.897397875785827637e+00,1.849959373474121094e+00,1.805943608283996582e+00,1.763984322547912598e+00,1.724611520767211914e+00,1.687478065490722656e+00,1.652161955833435059e+00,1.618888139724731445e+00,1.587435722351074219e+00,1.557471275329589844e+00,1.529156327247619629e+00,1.502343654632568359e+00,1.477243065834045410e+00,1.453402996063232422e+00,1.430748939514160156e+00,1.409212708473205566e+00,1.388732433319091797e+00,1.369249820709228516e+00,1.350711703300476074e+00,1.333070158958435059e+00,1.316278934478759766e+00,1.300296425819396973e+00,1.285084128379821777e+00,1.270606517791748047e+00,1.256829977035522461e+00,1.243723869323730469e+00,1.231259226799011230e+00,1.219409704208374023e+00,1.208150625228881836e+00,1.197458982467651367e+00,1.187313556671142578e+00,1.177694201469421387e+00,1.168582439422607422e+00,1.159961462020874023e+00,1.151815056800842285e+00,1.144127964973449707e+00,1.136887192726135254e+00,1.130079269409179688e+00,1.123692989349365234e+00,1.117716670036315918e+00,1.112140893936157227e+00,1.106955647468566895e+00,1.102153182029724121e+00,1.097724556922912598e+00,1.093663692474365234e+00,1.089963316917419434e+00,1.086617708206176758e+00,1.083621740341186523e+00,1.080970525741577148e+00,1.078660011291503906e+00,1.076686859130859375e+00,1.075047612190246582e+00,1.073740005493164062e+00,1.072761774063110352e+00,1.072111845016479492e+00,1.071788787841796875e+00,esquerda
5.969398975372314453e+00,5.971238613128662109e+00,5.974898338317871094e+00,5.980386257171630859e+00,5.987710475921630859e+00,5.996880531311035156e+00,6.007912635803222656e+00,6.020822048187255859e+00,6.035629749298095703e+00,6.052358150482177734e+00,6.071034908294677734e+00,6.091688632965087891e+00,6.114350795745849609e+00,6.139060974121093750e+00,6.165856361389160156e+00,6.194782733917236328e+00,6.225885868072509766e+00,6.259219646453857422e+00,6.268387317657470703e+00,6.113367557525634766e+00,5.826610088348388672e+00,5.567448616027832031e+00,5.330536365509033203e+00,5.114146232604980469e+00,4.918131828308105469e+00,4.737320423126220703e+00,4.570168018341064453e+00,4.414742946624755859e+00,4.272506237030029297e+00,4.139852523803710938e+00,4.015414237976074219e+00,3.900510311126708984e+00,3.792467594146728516e+00,3.691088438034057617e+00,3.596768856048583984e+00,3.507244110107421875e+00,3.424194574356079102e+00,3.345040321350097656e+00,3.270779848098754883e+00,3.200762033462524414e+00,3.134185791015625000e+00,3.071478128433227539e+00,3.012222290039062500e+00,2.955789566040039062e+00,2.902484178543090820e+00,2.851775884628295898e+00,2.804130077362060547e+00,2.758876323699951172e+00,2.715873956680297852e+00,2.674993991851806641e+00,2.636116981506347656e+00,2.599135160446166992e+00,2.563946247100830078e+00,2.530458211898803711e+00,2.498585224151611328e+00,2.468246698379516602e+00,2.439370393753051758e+00,2.411889076232910156e+00,2.385738372802734375e+00,2.360859632492065430e+00,2.337199449539184570e+00,2.314706563949584961e+00,2.293334007263183594e+00,2.273039340972900391e+00,2.253781080245971680e+00,2.235521316528320312e+00,2.218225717544555664e+00,2.201861143112182617e+00,2.186397075653076172e+00,2.171805858612060547e+00,2.158061027526855469e+00,2.145138502120971680e+00,2.133015632629394531e+00,2.121671676635742188e+00,2.111087322235107422e+00,2.101244926452636719e+00,2.092128276824951172e+00,2.083722352981567383e+00,2.076013565063476562e+00,2.068989515304565430e+00,2.062638998031616211e+00,2.056951999664306641e+00,2.051919698715209961e+00,2.047533988952636719e+00,2.043788194656372070e+00,2.040676593780517578e+00,2.038194417953491211e+00,2.036337852478027344e+00,2.035103797912597656e+00,2.034491062164306641e+00,2.034497976303100586e+00,2.035124778747558594e+00,2.036372423171997070e+00,2.038242340087890625e+00,2.040738582611083984e+00,2.043864011764526367e+00,2.047623634338378906e+00,2.052023649215698242e+00,2.057070493698120117e+00,2.062772035598754883e+00,2.069137096405029297e+00,2.076176404953002930e+00,2.083900451660156250e+00,2.092321634292602539e+00,2.101454019546508789e+00,2.111312627792358398e+00,2.121913671493530273e+00,2.133274793624877930e+00,2.145414829254150391e+00,2.158355236053466797e+00,2.172118425369262695e+00,2.186728954315185547e+00,2.202212095260620117e+00,2.218597173690795898e+00,2.235913753509521484e+00,2.254195451736450195e+00,2.273475885391235352e+00,2.293793916702270508e+00,2.255396127700805664e+00,2.185148477554321289e+00,2.119245052337646484e+00,2.058384656906127930e+00,2.001152515411376953e+00,1.947443842887878418e+00,1.897467017173767090e+00,1.850024700164794922e+00,1.806005120277404785e+00,1.764042735099792480e+00,1.724666595458984375e+00,1.687530398368835449e+00,1.652211427688598633e+00,1.618935346603393555e+00,1.587480425834655762e+00,1.557513833045959473e+00,1.529197096824645996e+00,1.502342581748962402e+00,1.477242231369018555e+00,1.453402042388916016e+00,1.430747985839843750e+00,1.409211993217468262e+00,1.388731479644775391e+00,1.369248867034912109e+00,1.350710749626159668e+00,1.333069205284118652e+00,1.316277980804443359e+00,1.300295591354370117e+00,1.285083174705505371e+00,1.270605802536010742e+00,1.256829142570495605e+00,1.243722915649414062e+00,1.231258273124694824e+00,1.219408750534057617e+00,1.208149790763854980e+00,1.197458148002624512e+00,1.187312841415405273e+00,1.177693367004394531e+00,1.168581724166870117e+00,1.159960746765136719e+00,1.151814222335815430e+00,1.144127368927001953e+00,1.136886358261108398e+00,1.130078554153442383e+00,1.123692274093627930e+00,1.117716073989868164e+00,1.112140178680419922e+00,1.106954932212829590e+00,1.102152466773986816e+00,1.097723841667175293e+00,1.093662977218627930e+00,1.089962601661682129e+00,1.086616992950439453e+00,1.083621144294738770e+00,1.080969810485839844e+00,1.078659415245056152e+00,1.076686263084411621e+00,1.075047016143798828e+00,1.073739290237426758e+00,1.072761058807373047e+00,1.072111129760742188e+00,1.071788191795349121e+00,esquerda
5.969399452209472656e+00,5.971239089965820312e+00,5.974898338317871094e+00,5.980386734008789062e+00,5.987710952758789062e+00,5.996881008148193359e+00,6.007913112640380859e+00,6.020823001861572266e+00,6.035630226135253906e+00,6.052358627319335938e+00,6.071035385131835938e+00,6.091689109802246094e+00,6.114351272583007812e+00,6.139061450958251953e+00,6.165856838226318359e+00,6.194783687591552734e+00,6.225886344909667969e+00,6.259220123291015625e+00,6.265822887420654297e+00,6.102716445922851562e+00,5.816423416137695312e+00,5.557684898376464844e+00,5.321161746978759766e+00,5.105127811431884766e+00,4.909437656402587891e+00,4.728928089141845703e+00,4.562055110931396484e+00,4.406889438629150391e+00,4.264892101287841797e+00,4.132462501525878906e+00,4.008234024047851562e+00,3.893527507781982422e+00,3.785681724548339844e+00,3.684487104415893555e+00,3.590338945388793945e+00,3.500977277755737305e+00,3.418078422546386719e+00,3.339067697525024414e+00,3.264941930770874023e+00,3.195050954818725586e+00,3.128594636917114258e+00,3.066000461578369141e+00,3.006851434707641602e+00,2.950520515441894531e+00,2.897310972213745117e+00,2.846746683120727539e+00,2.799185037612915039e+00,2.754010677337646484e+00,2.711084365844726562e+00,2.670276403427124023e+00,2.631468057632446289e+00,2.594551324844360352e+00,2.559424877166748047e+00,2.525995731353759766e+00,2.494179248809814453e+00,2.463893890380859375e+00,2.435068607330322266e+00,2.407635688781738281e+00,2.381531238555908203e+00,2.356696367263793945e+00,2.333077907562255859e+00,2.310624361038208008e+00,2.289289951324462891e+00,2.269030809402465820e+00,2.249806404113769531e+00,2.231579065322875977e+00,2.214313983917236328e+00,2.197978019714355469e+00,2.182541608810424805e+00,2.167975664138793945e+00,2.154255390167236328e+00,2.141355514526367188e+00,2.129254102706909180e+00,2.117929935455322266e+00,2.107364654541015625e+00,2.097539424896240234e+00,2.088438749313354492e+00,2.080047845840454102e+00,2.072352647781372070e+00,2.065340995788574219e+00,2.059001445770263672e+00,2.053324699401855469e+00,2.048301219940185547e+00,2.043923139572143555e+00,2.040184020996093750e+00,2.037077903747558594e+00,2.034600019454956055e+00,2.032747030258178711e+00,2.031515121459960938e+00,2.030903339385986328e+00,2.030910253524780273e+00,2.031535625457763672e+00,2.032780885696411133e+00,2.034647941589355469e+00,2.037139654159545898e+00,2.040259838104248047e+00,2.044013023376464844e+00,2.048405170440673828e+00,2.053442955017089844e+00,2.059134244918823242e+00,2.065488100051879883e+00,2.072515249252319336e+00,2.080225467681884766e+00,2.088631868362426758e+00,2.097748279571533203e+00,2.107589483261108398e+00,2.118171453475952148e+00,2.129512310028076172e+00,2.141631364822387695e+00,2.154548883438110352e+00,2.168288230895996094e+00,2.182872772216796875e+00,2.198328733444213867e+00,2.214684486389160156e+00,2.231970787048339844e+00,2.250219821929931641e+00,2.269466400146484375e+00,2.289748907089233398e+00,2.255473136901855469e+00,2.185220003128051758e+00,2.119311809539794922e+00,2.058446884155273438e+00,2.001210927963256836e+00,1.947498440742492676e+00,1.897518396377563477e+00,1.850072860717773438e+00,1.806050658226013184e+00,1.764085412025451660e+00,1.724707007408142090e+00,1.687568783760070801e+00,1.652247667312622070e+00,1.618969559669494629e+00,1.587512969970703125e+00,1.557544708251953125e+00,1.529226183891296387e+00,1.502340078353881836e+00,1.477239608764648438e+00,1.453399658203125000e+00,1.430745720863342285e+00,1.409209609031677246e+00,1.388729214668273926e+00,1.369246602058410645e+00,1.350708484649658203e+00,1.333067178726196289e+00,1.316275954246520996e+00,1.300293564796447754e+00,1.285081148147583008e+00,1.270603775978088379e+00,1.256827235221862793e+00,1.243720889091491699e+00,1.231256484985351562e+00,1.219406962394714355e+00,1.208147764205932617e+00,1.197456479072570801e+00,1.187310814857482910e+00,1.177691578865051270e+00,1.168579936027526855e+00,1.159958958625793457e+00,1.151812434196472168e+00,1.144125699996948242e+00,1.136884689331054688e+00,1.130076885223388672e+00,1.123690605163574219e+00,1.117714405059814453e+00,1.112138628959655762e+00,1.106953382492065430e+00,1.102150797843933105e+00,1.097722411155700684e+00,1.093661546707153320e+00,1.089961051940917969e+00,1.086615443229675293e+00,1.083619713783264160e+00,1.080968379974365234e+00,1.078657984733581543e+00,1.076684832572937012e+00,1.075045466423034668e+00,1.073737859725952148e+00,1.072759628295898438e+00,1.072109699249267578e+00,1.071786761283874512e+00,esquerda
5.969400882720947266e+00,5.971240043640136719e+00,5.974899291992187500e+00,5.980387687683105469e+00,5.987711906433105469e+00,5.996881961822509766e+00,6.007914066314697266e+00,6.020823955535888672e+00,6.035631179809570312e+00,6.052359580993652344e+00,6.071036338806152344e+00,6.091690063476562500e+00,6.114352703094482422e+00,6.139062404632568359e+00,6.165857791900634766e+00,6.194784641265869141e+00,6.225887298583984375e+00,6.259221553802490234e+00,6.263339519500732422e+00,6.092411518096923828e+00,5.806607723236083984e+00,5.548310279846191406e+00,5.312190055847167969e+00,5.096524715423583984e+00,4.901166439056396484e+00,4.720963954925537109e+00,4.554373741149902344e+00,4.399471759796142578e+00,4.257715225219726562e+00,4.125509262084960938e+00,4.001492023468017578e+00,3.886976718902587891e+00,3.779299736022949219e+00,3.678263902664184570e+00,3.584264039993286133e+00,3.495043754577636719e+00,3.412275552749633789e+00,3.333389997482299805e+00,3.259382486343383789e+00,3.189602613449096680e+00,3.123252391815185547e+00,3.060758113861083984e+00,3.001703262329101562e+00,2.945462703704833984e+00,2.892338514328002930e+00,2.841716051101684570e+00,2.794238090515136719e+00,2.749144077301025391e+00,2.706293344497680664e+00,2.665557146072387695e+00,2.626817464828491211e+00,2.589965820312500000e+00,2.554901123046875000e+00,2.521531343460083008e+00,2.489770889282226562e+00,2.459539175033569336e+00,2.430764913558959961e+00,2.403380393981933594e+00,2.377321720123291016e+00,2.352530717849731445e+00,2.328953981399536133e+00,2.306540250778198242e+00,2.285243511199951172e+00,2.265019893646240234e+00,2.245830059051513672e+00,2.227634429931640625e+00,2.210399627685546875e+00,2.194092750549316406e+00,2.178683519363403320e+00,2.164143562316894531e+00,2.150447368621826172e+00,2.137570142745971680e+00,2.125490188598632812e+00,2.114186048507690430e+00,2.103639364242553711e+00,2.093831539154052734e+00,2.084746837615966797e+00,2.076370716094970703e+00,2.068689346313476562e+00,2.061690092086791992e+00,2.055361747741699219e+00,2.049694776535034180e+00,2.044680118560791016e+00,2.040309906005859375e+00,2.036577463150024414e+00,2.033476591110229492e+00,2.031002998352050781e+00,2.029153347015380859e+00,2.027923583984375000e+00,2.027312755584716797e+00,2.027319431304931641e+00,2.027943849563598633e+00,2.029187202453613281e+00,2.031050682067871094e+00,2.033538103103637695e+00,2.036652565002441406e+00,2.040398836135864258e+00,2.044783353805541992e+00,2.049812316894531250e+00,2.055493354797363281e+00,2.061836242675781250e+00,2.068850755691528320e+00,2.076547622680664062e+00,2.084939241409301758e+00,2.094039201736450195e+00,2.103863000869750977e+00,2.114426374435424805e+00,2.125746965408325195e+00,2.137844562530517578e+00,2.150739192962646484e+00,2.164453983306884766e+00,2.179012775421142578e+00,2.194441318511962891e+00,2.210768461227416992e+00,2.228023767471313477e+00,2.246241092681884766e+00,2.265453100204467773e+00,2.285699844360351562e+00,2.255225658416748047e+00,2.184989452362060547e+00,2.119096517562866211e+00,2.058245658874511719e+00,2.001022100448608398e+00,1.947321176528930664e+00,1.897351622581481934e+00,1.849915742874145508e+00,1.805902361869812012e+00,1.763945579528808594e+00,1.724574446678161621e+00,1.687443494796752930e+00,1.652129054069519043e+00,1.618856906890869141e+00,1.587405920028686523e+00,1.557443141937255859e+00,1.529129385948181152e+00,1.502339124679565430e+00,1.477238535881042480e+00,1.453398704528808594e+00,1.430744647979736328e+00,1.409208893775939941e+00,1.388728499412536621e+00,1.369245886802673340e+00,1.350707769393920898e+00,1.333066463470458984e+00,1.316275238990783691e+00,1.300292849540710449e+00,1.285080313682556152e+00,1.270603060722351074e+00,1.256826639175415039e+00,1.243720054626464844e+00,1.231255769729614258e+00,1.219406247138977051e+00,1.208147048950195312e+00,1.197455763816833496e+00,1.187310338020324707e+00,1.177690744400024414e+00,1.168579339981079102e+00,1.159958362579345703e+00,1.151811957359313965e+00,1.144125103950500488e+00,1.136884093284606934e+00,1.130076408386230469e+00,1.123689889907836914e+00,1.117713689804077148e+00,1.112137913703918457e+00,1.106952786445617676e+00,1.102150201797485352e+00,1.097721695899963379e+00,1.093660950660705566e+00,1.089960336685180664e+00,1.086614847183227539e+00,1.083618998527526855e+00,1.080967783927917480e+00,1.078657388687133789e+00,1.076684117317199707e+00,1.075044870376586914e+00,1.073737263679504395e+00,1.072759032249450684e+00,1.072109103202819824e+00,1.071786165237426758e+00,esquerda
5.969401359558105469e+00,5.971240520477294922e+00,5.974900245666503906e+00,5.980388164520263672e+00,5.987712383270263672e+00,5.996882438659667969e+00,6.007914543151855469e+00,6.020824432373046875e+00,6.035631656646728516e+00,6.052360534667968750e+00,6.071037292480468750e+00,6.091690540313720703e+00,6.114353179931640625e+00,6.139062881469726562e+00,6.165858268737792969e+00,6.194785118103027344e+00,6.225887775421142578e+00,6.259222030639648438e+00,6.260665416717529297e+00,6.081319808959960938e+00,5.796051025390625000e+00,5.538236141204833984e+00,5.302555561065673828e+00,5.087291240692138672e+00,4.892295837402343750e+00,4.712426185607910156e+00,4.546144962310791016e+00,4.391529560089111328e+00,4.250033855438232422e+00,4.118071556091308594e+00,3.994281768798828125e+00,3.879977226257324219e+00,3.772497892379760742e+00,3.671648025512695312e+00,3.577820539474487305e+00,3.488762855529785156e+00,3.406147003173828125e+00,3.327405691146850586e+00,3.253532648086547852e+00,3.183880329132080078e+00,3.117650985717773438e+00,3.055270433425903320e+00,2.996323108673095703e+00,2.940184593200683594e+00,2.887156963348388672e+00,2.836683273315429688e+00,2.789289712905883789e+00,2.744275569915771484e+00,2.701500892639160156e+00,2.660836935043334961e+00,2.622165918350219727e+00,2.585379362106323242e+00,2.550376892089843750e+00,2.517066240310668945e+00,2.485362052917480469e+00,2.455183982849121094e+00,2.426460504531860352e+00,2.399124383926391602e+00,2.373112440109252930e+00,2.348365068435668945e+00,2.324830293655395508e+00,2.302456140518188477e+00,2.281197071075439453e+00,2.261009693145751953e+00,2.241853475570678711e+00,2.223690032958984375e+00,2.206486225128173828e+00,2.190207958221435547e+00,2.174826145172119141e+00,2.160311698913574219e+00,2.146639823913574219e+00,2.133785724639892578e+00,2.121727228164672852e+00,2.110443115234375000e+00,2.099915027618408203e+00,2.090124607086181641e+00,2.081055879592895508e+00,2.072694778442382812e+00,2.065026760101318359e+00,2.058039903640747070e+00,2.051723003387451172e+00,2.046066045761108398e+00,2.041060209274291992e+00,2.036697864532470703e+00,2.032971858978271484e+00,2.029876708984375000e+00,2.027407646179199219e+00,2.025560855865478516e+00,2.024333715438842773e+00,2.023723840713500977e+00,2.023730754852294922e+00,2.024353981018066406e+00,2.025595188140869141e+00,2.027455329895019531e+00,2.029938220977783203e+00,2.033047437667846680e+00,2.036787033081054688e+00,2.041163921356201172e+00,2.046183824539184570e+00,2.051855087280273438e+00,2.058186292648315430e+00,2.065188646316528320e+00,2.072871685028076172e+00,2.081248521804809570e+00,2.090332746505737305e+00,2.100139141082763672e+00,2.110683679580688477e+00,2.121984481811523438e+00,2.134060621261596680e+00,2.146932363510131836e+00,2.160623073577880859e+00,2.175156354904174805e+00,2.190557479858398438e+00,2.206855535507202148e+00,2.224080562591552734e+00,2.242265224456787109e+00,2.261443376541137695e+00,2.281654596328735352e+00,2.255340337753295898e+00,2.185096740722656250e+00,2.119196891784667969e+00,2.058339595794677734e+00,2.001110792160034180e+00,1.947404861450195312e+00,1.897430419921875000e+00,1.849990248680114746e+00,1.805972933769226074e+00,1.764012455940246582e+00,1.724638104438781738e+00,1.687503695487976074e+00,1.652186393737792969e+00,1.618911623954772949e+00,1.587458133697509766e+00,1.557492971420288086e+00,1.529177069664001465e+00,1.502338051795959473e+00,1.477237582206726074e+00,1.453397870063781738e+00,1.430743694305419922e+00,1.409207940101623535e+00,1.388727545738220215e+00,1.369244933128356934e+00,1.350706934928894043e+00,1.333065509796142578e+00,1.316274404525756836e+00,1.300292015075683594e+00,1.285079479217529297e+00,1.270602226257324219e+00,1.256825685501098633e+00,1.243719220161437988e+00,1.231254935264587402e+00,1.219405412673950195e+00,1.208146333694458008e+00,1.197454929351806641e+00,1.187309503555297852e+00,1.177690148353576660e+00,1.168578505516052246e+00,1.159957528114318848e+00,1.151811122894287109e+00,1.144124150276184082e+00,1.136883258819580078e+00,1.130075693130493164e+00,1.123689055442810059e+00,1.117713212966918945e+00,1.112137198448181152e+00,1.106952190399169922e+00,1.102149486541748047e+00,1.097721099853515625e+00,1.093660235404968262e+00,1.089959621429443359e+00,1.086614131927490234e+00,1.083618402481079102e+00,1.080966949462890625e+00,1.078656673431396484e+00,1.076683402061462402e+00,1.075044155120849609e+00,1.073736429214477539e+00,1.072758316993713379e+00,1.072108387947082520e+00,1.071785449981689453e+00,esquerda
5.969401836395263672e+00,5.971240997314453125e+00,5.974900722503662109e+00,5.980388641357421875e+00,5.987712860107421875e+00,5.996882915496826172e+00,6.007915019989013672e+00,6.020824909210205078e+00,6.035632133483886719e+00,6.052361011505126953e+00,6.071037769317626953e+00,6.091691017150878906e+00,6.114353656768798828e+00,6.139063358306884766e+00,6.165859222412109375e+00,6.194785594940185547e+00,6.225888252258300781e+00,6.259222507476806641e+00,6.257994174957275391e+00,6.070242404937744141e+00,5.785509586334228516e+00,5.528177261352539062e+00,5.292937755584716797e+00,5.078074455261230469e+00,4.883441925048828125e+00,4.703906059265136719e+00,4.537932872772216797e+00,4.383603096008300781e+00,4.242368221282958984e+00,4.110650062561035156e+00,3.987087965011596680e+00,3.872992992401123047e+00,3.765710830688476562e+00,3.665045499801635742e+00,3.571389198303222656e+00,3.482494592666625977e+00,3.400028944015502930e+00,3.321431159973144531e+00,3.247692823410034180e+00,3.178167104721069336e+00,3.112058639526367188e+00,3.049790859222412109e+00,2.990950584411621094e+00,2.934913873672485352e+00,2.881982326507568359e+00,2.831653118133544922e+00,2.784343481063842773e+00,2.739408969879150391e+00,2.696710348129272461e+00,2.656118631362915039e+00,2.617516040802001953e+00,2.580794811248779297e+00,2.545854330062866211e+00,2.512602806091308594e+00,2.480954647064208984e+00,2.450830459594726562e+00,2.422157764434814453e+00,2.394870281219482422e+00,2.368904113769531250e+00,2.344200849533081055e+00,2.320707559585571289e+00,2.298373222351074219e+00,2.277151584625244141e+00,2.257000207901000977e+00,2.237878084182739258e+00,2.219746828079223633e+00,2.202573537826538086e+00,2.186324119567871094e+00,2.170969486236572266e+00,2.156481027603149414e+00,2.142833232879638672e+00,2.130001783370971680e+00,2.117964506149291992e+00,2.106700658798217773e+00,2.096191167831420898e+00,2.086417913436889648e+00,2.077365636825561523e+00,2.069019079208374023e+00,2.061364889144897461e+00,2.054390430450439453e+00,2.048084497451782227e+00,2.042437791824340820e+00,2.037440776824951172e+00,2.033086061477661133e+00,2.029366731643676758e+00,2.026277065277099609e+00,2.023812294006347656e+00,2.021969079971313477e+00,2.020743846893310547e+00,2.020135164260864258e+00,2.020142078399658203e+00,2.020764350891113281e+00,2.022002935409545898e+00,2.023859977722167969e+00,2.026338815689086914e+00,2.029442071914672852e+00,2.033175468444824219e+00,2.037544250488281250e+00,2.042555332183837891e+00,2.048216342926025391e+00,2.054536581039428711e+00,2.061526536941528320e+00,2.069195985794067383e+00,2.077557802200317383e+00,2.086625814437866211e+00,2.096414804458618164e+00,2.106940746307373047e+00,2.118221521377563477e+00,2.130276203155517578e+00,2.143125295639038086e+00,2.156791448593139648e+00,2.171298980712890625e+00,2.186672687530517578e+00,2.202941894531250000e+00,2.220136404037475586e+00,2.238288879394531250e+00,2.257433176040649414e+00,2.277608394622802734e+00,2.255361557006835938e+00,2.185115814208984375e+00,2.119214057922363281e+00,2.058355093002319336e+00,2.001124382019042969e+00,1.947416663169860840e+00,1.897441387176513672e+00,1.850000023841857910e+00,1.805981636047363281e+00,1.764020085334777832e+00,1.724644899368286133e+00,1.687509536743164062e+00,1.652191400527954102e+00,1.618915915489196777e+00,1.587461709976196289e+00,1.557495832443237305e+00,1.529179573059082031e+00,1.502337574958801270e+00,1.477236986160278320e+00,1.453397274017333984e+00,1.430743098258972168e+00,1.409207105636596680e+00,1.388726711273193359e+00,1.369244217872619629e+00,1.350706100463867188e+00,1.333064794540405273e+00,1.316273450851440430e+00,1.300291061401367188e+00,1.285078763961791992e+00,1.270601391792297363e+00,1.256824851036071777e+00,1.243718624114990234e+00,1.231253981590270996e+00,1.219404578208923340e+00,1.208145499229431152e+00,1.197453975677490234e+00,1.187308549880981445e+00,1.177689194679260254e+00,1.168577909469604492e+00,1.159956574440002441e+00,1.151810288429260254e+00,1.144123435020446777e+00,1.136882305145263672e+00,1.130074858665466309e+00,1.123688340187072754e+00,1.117712378501892090e+00,1.112136244773864746e+00,1.106951236724853516e+00,1.102148532867431641e+00,1.097720146179199219e+00,1.093659281730651855e+00,1.089958786964416504e+00,1.086613297462463379e+00,1.083617329597473145e+00,1.080965995788574219e+00,1.078655719757080078e+00,1.076682567596435547e+00,1.075043320655822754e+00,1.073735475540161133e+00,1.072757363319396973e+00,1.072107434272766113e+00,1.071784496307373047e+00,esquerda
5.969402313232421875e+00,5.971241474151611328e+00,5.974901199340820312e+00,5.980389595031738281e+00,5.987713813781738281e+00,5.996883392333984375e+00,6.007915496826171875e+00,6.020825386047363281e+00,6.035632610321044922e+00,6.052361488342285156e+00,6.071038246154785156e+00,6.091691493988037109e+00,6.114354133605957031e+00,6.139063835144042969e+00,6.165859699249267578e+00,6.194786071777343750e+00,6.225888729095458984e+00,6.259223461151123047e+00,6.255428314208984375e+00,6.059585094451904297e+00,5.775317668914794922e+00,5.518409252166748047e+00,5.283558845520019531e+00,5.069051742553710938e+00,4.874744415283203125e+00,4.695510387420654297e+00,4.529815673828125000e+00,4.375746726989746094e+00,4.234751224517822266e+00,4.103256702423095703e+00,3.979905366897583008e+00,3.866009950637817383e+00,3.758924722671508789e+00,3.658443689346313477e+00,3.564959049224853516e+00,3.476227283477783203e+00,3.393912553787231445e+00,3.315458059310913086e+00,3.241853952407836914e+00,3.172455310821533203e+00,3.106466770172119141e+00,3.044312715530395508e+00,2.985579252243041992e+00,2.929644346237182617e+00,2.876808881759643555e+00,2.826618671417236328e+00,2.779393196105957031e+00,2.734538555145263672e+00,2.691915750503540039e+00,2.651396036148071289e+00,2.612862348556518555e+00,2.576206445693969727e+00,2.541328191757202148e+00,2.508135557174682617e+00,2.476543903350830078e+00,2.446472883224487305e+00,2.417851209640502930e+00,2.390612363815307617e+00,2.364692211151123047e+00,2.340033054351806641e+00,2.316581726074218750e+00,2.294286966323852539e+00,2.273103475570678711e+00,2.252987384796142578e+00,2.233899116516113281e+00,2.215800523757934570e+00,2.198657512664794922e+00,2.182436943054199219e+00,2.167109727859497070e+00,2.152647018432617188e+00,2.139023542404174805e+00,2.126214981079101562e+00,2.114198923110961914e+00,2.102955102920532227e+00,2.092464208602905273e+00,2.082708597183227539e+00,2.073672294616699219e+00,2.065340518951416016e+00,2.057699918746948242e+00,2.050737857818603516e+00,2.044443368911743164e+00,2.038806676864624023e+00,2.033818483352661133e+00,2.029471635818481445e+00,2.025758981704711914e+00,2.022674560546875000e+00,2.020214319229125977e+00,2.018374204635620117e+00,2.017151117324829102e+00,2.016543626785278320e+00,2.016550540924072266e+00,2.017171621322631836e+00,2.018408060073852539e+00,2.020261764526367188e+00,2.022736072540283203e+00,2.025833845138549805e+00,2.029560327529907227e+00,2.033921718597412109e+00,2.038923978805541992e+00,2.044574975967407227e+00,2.050884008407592773e+00,2.057861328125000000e+00,2.065516948699951172e+00,2.073863983154296875e+00,2.082916021347045898e+00,2.092687606811523438e+00,2.103194952011108398e+00,2.114455461502075195e+00,2.126488924026489258e+00,2.139315128326416016e+00,2.152956962585449219e+00,2.167438507080078125e+00,2.182785034179687500e+00,2.199025630950927734e+00,2.216189384460449219e+00,2.234309673309326172e+00,2.253419637680053711e+00,2.273559093475341797e+00,2.255427837371826172e+00,2.185177087783813477e+00,2.119271039962768555e+00,2.058408498764038086e+00,2.001174449920654297e+00,1.947463274002075195e+00,1.897485017776489258e+00,1.850040912628173828e+00,1.806020140647888184e+00,1.764056086540222168e+00,1.724678874015808105e+00,1.687541723251342773e+00,1.652221679687500000e+00,1.618944644927978516e+00,1.587488889694213867e+00,1.557521343231201172e+00,1.529203772544860840e+00,1.502336263656616211e+00,1.477235674858093262e+00,1.453396081924438477e+00,1.430741906166076660e+00,1.409206032752990723e+00,1.388725638389587402e+00,1.369243264198303223e+00,1.350705265998840332e+00,1.333063721656799316e+00,1.316272497177124023e+00,1.300290226936340332e+00,1.285077929496765137e+00,1.270600438117980957e+00,1.256823897361755371e+00,1.243717789649963379e+00,1.231253266334533691e+00,1.219403862953186035e+00,1.208144783973693848e+00,1.197453379631042480e+00,1.187307953834533691e+00,1.177688598632812500e+00,1.168577075004577637e+00,1.159955978393554688e+00,1.151809692382812500e+00,1.144122719764709473e+00,1.136881709098815918e+00,1.130074143409729004e+00,1.123687505722045898e+00,1.117711782455444336e+00,1.112135648727416992e+00,1.106950640678405762e+00,1.102148056030273438e+00,1.097719550132751465e+00,1.093658685684204102e+00,1.089958190917968750e+00,1.086612820625305176e+00,1.083616852760314941e+00,1.080965518951416016e+00,1.078655242919921875e+00,1.076682090759277344e+00,1.075042843818664551e+00,1.073734998703002930e+00,1.072756886482238770e+00,1.072107076644897461e+00,1.071784138679504395e+00,esquerda
5.969401836395263672e+00,5.971240997314453125e+00,5.974901199340820312e+00,5.980389118194580078e+00,5.987713813781738281e+00,5.996883392333984375e+00,6.007915496826171875e+00,6.020824909210205078e+00,6.035632133483886719e+00,6.052361011505126953e+00,6.071037769317626953e+00,6.091691017150878906e+00,6.114353656768798828e+00,6.139063358306884766e+00,6.165859222412109375e+00,6.194785594940185547e+00,6.225888729095458984e+00,6.259223461151123047e+00,6.252944946289062500e+00,6.049282550811767578e+00,5.765503883361816406e+00,5.509035587310791016e+00,5.274588108062744141e+00,5.060449123382568359e+00,4.866474628448486328e+00,4.687546730041503906e+00,4.522134780883789062e+00,4.368329048156738281e+00,4.227574825286865234e+00,4.096303939819335938e+00,3.973162412643432617e+00,3.859456062316894531e+00,3.752539634704589844e+00,3.652217864990234375e+00,3.558881998062133789e+00,3.470290899276733398e+00,3.388107299804687500e+00,3.309778451919555664e+00,3.236292362213134766e+00,3.167004823684692383e+00,3.101122140884399414e+00,3.039067983627319336e+00,2.980429410934448242e+00,2.924584627151489258e+00,2.871834278106689453e+00,2.821585893630981445e+00,2.774444341659545898e+00,2.729669809341430664e+00,2.687122583389282227e+00,2.646675348281860352e+00,2.608210086822509766e+00,2.571619749069213867e+00,2.536803483963012695e+00,2.503669738769531250e+00,2.472134590148925781e+00,2.442116975784301758e+00,2.413546562194824219e+00,2.386355876922607422e+00,2.360481977462768555e+00,2.335866928100585938e+00,2.312457084655761719e+00,2.290201902389526367e+00,2.269056320190429688e+00,2.248975753784179688e+00,2.229921817779541016e+00,2.211855411529541016e+00,2.194742679595947266e+00,2.178551197052001953e+00,2.163251161575317383e+00,2.148814201354980469e+00,2.135214805603027344e+00,2.122429132461547852e+00,2.110434770584106445e+00,2.099210739135742188e+00,2.088738679885864258e+00,2.079000234603881836e+00,2.069980144500732422e+00,2.061663389205932617e+00,2.054036378860473633e+00,2.047086477279663086e+00,2.040802955627441406e+00,2.035176515579223633e+00,2.030197381973266602e+00,2.025857925415039062e+00,2.022151947021484375e+00,2.019073486328125000e+00,2.016617298126220703e+00,2.014780521392822266e+00,2.013560056686401367e+00,2.012953281402587891e+00,2.012959957122802734e+00,2.013580083847045898e+00,2.014814615249633789e+00,2.016664743423461914e+00,2.019134521484375000e+00,2.022227287292480469e+00,2.025947093963623047e+00,2.030300140380859375e+00,2.035293579101562500e+00,2.040934801101684570e+00,2.047232389450073242e+00,2.054197072982788086e+00,2.061839342117309570e+00,2.070171594619750977e+00,2.079207420349121094e+00,2.088961601257324219e+00,2.099450349807739258e+00,2.110691070556640625e+00,2.122702598571777344e+00,2.135506153106689453e+00,2.149123668670654297e+00,2.163579463958740234e+00,2.178898572921752930e+00,2.195110321044921875e+00,2.212243318557739258e+00,2.230331182479858398e+00,2.249407529830932617e+00,2.269510984420776367e+00,2.255492925643920898e+00,2.185237646102905273e+00,2.119327306747436523e+00,2.058460950851440430e+00,2.001223325729370117e+00,1.947509527206420898e+00,1.897528290748596191e+00,1.850081562995910645e+00,1.806058406829833984e+00,1.764092087745666504e+00,1.724712729454040527e+00,1.687573552131652832e+00,1.652251720428466797e+00,1.618973135948181152e+00,1.587515830993652344e+00,1.557546973228454590e+00,1.529227852821350098e+00,1.502336621284484863e+00,1.477236151695251465e+00,1.453396439552307129e+00,1.430742263793945312e+00,1.409206271171569824e+00,1.388725996017456055e+00,1.369243741035461426e+00,1.350705623626708984e+00,1.333064079284667969e+00,1.316272854804992676e+00,1.300290703773498535e+00,1.285078167915344238e+00,1.270600795745849609e+00,1.256824493408203125e+00,1.243718028068542480e+00,1.231253743171691895e+00,1.219404220581054688e+00,1.208145022392272949e+00,1.197453618049621582e+00,1.187308192253112793e+00,1.177688837051391602e+00,1.168577432632446289e+00,1.159956216812133789e+00,1.151809930801391602e+00,1.144123077392578125e+00,1.136882066726684570e+00,1.130074501037597656e+00,1.123687982559204102e+00,1.117712020874023438e+00,1.112136006355285645e+00,1.106950879096984863e+00,1.102148294448852539e+00,1.097719907760620117e+00,1.093659043312072754e+00,1.089958548545837402e+00,1.086613059043884277e+00,1.083617091178894043e+00,1.080965876579284668e+00,1.078655600547790527e+00,1.076682448387145996e+00,1.075043082237243652e+00,1.073735356330871582e+00,1.072757363319396973e+00,1.072107434272766113e+00,1.071784377098083496e+00,esquerda
5.969404220581054688e+00,5.971243381500244141e+00,5.974902629852294922e+00,5.980390548706054688e+00,5.987715244293212891e+00,5.996885299682617188e+00,6.007917404174804688e+00,6.020826816558837891e+00,6.035634517669677734e+00,6.052362918853759766e+00,6.071039676666259766e+00,6.091693401336669922e+00,6.114355564117431641e+00,6.139065742492675781e+00,6.165861129760742188e+00,6.194787502288818359e+00,6.225890636444091797e+00,6.259224891662597656e+00,6.250279426574707031e+00,6.038221836090087891e+00,5.754976272583007812e+00,5.498989105224609375e+00,5.264979362487792969e+00,5.051239967346191406e+00,4.857626438140869141e+00,4.679030895233154297e+00,4.513926506042480469e+00,4.360405445098876953e+00,4.219911575317382812e+00,4.088883399963378906e+00,3.965969324111938477e+00,3.852472782135009766e+00,3.745753526687622070e+00,3.645616292953491211e+00,3.552451372146606445e+00,3.464022874832153320e+00,3.381990432739257812e+00,3.303804397583007812e+00,3.230453252792358398e+00,3.161292076110839844e+00,3.095530271530151367e+00,3.033589124679565430e+00,2.975057601928710938e+00,2.919314622879028320e+00,2.866660118103027344e+00,2.816554069519042969e+00,2.769496679306030273e+00,2.724802017211914062e+00,2.682330846786499023e+00,2.641955375671386719e+00,2.603559017181396484e+00,2.567033290863037109e+00,2.532279253005981445e+00,2.499204635620117188e+00,2.467725276947021484e+00,2.437761306762695312e+00,2.409241914749145508e+00,2.382099628448486328e+00,2.356271982192993164e+00,2.331700563430786133e+00,2.308332443237304688e+00,2.286117315292358398e+00,2.265009164810180664e+00,2.244964599609375000e+00,2.225944519042968750e+00,2.207910060882568359e+00,2.190828084945678711e+00,2.174665451049804688e+00,2.159392595291137695e+00,2.144981384277343750e+00,2.131406545639038086e+00,2.118643522262573242e+00,2.106670379638671875e+00,2.095466375350952148e+00,2.085012912750244141e+00,2.075291872024536133e+00,2.066287517547607422e+00,2.057985544204711914e+00,2.050372123718261719e+00,2.043434858322143555e+00,2.037162780761718750e+00,2.031545877456665039e+00,2.026575565338134766e+00,2.022244215011596680e+00,2.018544673919677734e+00,2.015471458435058594e+00,2.013020038604736328e+00,2.011186361312866211e+00,2.009967565536499023e+00,2.009361982345581055e+00,2.009368658065795898e+00,2.009987592697143555e+00,2.011219739913940430e+00,2.013067007064819336e+00,2.015532493591308594e+00,2.018619298934936523e+00,2.022332429885864258e+00,2.026678085327148438e+00,2.031662464141845703e+00,2.037293672561645508e+00,2.043580055236816406e+00,2.050532579421997070e+00,2.058161020278930664e+00,2.066478252410888672e+00,2.075497865676879883e+00,2.085234403610229492e+00,2.095704317092895508e+00,2.106924772262573242e+00,2.118915081024169922e+00,2.131695985794067383e+00,2.145289182662963867e+00,2.159718990325927734e+00,2.175010919570922852e+00,2.191193580627441406e+00,2.208296298980712891e+00,2.226351976394653320e+00,2.245394229888916016e+00,2.265461444854736328e+00,2.255342721939086914e+00,2.185098886489868164e+00,2.119199037551879883e+00,2.058341979980468750e+00,2.001112937927246094e+00,1.947406888008117676e+00,1.897432565689086914e+00,1.849992275238037109e+00,1.805974960327148438e+00,1.764014363288879395e+00,1.724640011787414551e+00,1.687505722045898438e+00,1.652188301086425781e+00,1.618913531303405762e+00,1.587459802627563477e+00,1.557494401931762695e+00,1.529178738594055176e+00,1.502334594726562500e+00,1.477234005928039551e+00,1.453394293785095215e+00,1.430740356445312500e+00,1.409204244613647461e+00,1.388723969459533691e+00,1.369241595268249512e+00,1.350703597068786621e+00,1.333062171936035156e+00,1.316270947456359863e+00,1.300288677215576172e+00,1.285076498985290527e+00,1.270598888397216797e+00,1.256822347640991211e+00,1.243716359138488770e+00,1.231251716613769531e+00,1.219402313232421875e+00,1.208143234252929688e+00,1.197451591491699219e+00,1.187306284904479980e+00,1.177687168121337891e+00,1.168575406074523926e+00,1.159954428672790527e+00,1.151808023452758789e+00,1.144121170043945312e+00,1.136880278587341309e+00,1.130072593688964844e+00,1.123686194419860840e+00,1.117709994316101074e+00,1.112133979797363281e+00,1.106948971748352051e+00,1.102146387100219727e+00,1.097718000411987305e+00,1.093657016754150391e+00,1.089956521987915039e+00,1.086611151695251465e+00,1.083615183830261230e+00,1.080963969230651855e+00,1.078653573989868164e+00,1.076680421829223633e+00,1.075041174888610840e+00,1.073733329772949219e+00,1.072755336761474609e+00,1.072105407714843750e+00,1.071782469749450684e+00,esquerda
5.969404697418212891e+00,5.971243858337402344e+00,5.974903106689453125e+00,5.980391502380371094e+00,5.987715721130371094e+00,5.996885776519775391e+00,6.007917881011962891e+00,6.020827770233154297e+00,6.035634994506835938e+00,6.052363395690917969e+00,6.071040153503417969e+00,6.091693878173828125e+00,6.114356040954589844e+00,6.139066219329833984e+00,6.165861606597900391e+00,6.194788455963134766e+00,6.225891113281250000e+00,6.259225368499755859e+00,6.247606277465820312e+00,6.027132987976074219e+00,5.744422435760498047e+00,5.488917350769042969e+00,5.255347251892089844e+00,5.042008399963378906e+00,4.848757743835449219e+00,4.670495510101318359e+00,4.505699157714843750e+00,4.352464675903320312e+00,4.212231636047363281e+00,4.081446170806884766e+00,3.958760261535644531e+00,3.845473766326904297e+00,3.738952398300170898e+00,3.639000177383422852e+00,3.546007633209228516e+00,3.457743167877197266e+00,3.375861644744873047e+00,3.297820568084716797e+00,3.224603652954101562e+00,3.155570030212402344e+00,3.089928865432739258e+00,3.028102159500122070e+00,2.969677448272705078e+00,2.914036512374877930e+00,2.861479043960571289e+00,2.811523437500000000e+00,2.764549732208251953e+00,2.719934940338134766e+00,2.677539587020874023e+00,2.637236833572387695e+00,2.598908424377441406e+00,2.562448263168334961e+00,2.527756452560424805e+00,2.494740962982177734e+00,2.463318109512329102e+00,2.433407545089721680e+00,2.404938936233520508e+00,2.377845525741577148e+00,2.352063655853271484e+00,2.327536344528198242e+00,2.304209947586059570e+00,2.282034397125244141e+00,2.260964155197143555e+00,2.240955591201782227e+00,2.221969127655029297e+00,2.203967332839965820e+00,2.186915636062622070e+00,2.170781850814819336e+00,2.155536413192749023e+00,2.141150951385498047e+00,2.127600193023681641e+00,2.114859819412231445e+00,2.102908372879028320e+00,2.091724157333374023e+00,2.081289768218994141e+00,2.071586132049560547e+00,2.062597751617431641e+00,2.054310798645019531e+00,2.046710968017578125e+00,2.039786100387573242e+00,2.033525228500366211e+00,2.027918338775634766e+00,2.022956848144531250e+00,2.018633365631103516e+00,2.014940261840820312e+00,2.011872768402099609e+00,2.009425401687622070e+00,2.007595300674438477e+00,2.006378650665283203e+00,2.005774497985839844e+00,2.005781412124633789e+00,2.006398916244506836e+00,2.007628917694091797e+00,2.009472608566284180e+00,2.011933565139770508e+00,2.015015125274658203e+00,2.018721818923950195e+00,2.023059606552124023e+00,2.028035163879394531e+00,2.033655881881713867e+00,2.039931058883666992e+00,2.046871423721313477e+00,2.054486274719238281e+00,2.062788963317871094e+00,2.071792125701904297e+00,2.081511497497558594e+00,2.091962814331054688e+00,2.103163480758666992e+00,2.115132570266723633e+00,2.127890110015869141e+00,2.141459465026855469e+00,2.155863523483276367e+00,2.171128273010253906e+00,2.187281608581542969e+00,2.204353809356689453e+00,2.222377300262451172e+00,2.241385698318481445e+00,2.261417150497436523e+00,2.255411148071289062e+00,2.185162544250488281e+00,2.119258403778076172e+00,2.058397293090820312e+00,2.001164674758911133e+00,1.947455286979675293e+00,1.897477984428405762e+00,1.850035190582275391e+00,1.806015372276306152e+00,1.764052271842956543e+00,1.724675893783569336e+00,1.687539577484130859e+00,1.652220249176025391e+00,1.618943810462951660e+00,1.587488532066345215e+00,1.557521820068359375e+00,1.529204607009887695e+00,1.502333521842956543e+00,1.477232933044433594e+00,1.453393340110778809e+00,1.430739402770996094e+00,1.409203290939331055e+00,1.388723015785217285e+00,1.369240641593933105e+00,1.350702643394470215e+00,1.333061218261718750e+00,1.316270112991333008e+00,1.300287723541259766e+00,1.285075426101684570e+00,1.270598053932189941e+00,1.256821513175964355e+00,1.243715405464172363e+00,1.231251001358032227e+00,1.219401478767395020e+00,1.208142399787902832e+00,1.197450995445251465e+00,1.187305688858032227e+00,1.177686333656311035e+00,1.168574571609497070e+00,1.159953594207763672e+00,1.151807188987731934e+00,1.144120335578918457e+00,1.136879563331604004e+00,1.130071759223937988e+00,1.123685479164123535e+00,1.117709279060363770e+00,1.112133502960205078e+00,1.106948137283325195e+00,1.102145791053771973e+00,1.097717285156250000e+00,1.093656420707702637e+00,1.089955925941467285e+00,1.086610317230224609e+00,1.083614587783813477e+00,1.080963253974914551e+00,1.078652739524841309e+00,1.076679706573486328e+00,1.075040459632873535e+00,1.073732614517211914e+00,1.072754502296447754e+00,1.072104692459106445e+00,1.071781754493713379e+00,esquerda
5.969404220581054688e+00,5.971243381500244141e+00,5.974903106689453125e+00,5.980391502380371094e+00,5.987715721130371094e+00,5.996885776519775391e+00,6.007917881011962891e+00,6.020826816558837891e+00,6.035634517669677734e+00,6.052362918853759766e+00,6.071039676666259766e+00,6.091693401336669922e+00,6.114355564117431641e+00,6.139065742492675781e+00,6.165861129760742188e+00,6.194787979125976562e+00,6.225891113281250000e+00,6.259225368499755859e+00,6.245218753814697266e+00,6.017214775085449219e+00,5.734927654266357422e+00,5.479808330535888672e+00,5.246593952178955078e+00,5.033582210540771484e+00,4.840628623962402344e+00,4.662642955780029297e+00,4.498103141784667969e+00,4.345108032226562500e+00,4.205095291137695312e+00,4.074516296386718750e+00,3.952024221420288086e+00,3.838917493820190430e+00,3.732565164566040039e+00,3.632772445678710938e+00,3.539928436279296875e+00,3.451805114746093750e+00,3.370054960250854492e+00,3.292139053344726562e+00,3.219040632247924805e+00,3.150118112564086914e+00,3.084583282470703125e+00,3.022856235504150391e+00,2.964526176452636719e+00,2.908975839614868164e+00,2.856503248214721680e+00,2.806491613388061523e+00,2.759602308273315430e+00,2.715067386627197266e+00,2.672747850418090820e+00,2.632517337799072266e+00,2.594257593154907227e+00,2.557862758636474609e+00,2.523232698440551758e+00,2.490276336669921875e+00,2.458909511566162109e+00,2.429053068161010742e+00,2.400635242462158203e+00,2.373589754104614258e+00,2.347854852676391602e+00,2.323371171951293945e+00,2.300086498260498047e+00,2.277951002120971680e+00,2.256917715072631836e+00,2.236944913864135742e+00,2.217993021011352539e+00,2.200023174285888672e+00,2.183001756668090820e+00,2.166897535324096680e+00,2.151679039001464844e+00,2.137319087982177734e+00,2.123792648315429688e+00,2.111075401306152344e+00,2.099144935607910156e+00,2.087981462478637695e+00,2.077564954757690430e+00,2.067878961563110352e+00,2.058907032012939453e+00,2.050634622573852539e+00,2.043048381805419922e+00,2.036135673522949219e+00,2.029886007308959961e+00,2.024289369583129883e+00,2.019336938858032227e+00,2.015020847320556641e+00,2.011334657669067383e+00,2.008272409439086914e+00,2.005829334259033203e+00,2.004002571105957031e+00,2.002788305282592773e+00,2.002184867858886719e+00,2.002191781997680664e+00,2.002808570861816406e+00,2.004036426544189453e+00,2.005876541137695312e+00,2.008333206176757812e+00,2.011409282684326172e+00,2.015109062194824219e+00,2.019439220428466797e+00,2.024406194686889648e+00,2.030016899108886719e+00,2.036280870437622070e+00,2.043208360671997070e+00,2.050809860229492188e+00,2.059097528457641602e+00,2.068084955215454102e+00,2.077786922454833984e+00,2.088219404220581055e+00,2.099399805068969727e+00,2.111347436904907227e+00,2.124082326889038086e+00,2.137627124786376953e+00,2.152005672454833984e+00,2.167243003845214844e+00,2.183367729187011719e+00,2.200409412384033203e+00,2.218400478363037109e+00,2.237374782562255859e+00,2.257370710372924805e+00,2.255318403244018555e+00,2.185074090957641602e+00,2.119173765182495117e+00,2.058316469192504883e+00,2.001086950302124023e+00,1.947380661964416504e+00,1.897406458854675293e+00,1.849965929985046387e+00,1.805948495864868164e+00,1.763987779617309570e+00,1.724613428115844727e+00,1.687479019165039062e+00,1.652161478996276855e+00,1.618886828422546387e+00,1.587433218955993652e+00,1.557467937469482422e+00,1.529152274131774902e+00,1.502333521842956543e+00,1.477233171463012695e+00,1.453393459320068359e+00,1.430739521980285645e+00,1.409203529357910156e+00,1.388723373413085938e+00,1.369240999221801758e+00,1.350703001022338867e+00,1.333061575889587402e+00,1.316270232200622559e+00,1.300288081169128418e+00,1.285075902938842773e+00,1.270598292350769043e+00,1.256821870803833008e+00,1.243715763092041016e+00,1.231251239776611328e+00,1.219401836395263672e+00,1.208142876625061035e+00,1.197451233863830566e+00,1.187305927276611328e+00,1.177686691284179688e+00,1.168575167655944824e+00,1.159954190254211426e+00,1.151807665824890137e+00,1.144120812416076660e+00,1.136879920959472656e+00,1.130072236061096191e+00,1.123685836791992188e+00,1.117709875106811523e+00,1.112133860588073730e+00,1.106948852539062500e+00,1.102146148681640625e+00,1.097717761993408203e+00,1.093656778335571289e+00,1.089956402778625488e+00,1.086610913276672363e+00,1.083615064620971680e+00,1.080963730812072754e+00,1.078653335571289062e+00,1.076680183410644531e+00,1.075040936470031738e+00,1.073733210563659668e+00,1.072755217552185059e+00,1.072105288505554199e+00,1.071782231330871582e+00,esquerda
5.969406127929687500e+00,5.971245288848876953e+00,5.974905014038085938e+00,5.980392932891845703e+00,5.987717151641845703e+00,5.996887683868408203e+00,6.007919311523437500e+00,6.020829200744628906e+00,6.035636425018310547e+00,6.052365303039550781e+00,6.071042060852050781e+00,6.091695308685302734e+00,6.114358425140380859e+00,6.139067649841308594e+00,6.165863037109375000e+00,6.194789886474609375e+00,6.225892543792724609e+00,6.259227275848388672e+00,6.242552757263183594e+00,6.006155014038085938e+00,5.724400997161865234e+00,5.469762802124023438e+00,5.236986160278320312e+00,5.024374485015869141e+00,4.831781864166259766e+00,4.654128551483154297e+00,4.489896297454833984e+00,4.337185859680175781e+00,4.197433948516845703e+00,4.067097663879394531e+00,3.944832563400268555e+00,3.831936120986938477e+00,3.725780487060546875e+00,3.626172065734863281e+00,3.533499479293823242e+00,3.445538520812988281e+00,3.363938808441162109e+00,3.286166667938232422e+00,3.213202714920043945e+00,3.144407033920288086e+00,3.078992128372192383e+00,3.017378568649291992e+00,2.959155559539794922e+00,2.903706312179565430e+00,2.851330041885375977e+00,2.801457405090332031e+00,2.754652261734008789e+00,2.710197210311889648e+00,2.667953729629516602e+00,2.627794742584228516e+00,2.589604139328002930e+00,2.553274631500244141e+00,2.518706560134887695e+00,2.485809326171875000e+00,2.454498767852783203e+00,2.424695730209350586e+00,2.396328687667846680e+00,2.369332313537597656e+00,2.343643188476562500e+00,2.319203138351440430e+00,2.295960664749145508e+00,2.273864507675170898e+00,2.252869367599487305e+00,2.232932567596435547e+00,2.214014291763305664e+00,2.196076631546020508e+00,2.179086208343505859e+00,2.163010120391845703e+00,2.147819280624389648e+00,2.133485317230224609e+00,2.119983196258544922e+00,2.107288599014282227e+00,2.095379829406738281e+00,2.084235668182373047e+00,2.073838233947753906e+00,2.064169406890869141e+00,2.055213689804077148e+00,2.046956062316894531e+00,2.039383411407470703e+00,2.032483100891113281e+00,2.026244640350341797e+00,2.020658254623413086e+00,2.015714406967163086e+00,2.011406183242797852e+00,2.007726669311523438e+00,2.004669904708862305e+00,2.002231359481811523e+00,2.000407695770263672e+00,1.999195694923400879e+00,1.998593449592590332e+00,1.998600125312805176e+00,1.999215841293334961e+00,2.000441312789916992e+00,2.002278566360473633e+00,2.004730701446533203e+00,2.007801055908203125e+00,2.011494636535644531e+00,2.015816926956176758e+00,2.020774602890014648e+00,2.026375293731689453e+00,2.032628059387207031e+00,2.039543390274047852e+00,2.047131061553955078e+00,2.055403709411621094e+00,2.064375162124633789e+00,2.074059724807739258e+00,2.084473609924316406e+00,2.095633983612060547e+00,2.107559919357299805e+00,2.120272159576416016e+00,2.133792638778686523e+00,2.148145437240600586e+00,2.163355350494384766e+00,2.179450988769531250e+00,2.196461915969848633e+00,2.214421033859252930e+00,2.233361005783081055e+00,2.253321170806884766e+00,2.255384206771850586e+00,2.185135602951049805e+00,2.119230985641479492e+00,2.058369636535644531e+00,2.001136779785156250e+00,1.947427511215209961e+00,1.897450208663940430e+00,1.850007295608520508e+00,1.805987358093261719e+00,1.764024615287780762e+00,1.724647879600524902e+00,1.687511563301086426e+00,1.652192354202270508e+00,1.618916153907775879e+00,1.587460875511169434e+00,1.557494401931762695e+00,1.529177188873291016e+00,1.502331376075744629e+00,1.477231025695800781e+00,1.453391432762145996e+00,1.430737495422363281e+00,1.409201622009277344e+00,1.388721346855163574e+00,1.369238853454589844e+00,1.350700855255126953e+00,1.333059549331665039e+00,1.316268324851989746e+00,1.300286054611206055e+00,1.285073757171630859e+00,1.270596265792846680e+00,1.256819963455200195e+00,1.243713736534118652e+00,1.231249451637268066e+00,1.219400048255920410e+00,1.208140969276428223e+00,1.197449445724487305e+00,1.187304019927978516e+00,1.177684903144836426e+00,1.168573141098022461e+00,1.159952402114868164e+00,1.151805877685546875e+00,1.144119024276733398e+00,1.136878132820129395e+00,1.130070567131042480e+00,1.123684167861938477e+00,1.117707967758178711e+00,1.112132310867309570e+00,1.106946945190429688e+00,1.102144598960876465e+00,1.097715973854064941e+00,1.093655347824096680e+00,1.089954853057861328e+00,1.086609244346618652e+00,1.083613395690917969e+00,1.080962181091308594e+00,1.078651785850524902e+00,1.076678633689880371e+00,1.075039386749267578e+00,1.073731660842895508e+00,1.072753548622131348e+00,1.072103738784790039e+00,1.071780681610107422e+00,esquerda
5.969406604766845703e+00,5.971245765686035156e+00,5.974905490875244141e+00,5.980393886566162109e+00,5.987718105316162109e+00,5.996888160705566406e+00,6.007919788360595703e+00,6.020829677581787109e+00,6.035636901855468750e+00,6.052366256713867188e+00,6.071042537689208984e+00,6.091695785522460938e+00,6.114358901977539062e+00,6.139068126678466797e+00,6.165863990783691406e+00,6.194790363311767578e+00,6.225893497467041016e+00,6.259227752685546875e+00,6.239886760711669922e+00,5.995095729827880859e+00,5.713875293731689453e+00,5.459717273712158203e+00,5.227379322052001953e+00,5.015166282653808594e+00,4.822935581207275391e+00,4.645614624023437500e+00,4.481689453125000000e+00,4.329263687133789062e+00,4.189771652221679688e+00,4.059678077697753906e+00,3.937640905380249023e+00,3.824952840805053711e+00,3.718993902206420898e+00,3.619570016860961914e+00,3.527069091796875000e+00,3.439270734786987305e+00,3.357821941375732422e+00,3.280193090438842773e+00,3.207363605499267578e+00,3.138694286346435547e+00,3.073400259017944336e+00,3.011899709701538086e+00,2.953783512115478516e+00,2.898436546325683594e+00,2.846156358718872070e+00,2.796426296234130859e+00,2.749705314636230469e+00,2.705329895019531250e+00,2.663161993026733398e+00,2.623075246810913086e+00,2.584953069686889648e+00,2.548688650131225586e+00,2.514182806015014648e+00,2.481344699859619141e+00,2.450090169906616211e+00,2.420340538024902344e+00,2.392024755477905273e+00,2.365076541900634766e+00,2.339433670043945312e+00,2.315037488937377930e+00,2.291836738586425781e+00,2.269780158996582031e+00,2.248822450637817383e+00,2.228921413421630859e+00,2.210037231445312500e+00,2.192131757736206055e+00,2.175172090530395508e+00,2.159124851226806641e+00,2.143961191177368164e+00,2.129652976989746094e+00,2.116174697875976562e+00,2.103502988815307617e+00,2.091615915298461914e+00,2.080491542816162109e+00,2.070112705230712891e+00,2.060461282730102539e+00,2.051521539688110352e+00,2.043278932571411133e+00,2.035719871520996094e+00,2.028831958770751953e+00,2.022604703903198242e+00,2.017028093338012695e+00,2.012093305587768555e+00,2.007792949676513672e+00,2.004119634628295898e+00,2.001068353652954102e+00,1.998634338378906250e+00,1.996813774108886719e+00,1.995603799819946289e+00,1.995002627372741699e+00,1.995009422302246094e+00,1.995623946189880371e+00,1.996847391128540039e+00,1.998681187629699707e+00,2.001128911972045898e+00,2.004193782806396484e+00,2.007880449295043945e+00,2.012195110321044922e+00,2.017143964767456055e+00,2.022734642028808594e+00,2.028975963592529297e+00,2.035878896713256836e+00,2.043452739715576172e+00,2.051710605621337891e+00,2.060666084289550781e+00,2.070333242416381836e+00,2.080728054046630859e+00,2.091868400573730469e+00,2.103773117065429688e+00,2.116462469100952148e+00,2.129958391189575195e+00,2.144285440444946289e+00,2.159467935562133789e+00,2.175534486770629883e+00,2.192515373229980469e+00,2.210441827774047852e+00,2.229347944259643555e+00,2.249272108078002930e+00,2.254801988601684570e+00,2.185082435607910156e+00,2.119183540344238281e+00,2.058327674865722656e+00,2.001099586486816406e+00,1.947394371032714844e+00,1.897420883178710938e+00,1.849981427192687988e+00,1.805964827537536621e+00,1.764005064964294434e+00,1.724631190299987793e+00,1.687497258186340332e+00,1.652180314064025879e+00,1.618906140327453613e+00,1.587452769279479980e+00,1.557487964630126953e+00,1.529172539710998535e+00,1.502330780029296875e+00,1.477230310440063477e+00,1.453390598297119141e+00,1.430736660957336426e+00,1.409200787544250488e+00,1.388720512390136719e+00,1.369238138198852539e+00,1.350700139999389648e+00,1.333058834075927734e+00,1.316267728805541992e+00,1.300285458564758301e+00,1.285073041915893555e+00,1.270595788955688477e+00,1.256819248199462891e+00,1.243713021278381348e+00,1.231248617172241211e+00,1.219399213790893555e+00,1.208140015602111816e+00,1.197448611259460449e+00,1.187303304672241211e+00,1.177683949470520020e+00,1.168572425842285156e+00,1.159951448440551758e+00,1.151805043220520020e+00,1.144118189811706543e+00,1.136877298355102539e+00,1.130069613456726074e+00,1.123683214187622070e+00,1.117707133293151855e+00,1.112131357192993164e+00,1.106946110725402832e+00,1.102143764495849609e+00,1.097715139389038086e+00,1.093654394149780273e+00,1.089953899383544922e+00,1.086608290672302246e+00,1.083612561225891113e+00,1.080961227416992188e+00,1.078650832176208496e+00,1.076677680015563965e+00,1.075038433074951172e+00,1.073730707168579102e+00,1.072752594947814941e+00,1.072102665901184082e+00,1.071779727935791016e+00,esquerda
5.969407558441162109e+00,5.971246719360351562e+00,5.974905967712402344e+00,5.980394363403320312e+00,5.987718582153320312e+00,5.996888637542724609e+00,6.007920265197753906e+00,6.020830154418945312e+00,6.035637855529785156e+00,6.052366733551025391e+00,6.071043014526367188e+00,6.091696262359619141e+00,6.114359378814697266e+00,6.139068603515625000e+00,6.165864467620849609e+00,6.194790363311767578e+00,6.225893974304199219e+00,6.259228229522705078e+00,6.237318992614746094e+00,5.984429836273193359e+00,5.703675746917724609e+00,5.449941635131835938e+00,5.217992782592773438e+00,5.006137371063232422e+00,4.814232349395751953e+00,4.637212753295898438e+00,4.473566532135009766e+00,4.321402549743652344e+00,4.182149887084960938e+00,4.052280426025390625e+00,3.930453538894653320e+00,3.817970752716064453e+00,3.712208747863769531e+00,3.612969398498535156e+00,3.520639419555664062e+00,3.433004140853881836e+00,3.351705789566040039e+00,3.274219989776611328e+00,3.201525211334228516e+00,3.132982730865478516e+00,3.067808866500854492e+00,3.006421566009521484e+00,2.948412179946899414e+00,2.893167018890380859e+00,2.840982913970947266e+00,2.791393995285034180e+00,2.744756460189819336e+00,2.700461149215698242e+00,2.658369064331054688e+00,2.618354797363281250e+00,2.580301046371459961e+00,2.544102191925048828e+00,2.509658336639404297e+00,2.476879358291625977e+00,2.445681333541870117e+00,2.415985107421875000e+00,2.387720584869384766e+00,2.360820770263671875e+00,2.335223913192749023e+00,2.310871839523315430e+00,2.287712574005126953e+00,2.265696048736572266e+00,2.244776248931884766e+00,2.224910974502563477e+00,2.206060647964477539e+00,2.188187599182128906e+00,2.171257972717285156e+00,2.155239820480346680e+00,2.140103340148925781e+00,2.125820636749267578e+00,2.112367391586303711e+00,2.099718570709228516e+00,2.087852478027343750e+00,2.076748609542846680e+00,2.066388368606567383e+00,2.056753873825073242e+00,2.047830343246459961e+00,2.039602756500244141e+00,2.032057285308837891e+00,2.025181770324707031e+00,2.018965721130371094e+00,2.013399124145507812e+00,2.008473396301269531e+00,2.004180431365966797e+00,2.000514030456542969e+00,1.997468352317810059e+00,1.995038509368896484e+00,1.993221521377563477e+00,1.992013812065124512e+00,1.991413712501525879e+00,1.991420388221740723e+00,1.992033839225769043e+00,1.993255138397216797e+00,1.995085597038269043e+00,1.997528910636901855e+00,2.000588417053222656e+00,2.004268407821655273e+00,2.008575201034545898e+00,2.013515233993530273e+00,2.019095897674560547e+00,2.025326251983642578e+00,2.032216548919677734e+00,2.039777040481567383e+00,2.048019647598266602e+00,2.056959152221679688e+00,2.066609144210815430e+00,2.076985359191894531e+00,2.088105440139770508e+00,2.099988937377929688e+00,2.112655401229858398e+00,2.126127243041992188e+00,2.140428304672241211e+00,2.155583620071411133e+00,2.171621561050415039e+00,2.188571214675903320e+00,2.206465959548950195e+00,2.225337982177734375e+00,2.245226621627807617e+00,2.251625299453735352e+00,2.185141563415527344e+00,2.119238853454589844e+00,2.058379173278808594e+00,2.001147747039794922e+00,1.947439670562744141e+00,1.897463560104370117e+00,1.850021243095397949e+00,1.806002497673034668e+00,1.764040350914001465e+00,1.724664688110351562e+00,1.687529087066650391e+00,1.652210235595703125e+00,1.618934273719787598e+00,1.587479829788208008e+00,1.557513594627380371e+00,1.529196858406066895e+00,1.502329349517822266e+00,1.477228999137878418e+00,1.453389406204223633e+00,1.430735468864440918e+00,1.409199714660644531e+00,1.388719439506530762e+00,1.369237065315246582e+00,1.350699067115783691e+00,1.333057880401611328e+00,1.316266775131225586e+00,1.300284385681152344e+00,1.285071969032287598e+00,1.270594954490661621e+00,1.256818413734436035e+00,1.243712067604064941e+00,1.231247782707214355e+00,1.219398379325866699e+00,1.208139181137084961e+00,1.197448015213012695e+00,1.187302589416503906e+00,1.177683353424072266e+00,1.168571710586547852e+00,1.159950971603393555e+00,1.151804566383361816e+00,1.144117712974548340e+00,1.136876821517944336e+00,1.130069017410278320e+00,1.123682618141174316e+00,1.117706656455993652e+00,1.112130761146545410e+00,1.106945633888244629e+00,1.102143168449401855e+00,1.097714662551879883e+00,1.093653798103332520e+00,1.089953303337097168e+00,1.086607813835144043e+00,1.083611965179443359e+00,1.080960750579833984e+00,1.078650355339050293e+00,1.076677203178405762e+00,1.075037956237792969e+00,1.073730230331420898e+00,1.072752118110656738e+00,1.072102189064025879e+00,1.071779251098632812e+00,esquerda
5.969408512115478516e+00,5.971247673034667969e+00,5.974907398223876953e+00,5.980394840240478516e+00,5.987719535827636719e+00,5.996890068054199219e+00,6.007921695709228516e+00,6.020831108093261719e+00,6.035638809204101562e+00,6.052367687225341797e+00,6.071043968200683594e+00,6.091697692871093750e+00,6.114360332489013672e+00,6.139070034027099609e+00,6.165865421295166016e+00,6.194791316986083984e+00,6.225895404815673828e+00,6.259229183197021484e+00,6.234830379486083984e+00,5.974101543426513672e+00,5.693836688995361328e+00,5.440544605255126953e+00,5.208999633789062500e+00,4.997513771057128906e+00,4.805942058563232422e+00,4.629230022430419922e+00,4.465867996215820312e+00,4.313966751098632812e+00,4.174955368041992188e+00,4.045310974121093750e+00,3.923694849014282227e+00,3.811396837234497070e+00,3.705805063247680664e+00,3.606725692749023438e+00,3.514545440673828125e+00,3.427051544189453125e+00,3.345885992050170898e+00,3.268527030944824219e+00,3.195950269699096680e+00,3.127519607543945312e+00,3.062452316284179688e+00,3.001165628433227539e+00,2.943251848220825195e+00,2.888097286224365234e+00,2.835998535156250000e+00,2.786360979080200195e+00,2.739807844161987305e+00,2.695592164993286133e+00,2.653576374053955078e+00,2.613633871078491211e+00,2.575648784637451172e+00,2.539515256881713867e+00,2.505133390426635742e+00,2.472413539886474609e+00,2.441271781921386719e+00,2.411629438400268555e+00,2.383415460586547852e+00,2.356564283370971680e+00,2.331013679504394531e+00,2.306705236434936523e+00,2.283587932586669922e+00,2.261610984802246094e+00,2.240728855133056641e+00,2.220899581909179688e+00,2.202083110809326172e+00,2.184242248535156250e+00,2.167343378067016602e+00,2.151354074478149414e+00,2.136245012283325195e+00,2.121988058090209961e+00,2.108558893203735352e+00,2.095932722091674805e+00,2.084088087081909180e+00,2.073004007339477539e+00,2.062662601470947266e+00,2.053045749664306641e+00,2.044138431549072266e+00,2.035925388336181641e+00,2.028393507003784180e+00,2.021530389785766602e+00,2.015325546264648438e+00,2.009768962860107422e+00,2.004852056503295898e+00,2.000566959381103516e+00,1.996907234191894531e+00,1.993867039680480957e+00,1.991441726684570312e+00,1.989627838134765625e+00,1.988422274589538574e+00,1.987823247909545898e+00,1.987829923629760742e+00,1.988442301750183105e+00,1.989661335945129395e+00,1.991488575935363770e+00,1.993927478790283203e+00,1.996981263160705566e+00,2.000654935836791992e+00,2.004953861236572266e+00,2.009884834289550781e+00,2.015455484390258789e+00,2.021674633026123047e+00,2.028552532196044922e+00,2.036099195480346680e+00,2.044327259063720703e+00,2.053250551223754883e+00,2.062882900238037109e+00,2.073240518569946289e+00,2.084340810775756836e+00,2.096202611923217773e+00,2.108846187591552734e+00,2.122293949127197266e+00,2.136569261550903320e+00,2.151697158813476562e+00,2.167706251144409180e+00,2.184625625610351562e+00,2.202487945556640625e+00,2.221325874328613281e+00,2.241178274154663086e+00,2.248424291610717773e+00,2.185101509094238281e+00,2.119200468063354492e+00,2.058341979980468750e+00,2.001111984252929688e+00,1.947404742240905762e+00,1.897429466247558594e+00,1.849988460540771484e+00,1.805970311164855957e+00,1.764008998870849609e+00,1.724634051322937012e+00,1.687499046325683594e+00,1.652181267738342285e+00,1.618905901908874512e+00,1.587451815605163574e+00,1.557486295700073242e+00,1.529170155525207520e+00,1.502328395843505859e+00,1.477228045463562012e+00,1.453388452529907227e+00,1.430734634399414062e+00,1.409198760986328125e+00,1.388718605041503906e+00,1.369236111640930176e+00,1.350698113441467285e+00,1.333056926727294922e+00,1.316265821456909180e+00,1.300283551216125488e+00,1.285071253776550293e+00,1.270594000816345215e+00,1.256817579269409180e+00,1.243711352348327637e+00,1.231247067451477051e+00,1.219397544860839844e+00,1.208138585090637207e+00,1.197447180747985840e+00,1.187301874160766602e+00,1.177682518959045410e+00,1.168571114540100098e+00,1.159950017929077148e+00,1.151803731918334961e+00,1.144116878509521484e+00,1.136875867843627930e+00,1.130068421363830566e+00,1.123681783676147461e+00,1.117706060409545898e+00,1.112130045890808105e+00,1.106945037841796875e+00,1.102142333984375000e+00,1.097714066505432129e+00,1.093653202056884766e+00,1.089952588081359863e+00,1.086607098579406738e+00,1.083611369132995605e+00,1.080960035324096680e+00,1.078649640083312988e+00,1.076676487922668457e+00,1.075037121772766113e+00,1.073729515075683594e+00,1.072751402854919434e+00,1.072101473808288574e+00,1.071778535842895508e+00,esquerda
5.969408988952636719e+00,5.971248149871826172e+00,5.974908351898193359e+00,5.980395793914794922e+00,5.987720012664794922e+00,5.996890544891357422e+00,6.007922172546386719e+00,6.020832061767578125e+00,6.035639286041259766e+00,6.052368164062500000e+00,6.071044921875000000e+00,6.091698169708251953e+00,6.114360809326171875e+00,6.139070510864257812e+00,6.165865898132324219e+00,6.194792747497558594e+00,6.225895881652832031e+00,6.259229660034179688e+00,6.232160568237304688e+00,5.963028907775878906e+00,5.683299541473388672e+00,5.430490493774414062e+00,5.199386596679687500e+00,4.988300323486328125e+00,4.797091007232666016e+00,4.620713233947753906e+00,4.457658767700195312e+00,4.306043624877929688e+00,4.167293548583984375e+00,4.037891864776611328e+00,3.916503667831420898e+00,3.804414749145507812e+00,3.699019908905029297e+00,3.600124835968017578e+00,3.508116245269775391e+00,3.420785427093505859e+00,3.339769840240478516e+00,3.262553930282592773e+00,3.190112113952636719e+00,3.121808290481567383e+00,3.056861162185668945e+00,2.995687961578369141e+00,2.937880754470825195e+00,2.882827997207641602e+00,2.830825328826904297e+00,2.781329870223999023e+00,2.734860897064208984e+00,2.690725326538085938e+00,2.648784875869750977e+00,2.608914375305175781e+00,2.570997953414916992e+00,2.534929275512695312e+00,2.500609874725341797e+00,2.467949151992797852e+00,2.436863422393798828e+00,2.407274484634399414e+00,2.379111528396606445e+00,2.352308988571166992e+00,2.326804161071777344e+00,2.302539825439453125e+00,2.279464006423950195e+00,2.257526397705078125e+00,2.236682176589965820e+00,2.216888666152954102e+00,2.198106288909912109e+00,2.180297613143920898e+00,2.163429260253906250e+00,2.147468805313110352e+00,2.132386922836303711e+00,2.118155717849731445e+00,2.104750871658325195e+00,2.092147350311279297e+00,2.080324411392211914e+00,2.069260120391845703e+00,2.058937311172485352e+00,2.049338102340698242e+00,2.040446519851684570e+00,2.032248020172119141e+00,2.024729967117309570e+00,2.017879247665405273e+00,2.011685371398925781e+00,2.006139039993286133e+00,2.001230955123901367e+00,1.996953725814819336e+00,1.993300437927246094e+00,1.990265607833862305e+00,1.987844705581665039e+00,1.986034035682678223e+00,1.984830617904663086e+00,1.984232902526855469e+00,1.984239459037780762e+00,1.984850525856018066e+00,1.986067533493041992e+00,1.987891316413879395e+00,1.990325689315795898e+00,1.993373990058898926e+00,1.997040987014770508e+00,2.001332283020019531e+00,2.006254196166992188e+00,2.011814594268798828e+00,2.018022537231445312e+00,2.024888038635253906e+00,2.032421112060546875e+00,2.040634632110595703e+00,2.049541473388671875e+00,2.059156417846679688e+00,2.069495201110839844e+00,2.080575466156005859e+00,2.092415809631347656e+00,2.105036735534667969e+00,2.118460178375244141e+00,2.132709264755249023e+00,2.147809982299804688e+00,2.163789987564086914e+00,2.180678844451904297e+00,2.198508739471435547e+00,2.217312812805175781e+00,2.237129449844360352e+00,2.245232105255126953e+00,2.185105085372924805e+00,2.119202852249145508e+00,2.058343410491943359e+00,2.001112699508666992e+00,1.947404742240905762e+00,1.897428870201110840e+00,1.849987149238586426e+00,1.805968642234802246e+00,1.764006853103637695e+00,1.724631309509277344e+00,1.687495946884155273e+00,1.652177810668945312e+00,1.618902325630187988e+00,1.587447762489318848e+00,1.557481884956359863e+00,1.529165506362915039e+00,1.502327919006347656e+00,1.477227449417114258e+00,1.453387737274169922e+00,1.430733799934387207e+00,1.409198045730590820e+00,1.388717770576477051e+00,1.369235396385192871e+00,1.350697517395019531e+00,1.333056211471557617e+00,1.316264986991882324e+00,1.300282716751098633e+00,1.285070419311523438e+00,1.270593166351318359e+00,1.256816744804382324e+00,1.243710517883300781e+00,1.231246232986450195e+00,1.219396829605102539e+00,1.208137750625610352e+00,1.197446346282958984e+00,1.187300920486450195e+00,1.177681565284729004e+00,1.168570280075073242e+00,1.159949302673339844e+00,1.151802897453308105e+00,1.144116044044494629e+00,1.136875152587890625e+00,1.130067467689514160e+00,1.123681068420410156e+00,1.117705106735229492e+00,1.112129092216491699e+00,1.106944084167480469e+00,1.102141380310058594e+00,1.097713112831115723e+00,1.093652248382568359e+00,1.089951753616333008e+00,1.086606264114379883e+00,1.083610415458679199e+00,1.080959081649780273e+00,1.078648686408996582e+00,1.076675653457641602e+00,1.075036287307739258e+00,1.073728561401367188e+00,1.072750449180603027e+00,1.072100520133972168e+00,1.071777582168579102e+00,esquerda
5.969409465789794922e+00,5.971248626708984375e+00,5.974908828735351562e+00,5.980396270751953125e+00,5.987720489501953125e+00,5.996891021728515625e+00,6.007922649383544922e+00,6.020832538604736328e+00,6.035639762878417969e+00,6.052368640899658203e+00,6.071045398712158203e+00,6.091699123382568359e+00,6.114361763000488281e+00,6.139070987701416016e+00,6.165866374969482422e+00,6.194793224334716797e+00,6.225896358489990234e+00,6.259230136871337891e+00,6.229495048522949219e+00,5.951972007751464844e+00,5.672775745391845703e+00,5.420447349548339844e+00,5.189780712127685547e+00,4.979094982147216797e+00,4.788246631622314453e+00,4.612200736999511719e+00,4.449453353881835938e+00,4.298122882843017578e+00,4.159633636474609375e+00,4.030474185943603516e+00,3.909313440322875977e+00,3.797433853149414062e+00,3.692235946655273438e+00,3.593525648117065430e+00,3.501687765121459961e+00,3.414519071578979492e+00,3.333654642105102539e+00,3.256582260131835938e+00,3.184274673461914062e+00,3.116097450256347656e+00,3.051270723342895508e+00,2.990210771560668945e+00,2.932510614395141602e+00,2.877559661865234375e+00,2.825652837753295898e+00,2.776298999786376953e+00,2.729914188385009766e+00,2.685858249664306641e+00,2.643993854522705078e+00,2.604195594787597656e+00,2.566347837448120117e+00,2.530344724655151367e+00,2.496087074279785156e+00,2.463485479354858398e+00,2.432456254959106445e+00,2.402920722961425781e+00,2.374808549880981445e+00,2.348054647445678711e+00,2.322596073150634766e+00,2.298375606536865234e+00,2.275341749191284180e+00,2.253443956375122070e+00,2.232637405395507812e+00,2.212879419326782227e+00,2.194131135940551758e+00,2.176354885101318359e+00,2.159517049789428711e+00,2.143585205078125000e+00,2.128530740737915039e+00,2.114325523376464844e+00,2.100944519042968750e+00,2.088364124298095703e+00,2.076562166213989258e+00,2.065518379211425781e+00,2.055214166641235352e+00,2.045632123947143555e+00,2.036756753921508789e+00,2.028573513031005859e+00,2.021068811416625977e+00,2.014230489730834961e+00,2.008048057556152344e+00,2.002511739730834961e+00,1.997612595558166504e+00,1.993342876434326172e+00,1.989696264266967773e+00,1.986667037010192871e+00,1.984250426292419434e+00,1.982443094253540039e+00,1.981241822242736816e+00,1.980645060539245605e+00,1.980651736259460449e+00,1.981261849403381348e+00,1.982476472854614258e+00,1.984297156333923340e+00,1.986727237701416016e+00,1.989770054817199707e+00,1.993430376052856445e+00,1.997713685035705566e+00,2.002626895904541016e+00,2.008177518844604492e+00,2.014374017715454102e+00,2.021227359771728516e+00,2.028746843338012695e+00,2.036945343017578125e+00,2.045836210250854492e+00,2.055433750152587891e+00,2.065753698348999023e+00,2.076813936233520508e+00,2.088632822036743164e+00,2.101230859756469727e+00,2.114630222320556641e+00,2.128854036331176758e+00,2.143927335739135742e+00,2.159878730773925781e+00,2.176736831665039062e+00,2.194534540176391602e+00,2.213304519653320312e+00,2.233085155487060547e+00,2.242055892944335938e+00,2.185160875320434570e+00,2.119254827499389648e+00,2.058392286300659180e+00,2.001157999038696289e+00,1.947447299957275391e+00,1.897468924522399902e+00,1.850024938583374023e+00,1.806004166603088379e+00,1.764040350914001465e+00,1.724663138389587402e+00,1.687525749206542969e+00,1.652206182479858398e+00,1.618929028511047363e+00,1.587473154067993164e+00,1.557505846023559570e+00,1.529188394546508789e+00,1.502326607704162598e+00,1.477226138114929199e+00,1.453386664390563965e+00,1.430732727050781250e+00,1.409196972846984863e+00,1.388716697692871094e+00,1.369234442710876465e+00,1.350696682929992676e+00,1.333055138587951660e+00,1.316263914108276367e+00,1.300281882286071777e+00,1.285069584846496582e+00,1.270592212677001953e+00,1.256815791130065918e+00,1.243709683418273926e+00,1.231245398521423340e+00,1.219396114349365234e+00,1.208136916160583496e+00,1.197445631027221680e+00,1.187300205230712891e+00,1.177680969238281250e+00,1.168569564819335938e+00,1.159948468208312988e+00,1.151802182197570801e+00,1.144115328788757324e+00,1.136874318122863770e+00,1.130066871643066406e+00,1.123680472373962402e+00,1.117704510688781738e+00,1.112128496170043945e+00,1.106943488121032715e+00,1.102140903472900391e+00,1.097712516784667969e+00,1.093651533126831055e+00,1.089951157569885254e+00,1.086605787277221680e+00,1.083609938621520996e+00,1.080958604812622070e+00,1.078648209571838379e+00,1.076675176620483398e+00,1.075035810470581055e+00,1.073728084564208984e+00,1.072749972343444824e+00,1.072100162506103516e+00,1.071777224540710449e+00,esquerda
5.969408988952636719e+00,5.971248149871826172e+00,5.974908351898193359e+00,5.980396270751953125e+00,5.987720489501953125e+00,5.996891021728515625e+00,6.007922649383544922e+00,6.020832061767578125e+00,6.035639286041259766e+00,6.052368164062500000e+00,6.071044921875000000e+00,6.091698169708251953e+00,6.114361286163330078e+00,6.139070510864257812e+00,6.165865898132324219e+00,6.194793224334716797e+00,6.225896358489990234e+00,6.259230136871337891e+00,6.226925373077392578e+00,5.941300392150878906e+00,5.662569999694824219e+00,5.410665988922119141e+00,5.180389404296875000e+00,4.970061302185058594e+00,4.779538631439208984e+00,4.603794574737548828e+00,4.441327095031738281e+00,4.290258407592773438e+00,4.152008533477783203e+00,4.023073196411132812e+00,3.902123451232910156e+00,3.790452003479003906e+00,3.685450553894042969e+00,3.586924552917480469e+00,3.495258808135986328e+00,3.408252716064453125e+00,3.327538251876831055e+00,3.250609397888183594e+00,3.178436040878295898e+00,3.110385894775390625e+00,3.045679569244384766e+00,2.984732389450073242e+00,2.927139282226562500e+00,2.872289896011352539e+00,2.820479631423950195e+00,2.771264791488647461e+00,2.724963903427124023e+00,2.680988073348999023e+00,2.639199733734130859e+00,2.599473714828491211e+00,2.561694383621215820e+00,2.525756597518920898e+00,2.491561174392700195e+00,2.459018468856811523e+00,2.428045511245727539e+00,2.398563623428344727e+00,2.370502471923828125e+00,2.343796730041503906e+00,2.318384408950805664e+00,2.294208049774169922e+00,2.271215915679931641e+00,2.249357700347900391e+00,2.228589057922363281e+00,2.208866834640502930e+00,2.190152645111083984e+00,2.172408342361450195e+00,2.155601024627685547e+00,2.139698266983032227e+00,2.124671220779418945e+00,2.110491514205932617e+00,2.097135066986083984e+00,2.084577322006225586e+00,2.072796821594238281e+00,2.061772823333740234e+00,2.051487445831298828e+00,2.041922569274902344e+00,2.033063650131225586e+00,2.024895191192626953e+00,2.017404079437255859e+00,2.010578155517578125e+00,2.004406929016113281e+00,1.998880624771118164e+00,1.993990302085876465e+00,1.989728331565856934e+00,1.986088514328002930e+00,1.983064651489257812e+00,1.980652332305908203e+00,1.978848218917846680e+00,1.977649450302124023e+00,1.977053761482238770e+00,1.977060317993164062e+00,1.977669239044189453e+00,1.978881597518920898e+00,1.980698943138122559e+00,1.983124613761901855e+00,1.986162066459655762e+00,1.989815711975097656e+00,1.994091272354125977e+00,1.998995661735534668e+00,2.004536151885986328e+00,2.010721445083618164e+00,2.017562389373779297e+00,2.025068283081054688e+00,2.033251523971557617e+00,2.042126417160034180e+00,2.051706552505493164e+00,2.062007904052734375e+00,2.073048114776611328e+00,2.084846019744873047e+00,2.097420930862426758e+00,2.110795736312866211e+00,2.124993801116943359e+00,2.140039682388305664e+00,2.155961990356445312e+00,2.172789573669433594e+00,2.190555334091186523e+00,2.209291219711303711e+00,2.229036092758178711e+00,2.238849639892578125e+00,2.185102462768554688e+00,2.119202852249145508e+00,2.058345317840576172e+00,2.001116275787353516e+00,1.947410225868225098e+00,1.897435903549194336e+00,1.849995851516723633e+00,1.805978298187255859e+00,1.764017701148986816e+00,1.724643349647521973e+00,1.687508821487426758e+00,1.652191400527954102e+00,1.618916630744934082e+00,1.587463021278381348e+00,1.557497739791870117e+00,1.529181838035583496e+00,1.502327442169189453e+00,1.477226853370666504e+00,1.453387379646301270e+00,1.430733561515808105e+00,1.409197568893432617e+00,1.388717293739318848e+00,1.369234919548034668e+00,1.350697159767150879e+00,1.333055615425109863e+00,1.316264510154724121e+00,1.300282359123229980e+00,1.285070061683654785e+00,1.270592808723449707e+00,1.256816267967224121e+00,1.243710160255432129e+00,1.231245756149291992e+00,1.219396352767944336e+00,1.208137392997741699e+00,1.197445869445800781e+00,1.187300562858581543e+00,1.177681207656860352e+00,1.168569803237915039e+00,1.159948825836181641e+00,1.151802420616149902e+00,1.144115686416625977e+00,1.136874675750732422e+00,1.130067110061645508e+00,1.123680710792541504e+00,1.117704749107360840e+00,1.112128734588623047e+00,1.106943726539611816e+00,1.102141022682189941e+00,1.097712755203247070e+00,1.093651771545410156e+00,1.089951395988464355e+00,1.086605906486511230e+00,1.083610057830810547e+00,1.080958843231201172e+00,1.078648447990417480e+00,1.076675295829772949e+00,1.075035929679870605e+00,1.073728203773498535e+00,1.072750091552734375e+00,1.072100162506103516e+00,1.071777224540710449e+00,esquerda
5.969410896301269531e+00,5.971250057220458984e+00,5.974910259246826172e+00,5.980397701263427734e+00,5.987721920013427734e+00,5.996892452239990234e+00,6.007924079895019531e+00,6.020833969116210938e+00,6.035641193389892578e+00,6.052370548248291016e+00,6.071047306060791016e+00,6.091700553894042969e+00,6.114363193511962891e+00,6.139072418212890625e+00,6.165868282318115234e+00,6.194794654846191406e+00,6.225897789001464844e+00,6.259232044219970703e+00,6.224443912506103516e+00,5.931002140045166016e+00,5.652760028839111328e+00,5.401296138763427734e+00,5.171422958374023438e+00,4.961461067199707031e+00,4.771270751953125000e+00,4.595832824707031250e+00,4.433648586273193359e+00,4.282842159271240234e+00,4.144833087921142578e+00,4.016122341156005859e+00,3.895382165908813477e+00,3.783891916275024414e+00,3.679059982299804688e+00,3.580693721771240234e+00,3.489176273345947266e+00,3.402311801910400391e+00,3.321729183197021484e+00,3.244925498962402344e+00,3.172870635986328125e+00,3.104931831359863281e+00,3.040331363677978516e+00,2.979484796524047852e+00,2.921986103057861328e+00,2.867227315902709961e+00,2.815501928329467773e+00,2.766235113143920898e+00,2.720018148422241211e+00,2.676122188568115234e+00,2.634409666061401367e+00,2.594755649566650391e+00,2.557044982910156250e+00,2.521172046661376953e+00,2.487038612365722656e+00,2.454555511474609375e+00,2.423638343811035156e+00,2.394209861755371094e+00,2.366199731826782227e+00,2.339542388916015625e+00,2.314176082611083984e+00,2.290043592453002930e+00,2.267093181610107422e+00,2.245274782180786133e+00,2.224543571472167969e+00,2.204857349395751953e+00,2.186177015304565430e+00,2.168464660644531250e+00,2.151688098907470703e+00,2.135814428329467773e+00,2.120814323425292969e+00,2.106660604476928711e+00,2.093327999114990234e+00,2.080793142318725586e+00,2.069033861160278320e+00,2.058029890060424805e+00,2.047763109207153320e+00,2.038215637207031250e+00,2.029372930526733398e+00,2.021219015121459961e+00,2.013741493225097656e+00,2.006927967071533203e+00,2.000767946243286133e+00,1.995251536369323730e+00,1.990370035171508789e+00,1.986115932464599609e+00,1.982482552528381348e+00,1.979464411735534668e+00,1.977056503295898438e+00,1.975255727767944336e+00,1.974058747291564941e+00,1.973464131355285645e+00,1.973470687866210938e+00,1.974078655242919922e+00,1.975288629531860352e+00,1.977102637290954590e+00,1.979524135589599609e+00,1.982555866241455078e+00,1.986202836036682129e+00,1.990470767021179199e+00,1.995366096496582031e+00,2.000896453857421875e+00,2.007070541381835938e+00,2.013898849487304688e+00,2.021390914916992188e+00,2.029559612274169922e+00,2.038418531417846680e+00,2.047981262207031250e+00,2.058264017105102539e+00,2.069283962249755859e+00,2.081060171127319336e+00,2.093612194061279297e+00,2.106962680816650391e+00,2.121134996414184570e+00,2.136153697967529297e+00,2.152047157287597656e+00,2.168843984603881836e+00,2.186577320098876953e+00,2.205279111862182617e+00,2.224988222122192383e+00,2.235635995864868164e+00,2.185004949569702148e+00,2.119109630584716797e+00,2.058256626129150391e+00,2.001031160354614258e+00,1.947328686714172363e+00,1.897357583045959473e+00,1.849920392036437988e+00,1.805905818939208984e+00,1.763947606086730957e+00,1.724575638771057129e+00,1.687443494796752930e+00,1.652128219604492188e+00,1.618855476379394531e+00,1.587403535842895508e+00,1.557440042495727539e+00,1.529125928878784180e+00,1.502325057983398438e+00,1.477224588394165039e+00,1.453384876251220703e+00,1.430731058120727539e+00,1.409195303916931152e+00,1.388715147972106934e+00,1.369232773780822754e+00,1.350695013999938965e+00,1.333053708076477051e+00,1.316262483596801758e+00,1.300280451774597168e+00,1.285068154335021973e+00,1.270590782165527344e+00,1.256814360618591309e+00,1.243708372116088867e+00,1.231243848800659180e+00,1.219394445419311523e+00,1.208135604858398438e+00,1.197444081306457520e+00,1.187298774719238281e+00,1.177679538726806641e+00,1.168568015098571777e+00,1.159947037696838379e+00,1.151800632476806641e+00,1.144113898277282715e+00,1.136873006820678711e+00,1.130065202713012695e+00,1.123678922653198242e+00,1.117702841758728027e+00,1.112126946449279785e+00,1.106941938400268555e+00,1.102139353752136230e+00,1.097710967063903809e+00,1.093650102615356445e+00,1.089949607849121094e+00,1.086604237556457520e+00,1.083608388900756836e+00,1.080957055091857910e+00,1.078646659851074219e+00,1.076673626899719238e+00,1.075034260749816895e+00,1.073726534843444824e+00,1.072748422622680664e+00,1.072098493576049805e+00,1.071775555610656738e+00,esquerda
5.969411373138427734e+00,5.971250534057617188e+00,5.974910736083984375e+00,5.980398654937744141e+00,5.987722873687744141e+00,5.996892929077148438e+00,6.007924556732177734e+00,6.020834445953369141e+00,6.035641670227050781e+00,6.052371025085449219e+00,6.071047782897949219e+00,6.091701030731201172e+00,6.114363670349121094e+00,6.139072895050048828e+00,6.165869235992431641e+00,6.194795131683349609e+00,6.225898265838623047e+00,6.259232521057128906e+00,6.221771717071533203e+00,5.919917583465576172e+00,5.642210483551025391e+00,5.391228675842285156e+00,5.161794185638427734e+00,4.952233314514160156e+00,4.762404918670654297e+00,4.587300777435302734e+00,4.425423145294189453e+00,4.274902820587158203e+00,4.137154579162597656e+00,4.008686542510986328e+00,3.888174295425415039e+00,3.776894569396972656e+00,3.672260522842407227e+00,3.574078798294067383e+00,3.482733964920043945e+00,3.396032810211181641e+00,3.315601587295532227e+00,3.238942623138427734e+00,3.167022228240966797e+00,3.099210500717163086e+00,3.034731149673461914e+00,2.973997831344604492e+00,2.916606903076171875e+00,2.861950159072875977e+00,2.810321092605590820e+00,2.761202573776245117e+00,2.715070009231567383e+00,2.671253681182861328e+00,2.629616737365722656e+00,2.590035200119018555e+00,2.552393198013305664e+00,2.516585588455200195e+00,2.482514381408691406e+00,2.450090169906616211e+00,2.419229507446289062e+00,2.389854431152343750e+00,2.361895561218261719e+00,2.335286617279052734e+00,2.309966802597045898e+00,2.285877943038940430e+00,2.262969255447387695e+00,2.241190671920776367e+00,2.220497369766235352e+00,2.200846910476684570e+00,2.182200431823730469e+00,2.164520740509033203e+00,2.147774219512939453e+00,2.131929397583007812e+00,2.116956710815429688e+00,2.102828502655029297e+00,2.089520215988159180e+00,2.077008247375488281e+00,2.065270662307739258e+00,2.054286718368530273e+00,2.044038534164428711e+00,2.034508943557739258e+00,2.025681734085083008e+00,2.017542839050292969e+00,2.010078907012939453e+00,2.003278017044067383e+00,1.997129082679748535e+00,1.991622805595397949e+00,1.986750364303588867e+00,1.982503890991210938e+00,1.978877067565917969e+00,1.975864291191101074e+00,1.973460912704467773e+00,1.971663475036621094e+00,1.970468640327453613e+00,1.969875097274780273e+00,1.969881772994995117e+00,1.970488548278808594e+00,1.971696496009826660e+00,1.973507285118103027e+00,1.975924372673034668e+00,1.978950500488281250e+00,1.982590794563293457e+00,1.986851096153259277e+00,1.991737604141235352e+00,1.997257828712463379e+00,2.003420829772949219e+00,2.010236740112304688e+00,2.017715215682983398e+00,2.025868892669677734e+00,2.034711599349975586e+00,2.044257164001464844e+00,2.054521083831787109e+00,2.065521001815795898e+00,2.077275753021240234e+00,2.089805364608764648e+00,2.103131532669067383e+00,2.117278099060058594e+00,2.132269620895385742e+00,2.148133993148803711e+00,2.164900541305541992e+00,2.182601690292358398e+00,2.201269388198852539e+00,2.220942735671997070e+00,2.232463598251342773e+00,2.185083389282226562e+00,2.119183301925659180e+00,2.058325529098510742e+00,2.001096248626708984e+00,1.947389841079711914e+00,1.897415399551391602e+00,1.849975109100341797e+00,1.805957555770874023e+00,1.763996839523315430e+00,1.724622249603271484e+00,1.687487959861755371e+00,1.652170419692993164e+00,1.618895649909973145e+00,1.587441802024841309e+00,1.557476758956909180e+00,1.529160976409912109e+00,1.502323746681213379e+00,1.477223277091979980e+00,1.453383803367614746e+00,1.430729985237121582e+00,1.409194231033325195e+00,1.388714075088500977e+00,1.369231820106506348e+00,1.350694060325622559e+00,1.333052635192871094e+00,1.316261529922485352e+00,1.300279498100280762e+00,1.285067319869995117e+00,1.270589947700500488e+00,1.256813526153564453e+00,1.243707537651062012e+00,1.231243014335632324e+00,1.219393849372863770e+00,1.208134770393371582e+00,1.197443246841430664e+00,1.187297940254211426e+00,1.177678823471069336e+00,1.168567180633544922e+00,1.159946441650390625e+00,1.151800036430358887e+00,1.144113183021545410e+00,1.136872291564941406e+00,1.130064725875854492e+00,1.123678445816040039e+00,1.117702364921569824e+00,1.112126469612121582e+00,1.106941461563110352e+00,1.102138996124267578e+00,1.097710371017456055e+00,1.093649506568908691e+00,1.089949131011962891e+00,1.086603760719299316e+00,1.083607912063598633e+00,1.080956578254699707e+00,1.078646183013916016e+00,1.076673150062561035e+00,1.075033783912658691e+00,1.073726058006286621e+00,1.072747945785522461e+00,1.072098135948181152e+00,1.071775197982788086e+00,esquerda
5.969410896301269531e+00,5.971250057220458984e+00,5.974910736083984375e+00,5.980398178100585938e+00,5.987722873687744141e+00,5.996892929077148438e+00,6.007924556732177734e+00,6.020833969116210938e+00,6.035641193389892578e+00,6.052370548248291016e+00,6.071047306060791016e+00,6.091700553894042969e+00,6.114363193511962891e+00,6.139072418212890625e+00,6.165868282318115234e+00,6.194795131683349609e+00,6.225898265838623047e+00,6.258852958679199219e+00,6.216842651367187500e+00,5.908848762512207031e+00,5.631676197052001953e+00,5.381176948547363281e+00,5.152182102203369141e+00,4.943022727966308594e+00,4.753556251525878906e+00,4.578784942626953125e+00,4.417215824127197266e+00,4.266981124877929688e+00,4.129493713378906250e+00,4.001268386840820312e+00,3.880984067916870117e+00,3.769913673400878906e+00,3.665475845336914062e+00,3.567479133605957031e+00,3.476305246353149414e+00,3.389766693115234375e+00,3.309485673904418945e+00,3.232969999313354492e+00,3.161184549331665039e+00,3.093499422073364258e+00,3.029139995574951172e+00,2.968520164489746094e+00,2.911236524581909180e+00,2.856680870056152344e+00,2.805147886276245117e+00,2.756168127059936523e+00,2.710119724273681641e+00,2.666383266448974609e+00,2.624822378158569336e+00,2.585313081741333008e+00,2.547739505767822266e+00,2.511997222900390625e+00,2.477988004684448242e+00,2.445622920989990234e+00,2.414818525314331055e+00,2.385497093200683594e+00,2.357589244842529297e+00,2.331028938293457031e+00,2.305754899978637695e+00,2.281710147857666016e+00,2.258843421936035156e+00,2.237104177474975586e+00,2.216449022293090820e+00,2.196834087371826172e+00,2.178221702575683594e+00,2.160574197769165039e+00,2.143858194351196289e+00,2.128042459487915039e+00,2.113096952438354492e+00,2.098994493484497070e+00,2.085710763931274414e+00,2.073221445083618164e+00,2.061505079269409180e+00,2.050541400909423828e+00,2.040312051773071289e+00,2.030799150466918945e+00,2.021988391876220703e+00,2.013864517211914062e+00,2.006414175033569336e+00,1.999625563621520996e+00,1.993487834930419922e+00,1.987991571426391602e+00,1.983127832412719727e+00,1.978889226913452148e+00,1.975269198417663574e+00,1.972261786460876465e+00,1.969862699508666992e+00,1.968068599700927734e+00,1.966876149177551270e+00,1.966283559799194336e+00,1.966290116310119629e+00,1.966895818710327148e+00,1.968101620674133301e+00,1.969909191131591797e+00,1.972321510314941406e+00,1.975342512130737305e+00,1.978976249694824219e+00,1.983228564262390137e+00,1.988106131553649902e+00,1.993616461753845215e+00,1.999768018722534180e+00,2.006571531295776367e+00,2.014036417007446289e+00,2.022175312042236328e+00,2.031001806259155273e+00,2.040529966354370117e+00,2.050775289535522461e+00,2.061755180358886719e+00,2.073488473892211914e+00,2.085995197296142578e+00,2.099297046661376953e+00,2.113417863845825195e+00,2.128381729125976562e+00,2.144217491149902344e+00,2.160953521728515625e+00,2.178622007369995117e+00,2.197256088256835938e+00,2.216893434524536133e+00,2.229275941848754883e+00,2.185107707977294922e+00,2.119205474853515625e+00,2.058346033096313477e+00,2.001114845275878906e+00,1.947407007217407227e+00,1.897431015968322754e+00,1.849989414215087891e+00,1.805970907211303711e+00,1.764009237289428711e+00,1.724633693695068359e+00,1.687498331069946289e+00,1.652180075645446777e+00,1.618904352188110352e+00,1.587450027465820312e+00,1.557484030723571777e+00,1.529167652130126953e+00,1.502324342727661133e+00,1.477224111557006836e+00,1.453384399414062500e+00,1.430730581283569336e+00,1.409194707870483398e+00,1.388714551925659180e+00,1.369232296943664551e+00,1.350694417953491211e+00,1.333053112030029297e+00,1.316262006759643555e+00,1.300279855728149414e+00,1.285067677497863770e+00,1.270590186119079590e+00,1.256813764572143555e+00,1.243707776069641113e+00,1.231243491172790527e+00,1.219394087791442871e+00,1.208135008811950684e+00,1.197443604469299316e+00,1.187298297882080078e+00,1.177679181098937988e+00,1.168567419052124023e+00,1.159946560859680176e+00,1.151800155639648438e+00,1.144113302230834961e+00,1.136872649192810059e+00,1.130064845085144043e+00,1.123678565025329590e+00,1.117702364921569824e+00,1.112126708030700684e+00,1.106941461563110352e+00,1.102138996124267578e+00,1.097710490226745605e+00,1.093649625778198242e+00,1.089949131011962891e+00,1.086603760719299316e+00,1.083607912063598633e+00,1.080956697463989258e+00,1.078646302223205566e+00,1.076673150062561035e+00,1.075033783912658691e+00,1.073726177215576172e+00,1.072748064994812012e+00,1.072098135948181152e+00,1.071775078773498535e+00,esquerda
5.969413280487060547e+00,5.971252441406250000e+00,5.974912643432617188e+00,5.980400085449218750e+00,5.987724304199218750e+00,5.996894836425781250e+00,6.007926464080810547e+00,6.020835876464843750e+00,6.035643577575683594e+00,6.052372455596923828e+00,6.071049213409423828e+00,6.091702938079833984e+00,6.114365100860595703e+00,6.139075279235839844e+00,6.165870666503906250e+00,6.194796562194824219e+00,6.225900173187255859e+00,6.257508277893066406e+00,6.206459522247314453e+00,5.898930549621582031e+00,5.622180461883544922e+00,5.372065544128417969e+00,5.143424987792968750e+00,4.934591293334960938e+00,4.745422363281250000e+00,4.570927619934082031e+00,4.409614562988281250e+00,4.259619235992431641e+00,4.122352123260498047e+00,3.994333028793334961e+00,3.874242544174194336e+00,3.763351678848266602e+00,3.659083843231201172e+00,3.561246395111083984e+00,3.470221757888793945e+00,3.383824348449707031e+00,3.303675174713134766e+00,3.227285385131835938e+00,3.155617713928222656e+00,3.088044166564941406e+00,3.023791313171386719e+00,2.963271856307983398e+00,2.906082391738891602e+00,2.851617336273193359e+00,2.800169944763183594e+00,2.751137971878051758e+00,2.705173254013061523e+00,2.661516904830932617e+00,2.620031595230102539e+00,2.580594301223754883e+00,2.543089151382446289e+00,2.507412195205688477e+00,2.473465204238891602e+00,2.441159009933471680e+00,2.410410881042480469e+00,2.381143093109130859e+00,2.353285551071166992e+00,2.326773881912231445e+00,2.301546096801757812e+00,2.277544975280761719e+00,2.254720211029052734e+00,2.233020782470703125e+00,2.212402582168579102e+00,2.192824125289916992e+00,2.174245357513427734e+00,2.156630039215087891e+00,2.139945030212402344e+00,2.124157667160034180e+00,2.109239339828491211e+00,2.095162868499755859e+00,2.081903219223022461e+00,2.069436550140380859e+00,2.057741880416870117e+00,2.046797990798950195e+00,2.036586999893188477e+00,2.027091979980468750e+00,2.018297195434570312e+00,2.010187864303588867e+00,2.002751111984252930e+00,1.995974779129028320e+00,1.989848494529724121e+00,1.984362125396728516e+00,1.979507327079772949e+00,1.975276350975036621e+00,1.971662878990173340e+00,1.968661069869995117e+00,1.966266274452209473e+00,1.964475274085998535e+00,1.963284969329833984e+00,1.962693572044372559e+00,1.962700009346008301e+00,1.963304758071899414e+00,1.964508295059204102e+00,1.966312289237976074e+00,1.968720316886901855e+00,1.971735715866088867e+00,1.975362896919250488e+00,1.979607343673706055e+00,1.984475970268249512e+00,1.989976167678833008e+00,1.996116638183593750e+00,2.002907514572143555e+00,2.010359048843383789e+00,2.018483161926269531e+00,2.027293443679809570e+00,2.036803960800170898e+00,2.047030687332153320e+00,2.057990550994873047e+00,2.069702148437500000e+00,2.082186222076416016e+00,2.095463752746582031e+00,2.109558582305908203e+00,2.124495029449462891e+00,2.140301942825317383e+00,2.157007217407226562e+00,2.174643754959106445e+00,2.193243503570556641e+00,2.212845087051391602e+00,2.226098060607910156e+00,2.185172557830810547e+00,2.119266033172607422e+00,2.058403253555297852e+00,2.001168489456176758e+00,1.947457432746887207e+00,1.897478818893432617e+00,1.850034475326538086e+00,1.806013345718383789e+00,1.764049053192138672e+00,1.724671602249145508e+00,1.687534332275390625e+00,1.652214288711547852e+00,1.618937015533447266e+00,1.587480902671813965e+00,1.557513594627380371e+00,1.529195785522460938e+00,1.502322077751159668e+00,1.477221846580505371e+00,1.453382372856140137e+00,1.430728554725646973e+00,1.409192681312561035e+00,1.388712525367736816e+00,1.369230151176452637e+00,1.350692272186279297e+00,1.333050966262817383e+00,1.316259980201721191e+00,1.300277829170227051e+00,1.285065531730651855e+00,1.270588278770446777e+00,1.256811857223510742e+00,1.243705868721008301e+00,1.231241345405578613e+00,1.219392061233520508e+00,1.208132982254028320e+00,1.197441697120666504e+00,1.187296390533447266e+00,1.177677154541015625e+00,1.168565630912780762e+00,1.159944772720336914e+00,1.151798367500305176e+00,1.144111514091491699e+00,1.136870861053466797e+00,1.130063056945800781e+00,1.123676776885986328e+00,1.117700695991516113e+00,1.112125039100646973e+00,1.106939673423767090e+00,1.102137327194213867e+00,1.097708821296691895e+00,1.093648076057434082e+00,1.089947581291198730e+00,1.086601972579956055e+00,1.083606243133544922e+00,1.080955028533935547e+00,1.078644633293151855e+00,1.076671481132507324e+00,1.075032114982604980e+00,1.073724508285522461e+00,1.072746396064758301e+00,1.072096467018127441e+00,1.071773529052734375e+00,esquerda
5.969413757324218750e+00,5.971252918243408203e+00,5.974913120269775391e+00,5.980400562286376953e+00,5.987724781036376953e+00,5.996895313262939453e+00,6.007926940917968750e+00,6.020836830139160156e+00,6.035644054412841797e+00,6.052372932434082031e+00,6.071049690246582031e+00,6.091703414916992188e+00,6.114365577697753906e+00,6.139075756072998047e+00,6.165871620178222656e+00,6.194797515869140625e+00,6.225900650024414062e+00,6.255997180938720703e+00,6.194811820983886719e+00,5.887876033782958984e+00,5.611659526824951172e+00,5.362024307250976562e+00,5.133821964263916016e+00,4.925388336181640625e+00,4.736579418182373047e+00,4.562416076660156250e+00,4.401410102844238281e+00,4.251699924468994141e+00,4.114692687988281250e+00,3.986916303634643555e+00,3.867052316665649414e+00,3.756370782852172852e+00,3.652299642562866211e+00,3.554646492004394531e+00,3.463793277740478516e+00,3.377558469772338867e+00,3.297559738159179688e+00,3.221313238143920898e+00,3.149780273437500000e+00,3.082333087921142578e+00,3.018200635910034180e+00,2.957793951034545898e+00,2.900711536407470703e+00,2.846348524093627930e+00,2.794996738433837891e+00,2.746102809906005859e+00,2.700222253799438477e+00,2.656645774841308594e+00,2.615236759185791016e+00,2.575871467590332031e+00,2.538435220718383789e+00,2.502823591232299805e+00,2.468938589096069336e+00,2.436691761016845703e+00,2.405999660491943359e+00,2.376785516738891602e+00,2.348979234695434570e+00,2.322515964508056641e+00,2.297334671020507812e+00,2.273377418518066406e+00,2.250594139099121094e+00,2.228934526443481445e+00,2.208354234695434570e+00,2.188811302185058594e+00,2.170267105102539062e+00,2.152683734893798828e+00,2.136029005050659180e+00,2.120270729064941406e+00,2.105380058288574219e+00,2.091329097747802734e+00,2.078093767166137695e+00,2.065649986267089844e+00,2.053976535797119141e+00,2.043052673339843750e+00,2.032860994338989258e+00,2.023383140563964844e+00,2.014604091644287109e+00,2.006509780883789062e+00,1.999086856842041016e+00,1.992322921752929688e+00,1.986207604408264160e+00,1.980731487274169922e+00,1.975885629653930664e+00,1.971662402153015137e+00,1.968055486679077148e+00,1.965059161186218262e+00,1.962668776512145996e+00,1.960881114006042480e+00,1.959693074226379395e+00,1.959102749824523926e+00,1.959109425544738770e+00,1.959712862968444824e+00,1.960914254188537598e+00,1.962715029716491699e+00,1.965118765830993652e+00,1.968128561973571777e+00,1.971749067306518555e+00,1.975985765457153320e+00,1.980845570564270020e+00,1.986335873603820801e+00,1.992465019226074219e+00,1.999243617057800293e+00,2.006681203842163086e+00,2.014790534973144531e+00,2.023584604263305664e+00,2.033077955245971680e+00,2.043285846710205078e+00,2.054225683212280273e+00,2.065916299819946289e+00,2.078377008438110352e+00,2.091630458831787109e+00,2.105699539184570312e+00,2.120609045028686523e+00,2.136386632919311523e+00,2.153061628341674805e+00,2.170665979385375977e+00,2.189231872558593750e+00,2.208797216415405273e+00,2.222916126251220703e+00,2.185214757919311523e+00,2.119305372238159180e+00,2.058439493179321289e+00,2.001202344894409180e+00,1.947489142417907715e+00,1.897508263587951660e+00,1.850062251091003418e+00,1.806039571762084961e+00,1.764073610305786133e+00,1.724694848060607910e+00,1.687556028366088867e+00,1.652234673500061035e+00,1.618956446647644043e+00,1.587499260902404785e+00,1.557530879974365234e+00,1.529212117195129395e+00,1.502320647239685059e+00,1.477220535278320312e+00,1.453381061553955078e+00,1.430727243423461914e+00,1.409191608428955078e+00,1.388711452484130859e+00,1.369229078292846680e+00,1.350691199302673340e+00,1.333050131797790527e+00,1.316259145736694336e+00,1.300276875495910645e+00,1.285064578056335449e+00,1.270587563514709473e+00,1.256811141967773438e+00,1.243704915046691895e+00,1.231240749359130859e+00,1.219391345977783203e+00,1.208132386207580566e+00,1.197440981864929199e+00,1.187295794486999512e+00,1.177676558494567871e+00,1.168564915657043457e+00,1.159944057464599609e+00,1.151797771453857422e+00,1.144110918045043945e+00,1.136870026588439941e+00,1.130062460899353027e+00,1.123676180839538574e+00,1.117700099945068359e+00,1.112124323844909668e+00,1.106939196586608887e+00,1.102136731147766113e+00,1.097708344459533691e+00,1.093647480010986328e+00,1.089947104454040527e+00,1.086601495742797852e+00,1.083605647087097168e+00,1.080954551696777344e+00,1.078644156455993652e+00,1.076671004295349121e+00,1.075031638145446777e+00,1.073724031448364258e+00,1.072745919227600098e+00,1.072096109390258789e+00,1.071773171424865723e+00,esquerda
5.969414234161376953e+00,5.971253395080566406e+00,5.974913597106933594e+00,5.980401039123535156e+00,5.987725257873535156e+00,5.996895790100097656e+00,6.007927417755126953e+00,6.020837306976318359e+00,6.035644531250000000e+00,6.052373409271240234e+00,6.071050167083740234e+00,6.091703891754150391e+00,6.114366531372070312e+00,6.139076232910156250e+00,6.165872097015380859e+00,6.194797992706298828e+00,6.225901126861572266e+00,6.254486560821533203e+00,6.183165073394775391e+00,5.876822471618652344e+00,5.601138114929199219e+00,5.351983547210693359e+00,5.124218940734863281e+00,4.916184425354003906e+00,4.727736473083496094e+00,4.553906440734863281e+00,4.393206596374511719e+00,4.243780612945556641e+00,4.107033729553222656e+00,3.979499578475952148e+00,3.859862565994262695e+00,3.749391078948974609e+00,3.645516395568847656e+00,3.548047780990600586e+00,3.457365751266479492e+00,3.371293067932128906e+00,3.291445493698120117e+00,3.215341806411743164e+00,3.143942832946777344e+00,3.076622724533081055e+00,3.012610673904418945e+00,2.952316999435424805e+00,2.895341634750366211e+00,2.841080188751220703e+00,2.789824724197387695e+00,2.741070032119750977e+00,2.695273876190185547e+00,2.651777029037475586e+00,2.610444068908691406e+00,2.571150779724121094e+00,2.533783197402954102e+00,2.498236656188964844e+00,2.464414119720458984e+00,2.432225942611694336e+00,2.401590347290039062e+00,2.372429847717285156e+00,2.344674587249755859e+00,2.318259716033935547e+00,2.293124198913574219e+00,2.269211053848266602e+00,2.246469497680664062e+00,2.224849700927734375e+00,2.204307079315185547e+00,2.184800148010253906e+00,2.166289806365966797e+00,2.148738861083984375e+00,2.132114648818969727e+00,2.116384983062744141e+00,2.101521730422973633e+00,2.087496280670166016e+00,2.074285268783569336e+00,2.061864376068115234e+00,2.050212383270263672e+00,2.039308309555053711e+00,2.029135227203369141e+00,2.019674777984619141e+00,2.010912179946899414e+00,2.002832651138305664e+00,1.995423197746276855e+00,1.988671541213989258e+00,1.982567667961120605e+00,1.977101683616638184e+00,1.972264647483825684e+00,1.968049049377441406e+00,1.964448809623718262e+00,1.961457848548889160e+00,1.959071874618530273e+00,1.957287669181823730e+00,1.956101775169372559e+00,1.955512523651123047e+00,1.955519080162048340e+00,1.956121444702148438e+00,1.957320570945739746e+00,1.959118127822875977e+00,1.961517453193664551e+00,1.964521765708923340e+00,1.968135356903076172e+00,1.972364425659179688e+00,1.977215409278869629e+00,1.982695579528808594e+00,1.988813400268554688e+00,1.995579719543457031e+00,2.003003597259521484e+00,2.011098146438598633e+00,2.019876003265380859e+00,2.029352188110351562e+00,2.039541244506835938e+00,2.050461053848266602e+00,2.062130212783813477e+00,2.074568271636962891e+00,2.087797164916992188e+00,2.101840734481811523e+00,2.116722583770751953e+00,2.132471561431884766e+00,2.149115800857543945e+00,2.166687965393066406e+00,2.185219764709472656e+00,2.204749345779418945e+00,2.219673871994018555e+00,2.184989929199218750e+00,2.119095563888549805e+00,2.058243751525878906e+00,2.001019239425659180e+00,1.947317481040954590e+00,1.897346973419189453e+00,1.849910616874694824e+00,1.805896759033203125e+00,1.763939380645751953e+00,1.724567890167236328e+00,1.687436103820800781e+00,1.652121305465698242e+00,1.618848919868469238e+00,1.587397456169128418e+00,1.557434439659118652e+00,1.529120683670043945e+00,1.502319812774658203e+00,1.477219462394714355e+00,1.453380107879638672e+00,1.430726528167724609e+00,1.409190654754638672e+00,1.388710498809814453e+00,1.369228124618530273e+00,1.350690364837646484e+00,1.333049178123474121e+00,1.316258192062377930e+00,1.300276041030883789e+00,1.285063743591308594e+00,1.270586729049682617e+00,1.256810307502746582e+00,1.243704199790954590e+00,1.231239914894104004e+00,1.219390511512756348e+00,1.208131551742553711e+00,1.197440266609191895e+00,1.187294960021972656e+00,1.177675724029541016e+00,1.168564200401306152e+00,1.159943342208862305e+00,1.151796936988830566e+00,1.144110321998596191e+00,1.136869430541992188e+00,1.130061745643615723e+00,1.123675465583801270e+00,1.117699384689331055e+00,1.112123608589172363e+00,1.106938481330871582e+00,1.102136015892028809e+00,1.097707629203796387e+00,1.093646883964538574e+00,1.089946269989013672e+00,1.086600780487060547e+00,1.083605051040649414e+00,1.080953836441040039e+00,1.078643441200256348e+00,1.076670169830322266e+00,1.075030922889709473e+00,1.073723316192626953e+00,1.072745203971862793e+00,1.072095274925231934e+00,1.071772336959838867e+00,esquerda
5.969415187835693359e+00,5.971254348754882812e+00,5.974914550781250000e+00,5.980401992797851562e+00,5.987726211547851562e+00,5.996896743774414062e+00,6.007928371429443359e+00,6.020838260650634766e+00,6.035645484924316406e+00,6.052374839782714844e+00,6.071051597595214844e+00,6.091704845428466797e+00,6.114367485046386719e+00,6.139077186584472656e+00,6.165873050689697266e+00,6.194798946380615234e+00,6.225902080535888672e+00,6.253032684326171875e+00,6.171938896179199219e+00,5.866114616394042969e+00,5.590898990631103516e+00,5.342170238494873047e+00,5.114797592163085938e+00,4.907121658325195312e+00,4.719002723693847656e+00,4.545475006103515625e+00,4.385056018829345703e+00,4.235892772674560547e+00,4.099386692047119141e+00,3.972077846527099609e+00,3.852657794952392578e+00,3.742395639419555664e+00,3.638718605041503906e+00,3.541435241699218750e+00,3.450924873352050781e+00,3.365016222000122070e+00,3.285319328308105469e+00,3.209359884262084961e+00,3.138096094131469727e+00,3.070902824401855469e+00,3.007011175155639648e+00,2.946831703186035156e+00,2.889963388442993164e+00,2.835804224014282227e+00,2.784645080566406250e+00,2.736040115356445312e+00,2.690327882766723633e+00,2.646910667419433594e+00,2.605654001235961914e+00,2.566432714462280273e+00,2.529133796691894531e+00,2.493652582168579102e+00,2.459891796112060547e+00,2.427762985229492188e+00,2.397183656692504883e+00,2.368076324462890625e+00,2.340372085571289062e+00,2.314005613327026367e+00,2.288916349411010742e+00,2.265047073364257812e+00,2.242347240447998047e+00,2.220767021179199219e+00,2.200262069702148438e+00,2.180790901184082031e+00,2.162314414978027344e+00,2.144795656204223633e+00,2.128201961517333984e+00,2.112501382827758789e+00,2.097665309906005859e+00,2.083666086196899414e+00,2.070479154586791992e+00,2.058080911636352539e+00,2.046450138092041016e+00,2.035566568374633789e+00,2.025411844253540039e+00,2.015968799591064453e+00,2.007222175598144531e+00,1.999157428741455078e+00,1.991761803627014160e+00,1.985022664070129395e+00,1.978929758071899414e+00,1.973473548889160156e+00,1.968645453453063965e+00,1.964437842369079590e+00,1.960844039916992188e+00,1.957858681678771973e+00,1.955477237701416016e+00,1.953696012496948242e+00,1.952512264251708984e+00,1.951924204826354980e+00,1.951930761337280273e+00,1.952531933784484863e+00,1.953728914260864258e+00,1.955523252487182617e+00,1.957918047904968262e+00,1.960916757583618164e+00,1.964524030685424805e+00,1.968745231628417969e+00,1.973587274551391602e+00,1.979057312011718750e+00,1.985164046287536621e+00,1.991917729377746582e+00,1.999328255653381348e+00,2.007407903671264648e+00,2.016169548034667969e+00,2.025628328323364258e+00,2.035798549652099609e+00,2.046698570251464844e+00,2.058346033096313477e+00,2.070761680603027344e+00,2.083966255187988281e+00,2.097983837127685547e+00,2.112838506698608398e+00,2.128558635711669922e+00,2.145172357559204102e+00,2.162712097167968750e+00,2.181209802627563477e+00,2.200703620910644531e+00,2.216493606567382812e+00,2.185034513473510742e+00,2.119137048721313477e+00,2.058282375335693359e+00,2.001055240631103516e+00,1.947351574897766113e+00,1.897379279136657715e+00,1.849940657615661621e+00,1.805925130844116211e+00,1.763965964317321777e+00,1.724593162536621094e+00,1.687460184097290039e+00,1.652143955230712891e+00,1.618870258331298828e+00,1.587417840957641602e+00,1.557453632354736328e+00,1.529138684272766113e+00,1.502320528030395508e+00,1.477220296859741211e+00,1.453380703926086426e+00,1.430727005004882812e+00,1.409191131591796875e+00,1.388711333274841309e+00,1.369228839874267578e+00,1.350690960884094238e+00,1.333049774169921875e+00,1.316258788108825684e+00,1.300276637077331543e+00,1.285064339637756348e+00,1.270587086677551270e+00,1.256810903549194336e+00,1.243704438209533691e+00,1.231240272521972656e+00,1.219390988349914551e+00,1.208131909370422363e+00,1.197440624237060547e+00,1.187295198440551758e+00,1.177675962448120117e+00,1.168564438819885254e+00,1.159943580627441406e+00,1.151797175407409668e+00,1.144110441207885742e+00,1.136869549751281738e+00,1.130061984062194824e+00,1.123675704002380371e+00,1.117699503898620605e+00,1.112123727798461914e+00,1.106938719749450684e+00,1.102136254310607910e+00,1.097707748413085938e+00,1.093647003173828125e+00,1.089946627616882324e+00,1.086601018905639648e+00,1.083605170249938965e+00,1.080953955650329590e+00,1.078643560409545898e+00,1.076670289039611816e+00,1.075031042098999023e+00,1.073723435401916504e+00,1.072745323181152344e+00,1.072095394134521484e+00,1.071772456169128418e+00,esquerda
5.969415664672851562e+00,5.971254825592041016e+00,5.974915027618408203e+00,5.980402469635009766e+00,5.987726688385009766e+00,5.996897220611572266e+00,6.007928848266601562e+00,6.020838737487792969e+00,6.035645961761474609e+00,6.052375316619873047e+00,6.071052074432373047e+00,6.091705322265625000e+00,6.114367961883544922e+00,6.139077663421630859e+00,6.165873527526855469e+00,6.194799423217773438e+00,6.225902557373046875e+00,6.251624584197998047e+00,6.161082744598388672e+00,5.855803966522216797e+00,5.581079006195068359e+00,5.332793235778808594e+00,5.105824470520019531e+00,4.898517608642578125e+00,4.710731029510498047e+00,4.537510871887207031e+00,4.377376556396484375e+00,4.228477001190185547e+00,4.092211723327636719e+00,3.965127706527709961e+00,3.845912694931030273e+00,3.735831260681152344e+00,3.632323980331420898e+00,3.535200357437133789e+00,3.444839000701904297e+00,3.359071493148803711e+00,3.279506683349609375e+00,3.203673124313354492e+00,3.132527351379394531e+00,3.065445899963378906e+00,3.001660585403442383e+00,2.941581487655639648e+00,2.884808063507080078e+00,2.830739259719848633e+00,2.779665470123291016e+00,2.731007099151611328e+00,2.685379028320312500e+00,2.642041921615600586e+00,2.600860595703125000e+00,2.561711549758911133e+00,2.524481296539306641e+00,2.489065170288085938e+00,2.455366849899291992e+00,2.423296689987182617e+00,2.392773628234863281e+00,2.363719940185546875e+00,2.336066484451293945e+00,2.309748888015747070e+00,2.284705877304077148e+00,2.260880470275878906e+00,2.238222360610961914e+00,2.216681718826293945e+00,2.196214914321899414e+00,2.176779270172119141e+00,2.158336877822875977e+00,2.140850305557250977e+00,2.124287128448486328e+00,2.108615159988403320e+00,2.093806505203247070e+00,2.079833030700683594e+00,2.066670179367065430e+00,2.054295063018798828e+00,2.042685508728027344e+00,2.031821966171264648e+00,2.021685838699340820e+00,2.012260198593139648e+00,2.003529787063598633e+00,1.995479822158813477e+00,1.988097667694091797e+00,1.981370806694030762e+00,1.975289344787597656e+00,1.969843387603759766e+00,1.965023875236511230e+00,1.960824012756347656e+00,1.957236766815185547e+00,1.954257011413574219e+00,1.951879858970642090e+00,1.950101971626281738e+00,1.948920488357543945e+00,1.948333382606506348e+00,1.948339819908142090e+00,1.948940038681030273e+00,1.950134873390197754e+00,1.951925754547119141e+00,1.954316258430480957e+00,1.957309365272521973e+00,1.960910081863403320e+00,1.965123772621154785e+00,1.969956755638122559e+00,1.975416660308837891e+00,1.981512188911437988e+00,1.988253474235534668e+00,1.995650291442871094e+00,2.003715038299560547e+00,2.012460947036743164e+00,2.021901845932006836e+00,2.032053470611572266e+00,2.042933464050292969e+00,2.054559469223022461e+00,2.066952228546142578e+00,2.080132722854614258e+00,2.094124555587768555e+00,2.108951807022094727e+00,2.124642848968505859e+00,2.141226053237915039e+00,2.158733606338500977e+00,2.177197456359863281e+00,2.196655273437500000e+00,2.213311433792114258e+00,2.185081005096435547e+00,2.119180679321289062e+00,2.058322906494140625e+00,2.001093387603759766e+00,1.947387218475341797e+00,1.897412776947021484e+00,1.849972367286682129e+00,1.805954694747924805e+00,1.763993978500366211e+00,1.724619507789611816e+00,1.687485218048095703e+00,1.652167558670043945e+00,1.618892908096313477e+00,1.587439179420471191e+00,1.557474017143249512e+00,1.529158115386962891e+00,1.502318143844604492e+00,1.477218031883239746e+00,1.453378438949584961e+00,1.430724740028381348e+00,1.409188985824584961e+00,1.388708949089050293e+00,1.369226694107055664e+00,1.350688815116882324e+00,1.333047628402709961e+00,1.316256642341613770e+00,1.300274491310119629e+00,1.285062313079833984e+00,1.270585060119628906e+00,1.256808757781982422e+00,1.243702650070190430e+00,1.231238365173339844e+00,1.219389081001281738e+00,1.208130002021789551e+00,1.197438716888427734e+00,1.187293529510498047e+00,1.177674174308776855e+00,1.168562769889831543e+00,1.159941792488098145e+00,1.151795506477355957e+00,1.144108653068542480e+00,1.136867761611938477e+00,1.130060315132141113e+00,1.123673796653747559e+00,1.117697954177856445e+00,1.112122058868408203e+00,1.106937050819396973e+00,1.102134466171264648e+00,1.097705960273742676e+00,1.093645215034484863e+00,1.089944839477539062e+00,1.086599230766296387e+00,1.083603501319885254e+00,1.080952167510986328e+00,1.078641891479492188e+00,1.076668739318847656e+00,1.075029373168945312e+00,1.073721766471862793e+00,1.072743654251098633e+00,1.072093725204467773e+00,1.071770787239074707e+00,esquerda
5.969416618347167969e+00,5.971255779266357422e+00,5.974915504455566406e+00,5.980402946472167969e+00,5.987727642059326172e+00,5.996897697448730469e+00,6.007929325103759766e+00,6.020839214324951172e+00,6.035646438598632812e+00,6.052375793457031250e+00,6.071052551269531250e+00,6.091705799102783203e+00,6.114368438720703125e+00,6.139078140258789062e+00,6.165874004364013672e+00,6.194799900054931641e+00,6.225903034210205078e+00,6.250113487243652344e+00,6.149436950683593750e+00,5.844751358032226562e+00,5.570558547973632812e+00,5.322753429412841797e+00,5.096222877502441406e+00,4.889314651489257812e+00,4.701889514923095703e+00,4.529001235961914062e+00,4.369173049926757812e+00,4.220557689666748047e+00,4.084552764892578125e+00,3.957710742950439453e+00,3.838722705841064453e+00,3.728850603103637695e+00,3.625539779663085938e+00,3.528600692749023438e+00,3.438410997390747070e+00,3.352805852890014648e+00,3.273391246795654297e+00,3.197700977325439453e+00,3.126690149307250977e+00,3.059735059738159180e+00,2.996070146560668945e+00,2.936103820800781250e+00,2.879437208175659180e+00,2.825470209121704102e+00,2.774492502212524414e+00,2.725975751876831055e+00,2.680431604385375977e+00,2.637174129486083984e+00,2.596068859100341797e+00,2.556992053985595703e+00,2.519830226898193359e+00,2.484479427337646484e+00,2.450843095779418945e+00,2.418832063674926758e+00,2.388365030288696289e+00,2.359364986419677734e+00,2.331762552261352539e+00,2.305493116378784180e+00,2.280496120452880859e+00,2.256714820861816406e+00,2.234098196029663086e+00,2.212597370147705078e+00,2.192168235778808594e+00,2.172768354415893555e+00,2.154359817504882812e+00,2.136905670166015625e+00,2.120372772216796875e+00,2.104729890823364258e+00,2.089948415756225586e+00,2.076000452041625977e+00,2.062862157821655273e+00,2.050509691238403320e+00,2.038921594619750977e+00,2.028077840805053711e+00,2.017960548400878906e+00,2.008552312850952148e+00,1.999837517738342285e+00,1.991802573204040527e+00,1.984434008598327637e+00,1.977719545364379883e+00,1.971649169921875000e+00,1.966213226318359375e+00,1.961402773857116699e+00,1.957210540771484375e+00,1.953629970550537109e+00,1.950655698776245117e+00,1.948282718658447266e+00,1.946508288383483887e+00,1.945328831672668457e+00,1.944742798805236816e+00,1.944749236106872559e+00,1.945348262786865234e+00,1.946540951728820801e+00,1.948328495025634766e+00,1.950714588165283203e+00,1.953702211380004883e+00,1.957296133041381836e+00,1.961501836776733398e+00,1.966325998306274414e+00,1.971776008605957031e+00,1.977860093116760254e+00,1.984588980674743652e+00,1.991972088813781738e+00,2.000022172927856445e+00,2.008751392364501953e+00,2.018175363540649414e+00,2.028308629989624023e+00,2.039167881011962891e+00,2.050772905349731445e+00,2.063142538070678711e+00,2.076298475265502930e+00,2.090264320373535156e+00,2.105064630508422852e+00,2.120726585388183594e+00,2.137279033660888672e+00,2.154754400253295898e+00,2.173184156417846680e+00,2.192606210708618164e+00,2.210128545761108398e+00,2.185124158859252930e+00,2.119220972061157227e+00,2.058360815048217773e+00,2.001128911972045898e+00,1.947420239448547363e+00,1.897443652153015137e+00,1.850001692771911621e+00,1.805982470512390137e+00,1.764019966125488281e+00,1.724644064903259277e+00,1.687508225440979004e+00,1.652189373970031738e+00,1.618913412094116211e+00,1.587458610534667969e+00,1.557492375373840332e+00,1.529175519943237305e+00,1.502317070960998535e+00,1.477216720581054688e+00,1.453377366065979004e+00,1.430723667144775391e+00,1.409187793731689453e+00,1.388707876205444336e+00,1.369225740432739258e+00,1.350687742233276367e+00,1.333046674728393555e+00,1.316255569458007812e+00,1.300273537635803223e+00,1.285061478614807129e+00,1.270584106445312500e+00,1.256807804107666016e+00,1.243701815605163574e+00,1.231237530708312988e+00,1.219388246536254883e+00,1.208129286766052246e+00,1.197438001632690430e+00,1.187292695045471191e+00,1.177673459053039551e+00,1.168562173843383789e+00,1.159941077232360840e+00,1.151794791221618652e+00,1.144108057022094727e+00,1.136867165565490723e+00,1.130059719085693359e+00,1.123673200607299805e+00,1.117697477340698242e+00,1.112121343612670898e+00,1.106936454772949219e+00,1.102133750915527344e+00,1.097705483436584473e+00,1.093644618988037109e+00,1.089944243431091309e+00,1.086598753929138184e+00,1.083603024482727051e+00,1.080951690673828125e+00,1.078641414642333984e+00,1.076668143272399902e+00,1.075028896331787109e+00,1.073721289634704590e+00,1.072743177413940430e+00,1.072093248367309570e+00,1.071770429611206055e+00,esquerda
5.969416141510009766e+00,5.971255302429199219e+00,5.974915504455566406e+00,5.980402946472167969e+00,5.987727642059326172e+00,5.996897697448730469e+00,6.007929325103759766e+00,6.020838737487792969e+00,6.035645961761474609e+00,6.052375316619873047e+00,6.071052074432373047e+00,6.091705322265625000e+00,6.114367961883544922e+00,6.139077663421630859e+00,6.165873527526855469e+00,6.194799900054931641e+00,6.225903034210205078e+00,6.248602867126464844e+00,6.137792587280273438e+00,5.833700656890869141e+00,5.560039520263671875e+00,5.312714099884033203e+00,5.086620807647705078e+00,4.880111694335937500e+00,4.693047046661376953e+00,4.520491123199462891e+00,4.360969543457031250e+00,4.212638854980468750e+00,4.076894283294677734e+00,3.950294256210327148e+00,3.831533670425415039e+00,3.721870660781860352e+00,3.618756532669067383e+00,3.522001504898071289e+00,3.431982994079589844e+00,3.346540451049804688e+00,3.267276763916015625e+00,3.191729545593261719e+00,3.120852708816528320e+00,3.054024696350097656e+00,2.990479707717895508e+00,2.930626869201660156e+00,2.874067068099975586e+00,2.820201635360717773e+00,2.769320249557495117e+00,2.720941066741943359e+00,2.675480604171752930e+00,2.632303476333618164e+00,2.591273784637451172e+00,2.552269220352172852e+00,2.515176296234130859e+00,2.479890584945678711e+00,2.446316242218017578e+00,2.414364814758300781e+00,2.383954048156738281e+00,2.355007410049438477e+00,2.327456235885620117e+00,2.301235198974609375e+00,2.276284456253051758e+00,2.252547025680541992e+00,2.229972362518310547e+00,2.208511352539062500e+00,2.188119411468505859e+00,2.168755769729614258e+00,2.150381326675415039e+00,2.132959127426147461e+00,2.116457223892211914e+00,2.100843191146850586e+00,2.086088895797729492e+00,2.072166919708251953e+00,2.059052705764770508e+00,2.046723127365112305e+00,2.035156488418579102e+00,2.024332761764526367e+00,2.014234066009521484e+00,2.004843235015869141e+00,1.996145009994506836e+00,1.988124608993530273e+00,1.980769515037536621e+00,1.974067807197570801e+00,1.968008399009704590e+00,1.962582468986511230e+00,1.957781076431274414e+00,1.953596472740173340e+00,1.950022578239440918e+00,1.947053909301757812e+00,1.944685339927673340e+00,1.942914009094238281e+00,1.941736817359924316e+00,1.941151976585388184e+00,1.941158413887023926e+00,1.941756486892700195e+00,1.942946791648864746e+00,1.944731235504150391e+00,1.947112798690795898e+00,1.950094938278198242e+00,1.953682422637939453e+00,1.957880377769470215e+00,1.962695598602294922e+00,1.968135595321655273e+00,1.974208593368530273e+00,1.980925083160400391e+00,1.988294482231140137e+00,1.996329545974731445e+00,2.005043029785156250e+00,2.014449119567871094e+00,2.024563789367675781e+00,2.035403490066528320e+00,2.046986579895019531e+00,2.059333562850952148e+00,2.072465419769287109e+00,2.086405515670776367e+00,2.101178646087646484e+00,2.116811513900756836e+00,2.133333444595336914e+00,2.150776624679565430e+00,2.169172525405883789e+00,2.188558578491210938e+00,2.206946372985839844e+00,2.185166597366333008e+00,2.119260549545288086e+00,2.058397531509399414e+00,2.001163244247436523e+00,1.947452425956726074e+00,1.897473931312561035e+00,1.850029826164245605e+00,1.806009054183959961e+00,1.764045000076293945e+00,1.724667668342590332e+00,1.687530636787414551e+00,1.652210593223571777e+00,1.618933439254760742e+00,1.587477684020996094e+00,1.557510375976562500e+00,1.529192686080932617e+00,1.502317667007446289e+00,1.477217316627502441e+00,1.453377962112426758e+00,1.430724263191223145e+00,1.409188508987426758e+00,1.388708353042602539e+00,1.369226217269897461e+00,1.350688457489013672e+00,1.333047151565551758e+00,1.316256046295166016e+00,1.300274014472961426e+00,1.285061717033386230e+00,1.270584583282470703e+00,1.256808161735534668e+00,1.243702173233032227e+00,1.231237888336181641e+00,1.219388484954833984e+00,1.208129525184631348e+00,1.197438120841979980e+00,1.187292814254760742e+00,1.177673578262329102e+00,1.168562293052673340e+00,1.159941434860229492e+00,1.151795029640197754e+00,1.144108295440673828e+00,1.136867284774780273e+00,1.130059838294982910e+00,1.123673439025878906e+00,1.117697596549987793e+00,1.112121462821960449e+00,1.106936573982238770e+00,1.102133989334106445e+00,1.097705602645874023e+00,1.093644738197326660e+00,1.089944362640380859e+00,1.086598873138427734e+00,1.083603024482727051e+00,1.080951809883117676e+00,1.078641533851623535e+00,1.076668262481689453e+00,1.075029015541076660e+00,1.073721289634704590e+00,1.072743296623229980e+00,1.072093367576599121e+00,1.071770310401916504e+00,esquerda
5.969418048858642578e+00,5.971257209777832031e+00,5.974917411804199219e+00,5.980404853820800781e+00,5.987729072570800781e+00,5.996899604797363281e+00,6.007931232452392578e+00,6.020841121673583984e+00,6.035648345947265625e+00,6.052377223968505859e+00,6.071053981781005859e+00,6.091707706451416016e+00,6.114369869232177734e+00,6.139080047607421875e+00,6.165875911712646484e+00,6.194801807403564453e+00,6.225905418395996094e+00,6.247151851654052734e+00,6.126591205596923828e+00,5.823015213012695312e+00,5.549822330474853516e+00,5.302922248840332031e+00,5.077219486236572266e+00,4.871068954467773438e+00,4.684330940246582031e+00,4.512077331542968750e+00,4.352836608886718750e+00,4.204767704010009766e+00,4.069262981414794922e+00,3.942888021469116211e+00,3.824346303939819336e+00,3.714892387390136719e+00,3.611974716186523438e+00,3.515403985977172852e+00,3.425556898117065430e+00,3.340276718139648438e+00,3.261162996292114258e+00,3.185759782791137695e+00,3.115017414093017578e+00,3.048315286636352539e+00,2.984890937805175781e+00,2.925150871276855469e+00,2.868698120117187500e+00,2.814934253692626953e+00,2.764148235321044922e+00,2.715911149978637695e+00,2.670535087585449219e+00,2.627437591552734375e+00,2.586484193801879883e+00,2.547551393508911133e+00,2.510526895523071289e+00,2.475306510925292969e+00,2.441794157028198242e+00,2.409901380538940430e+00,2.379547119140625000e+00,2.350653886795043945e+00,2.323153495788574219e+00,2.296980857849121094e+00,2.272076368331909180e+00,2.248382568359375000e+00,2.225849866867065430e+00,2.204428195953369141e+00,2.184074401855468750e+00,2.164746522903442383e+00,2.146405696868896484e+00,2.129015684127807617e+00,2.112544059753417969e+00,2.096959114074707031e+00,2.082231998443603516e+00,2.068335533142089844e+00,2.055245637893676758e+00,2.042938947677612305e+00,2.031393527984619141e+00,2.020589828491210938e+00,2.010509967803955078e+00,2.001136541366577148e+00,1.992453932762145996e+00,1.984448552131652832e+00,1.977107286453247070e+00,1.970417618751525879e+00,1.964369654655456543e+00,1.958953738212585449e+00,1.954161047935485840e+00,1.949984192848205566e+00,1.946416854858398438e+00,1.943453550338745117e+00,1.941089510917663574e+00,1.939321398735046387e+00,1.938146352767944336e+00,1.937562584877014160e+00,1.937569022178649902e+00,1.938165783882141113e+00,1.939354062080383301e+00,1.941135048866271973e+00,1.943512201309204102e+00,1.946488857269287109e+00,1.950069546699523926e+00,1.954259872436523438e+00,1.959066152572631836e+00,1.964495897293090820e+00,1.970557570457458496e+00,1.977261662483215332e+00,1.984617710113525391e+00,1.992637753486633301e+00,2.001335144042968750e+00,2.010724067687988281e+00,2.020819664001464844e+00,2.031639337539672852e+00,2.043201208114624023e+00,2.055525302886962891e+00,2.068632841110229492e+00,2.082547187805175781e+00,2.097292423248291016e+00,2.112896680831909180e+00,2.129388332366943359e+00,2.146798849105834961e+00,2.165160655975341797e+00,2.184510946273803711e+00,2.203730583190917969e+00,2.185057878494262695e+00,2.119156837463378906e+00,2.058298826217651367e+00,2.001069068908691406e+00,1.947362422943115234e+00,1.897387623786926270e+00,1.849947094917297363e+00,1.805929422378540039e+00,1.763968348503112793e+00,1.724593997001647949e+00,1.687459349632263184e+00,1.652141928672790527e+00,1.618867158889770508e+00,1.587413549423217773e+00,1.557448267936706543e+00,1.529132366180419922e+00,1.502315402030944824e+00,1.477215051651000977e+00,1.453375577926635742e+00,1.430721998214721680e+00,1.409186244010925293e+00,1.388706207275390625e+00,1.369223952293395996e+00,1.350686311721801758e+00,1.333045125007629395e+00,1.316254019737243652e+00,1.300271987915039062e+00,1.285059809684753418e+00,1.270582556724548340e+00,1.256806254386901855e+00,1.243700265884399414e+00,1.231235861778259277e+00,1.219386696815490723e+00,1.208127737045288086e+00,1.197436332702636719e+00,1.187291145324707031e+00,1.177671909332275391e+00,1.168560504913330078e+00,1.159939527511596680e+00,1.151793241500854492e+00,1.144106388092041016e+00,1.136865615844726562e+00,1.130058050155639648e+00,1.123671650886535645e+00,1.117695689201354980e+00,1.112119793891906738e+00,1.106934785842895508e+00,1.102132201194763184e+00,1.097703933715820312e+00,1.093643069267272949e+00,1.089942574501037598e+00,1.086597204208374023e+00,1.083601355552673340e+00,1.080950140953063965e+00,1.078639864921569824e+00,1.076666593551635742e+00,1.075027346611022949e+00,1.073719620704650879e+00,1.072741627693176270e+00,1.072091698646545410e+00,1.071768641471862793e+00,esquerda
5.969418525695800781e+00,5.971257686614990234e+00,5.974917888641357422e+00,5.980405330657958984e+00,5.987729549407958984e+00,5.996900081634521484e+00,6.007931709289550781e+00,6.020841598510742188e+00,6.035648822784423828e+00,6.052377700805664062e+00,6.071054458618164062e+00,6.091708183288574219e+00,6.114370822906494141e+00,6.139080524444580078e+00,6.165876388549804688e+00,6.194802284240722656e+00,6.225905895233154297e+00,6.245742321014404297e+00,6.115723133087158203e+00,5.812691688537597656e+00,5.539988517761230469e+00,5.293529987335205078e+00,5.068231582641601562e+00,4.862449169158935547e+00,4.676044464111328125e+00,4.504097938537597656e+00,4.345140457153320312e+00,4.197335243225097656e+00,4.062071800231933594e+00,3.935921669006347656e+00,3.817582845687866211e+00,3.708310365676879883e+00,3.605563879013061523e+00,3.509153366088867188e+00,3.419456005096435547e+00,3.334318399429321289e+00,3.255337476730346680e+00,3.180060625076293945e+00,3.109436988830566406e+00,3.042847394943237305e+00,2.979529857635498047e+00,2.919890880584716797e+00,2.863533496856689453e+00,2.809860229492187500e+00,2.759160757064819336e+00,2.710878372192382812e+00,2.665586471557617188e+00,2.622568845748901367e+00,2.581691026687622070e+00,2.542830705642700195e+00,2.505874633789062500e+00,2.470719814300537109e+00,2.437269449234008789e+00,2.405436277389526367e+00,2.375137567520141602e+00,2.346298456192016602e+00,2.318848848342895508e+00,2.292725086212158203e+00,2.267866611480712891e+00,2.244216680526733398e+00,2.221725940704345703e+00,2.200343847274780273e+00,2.180027723312377930e+00,2.160735368728637695e+00,2.142428874969482422e+00,2.125071287155151367e+00,2.108630180358886719e+00,2.093074083328247070e+00,2.078374147415161133e+00,2.064503669738769531e+00,2.051438093185424805e+00,2.039154052734375000e+00,2.027630090713500977e+00,2.016846418380737305e+00,2.006785154342651367e+00,1.997429013252258301e+00,1.988762855529785156e+00,1.980772137641906738e+00,1.973444581031799316e+00,1.966767549514770508e+00,1.960730552673339844e+00,1.955324649810791016e+00,1.950540900230407715e+00,1.946371793746948242e+00,1.942811250686645508e+00,1.939853310585021973e+00,1.937493681907653809e+00,1.935729026794433594e+00,1.934556126594543457e+00,1.933973431587219238e+00,1.933979749679565430e+00,1.934575438499450684e+00,1.935761570930480957e+00,1.937539339065551758e+00,1.939912199974060059e+00,1.942883253097534180e+00,1.946457266807556152e+00,1.950639843940734863e+00,1.955437421798706055e+00,1.960857033729553223e+00,1.966907501220703125e+00,1.973599195480346680e+00,1.980941653251647949e+00,1.988946914672851562e+00,1.997628211975097656e+00,2.006999731063842773e+00,2.017076730728149414e+00,2.027876377105712891e+00,2.039416790008544922e+00,2.051717996597290039e+00,2.064801216125488281e+00,2.078689813613891602e+00,2.093407869338989258e+00,2.108983278274536133e+00,2.125444412231445312e+00,2.142822742462158203e+00,2.161150455474853516e+00,2.180464982986450195e+00,2.200517177581787109e+00,2.184956073760986328e+00,2.119063854217529297e+00,2.058213710784912109e+00,2.000991106033325195e+00,1.947290897369384766e+00,1.897321939468383789e+00,1.849886894226074219e+00,1.805874228477478027e+00,1.763917922973632812e+00,1.724547505378723145e+00,1.687416911125183105e+00,1.652102828025817871e+00,1.618831276893615723e+00,1.587380647659301758e+00,1.557418346405029297e+00,1.529105186462402344e+00,1.502313971519470215e+00,1.477213740348815918e+00,1.453374385833740234e+00,1.430720806121826172e+00,1.409185171127319336e+00,1.388705134391784668e+00,1.369222998619079590e+00,1.350685358047485352e+00,1.333044171333312988e+00,1.316252946853637695e+00,1.300271153450012207e+00,1.285058975219726562e+00,1.270581722259521484e+00,1.256805419921875000e+00,1.243699550628662109e+00,1.231235146522521973e+00,1.219385743141174316e+00,1.208127021789550781e+00,1.197435498237609863e+00,1.187290310859680176e+00,1.177671313285827637e+00,1.168559670448303223e+00,1.159938931465148926e+00,1.151792645454406738e+00,1.144105792045593262e+00,1.136865019798278809e+00,1.130057454109191895e+00,1.123671174049377441e+00,1.117695212364196777e+00,1.112119317054748535e+00,1.106934309005737305e+00,1.102131724357604980e+00,1.097703337669372559e+00,1.093642473220825195e+00,1.089942097663879395e+00,1.086596727371215820e+00,1.083600878715515137e+00,1.080949544906616211e+00,1.078639268875122070e+00,1.076666116714477539e+00,1.075026869773864746e+00,1.073719263076782227e+00,1.072741150856018066e+00,1.072091221809387207e+00,1.071768283843994141e+00,esquerda
5.969418525695800781e+00,5.971257209777832031e+00,5.974917411804199219e+00,5.980405330657958984e+00,5.987729549407958984e+00,5.996900081634521484e+00,6.007931709289550781e+00,6.020840644836425781e+00,6.035648345947265625e+00,6.052377223968505859e+00,6.071053981781005859e+00,6.091707706451416016e+00,6.114370346069335938e+00,6.139080047607421875e+00,6.165875434875488281e+00,6.194802284240722656e+00,6.225905895233154297e+00,6.244229316711425781e+00,6.104063510894775391e+00,5.801628112792968750e+00,5.529459476470947266e+00,5.283483028411865234e+00,5.058624267578125000e+00,4.853242397308349609e+00,4.667198657989501953e+00,4.495585918426513672e+00,4.336936473846435547e+00,4.189416408538818359e+00,4.054413795471191406e+00,3.928506135940551758e+00,3.810394287109375000e+00,3.701331138610839844e+00,3.598780870437622070e+00,3.502555131912231445e+00,3.413028955459594727e+00,3.328053712844848633e+00,3.249223232269287109e+00,3.174089670181274414e+00,3.103600740432739258e+00,3.037137508392333984e+00,2.973940372467041016e+00,2.914414167404174805e+00,2.858163833618164062e+00,2.804592370986938477e+00,2.753988504409790039e+00,2.705845594406127930e+00,2.660637855529785156e+00,2.617699861526489258e+00,2.576898097991943359e+00,2.538109779357910156e+00,2.501222133636474609e+00,2.466132640838623047e+00,2.432744264602661133e+00,2.400969982147216797e+00,2.370728015899658203e+00,2.341942071914672852e+00,2.314543247222900391e+00,2.288468122482299805e+00,2.263655662536621094e+00,2.240049839019775391e+00,2.217600345611572266e+00,2.196258306503295898e+00,2.175979852676391602e+00,2.156723260879516602e+00,2.138450622558593750e+00,2.121125221252441406e+00,2.104714870452880859e+00,2.089187383651733398e+00,2.074514865875244141e+00,2.060670137405395508e+00,2.047628641128540039e+00,2.035367250442504883e+00,2.023864984512329102e+00,2.013101339340209961e+00,2.003058433532714844e+00,1.993719816207885742e+00,1.985069751739501953e+00,1.977093935012817383e+00,1.969779729843139648e+00,1.963114976882934570e+00,1.957089424133300781e+00,1.951693296432495117e+00,1.946918606758117676e+00,1.942757368087768555e+00,1.939203262329101562e+00,1.936250805854797363e+00,1.933895468711853027e+00,1.932134032249450684e+00,1.930963277816772461e+00,1.930381655693054199e+00,1.930388212203979492e+00,1.930982708930969238e+00,1.932166337966918945e+00,1.933940887451171875e+00,1.936309337615966797e+00,1.939274907112121582e+00,1.942842245101928711e+00,1.947017073631286621e+00,1.951805591583251953e+00,1.957215070724487305e+00,1.963254451751708984e+00,1.969933748245239258e+00,1.977262258529663086e+00,1.985252499580383301e+00,1.993917942047119141e+00,2.003271818161010742e+00,2.013329982757568359e+00,2.024109601974487305e+00,2.035628795623779297e+00,2.047906875610351562e+00,2.060966014862060547e+00,2.074828863143920898e+00,2.089519500732421875e+00,2.105066061019897461e+00,2.121496438980102539e+00,2.138842344284057617e+00,2.157135963439941406e+00,2.176414728164672852e+00,2.196716308593750000e+00,2.183677911758422852e+00,2.119127511978149414e+00,2.058273792266845703e+00,2.001047611236572266e+00,1.947344183921813965e+00,1.897372484207153320e+00,1.849934577941894531e+00,1.805919408798217773e+00,1.763960719108581543e+00,1.724588394165039062e+00,1.687455654144287109e+00,1.652140021324157715e+00,1.618866801261901855e+00,1.587414503097534180e+00,1.557450652122497559e+00,1.529136061668395996e+00,1.502314329147338867e+00,1.477214217185974121e+00,1.453374862670898438e+00,1.430721044540405273e+00,1.409185528755187988e+00,1.388705372810363770e+00,1.369223475456237793e+00,1.350685715675354004e+00,1.333044528961181641e+00,1.316253423690795898e+00,1.300271391868591309e+00,1.285059332847595215e+00,1.270582079887390137e+00,1.256805896759033203e+00,1.243699789047241211e+00,1.231235504150390625e+00,1.219386219978332520e+00,1.208127260208129883e+00,1.197435855865478516e+00,1.187290787696838379e+00,1.177671551704406738e+00,1.168560028076171875e+00,1.159939289093017578e+00,1.151793003082275391e+00,1.144106268882751465e+00,1.136865377426147461e+00,1.130057811737060547e+00,1.123671293258666992e+00,1.117695450782775879e+00,1.112119555473327637e+00,1.106934666633605957e+00,1.102131962776184082e+00,1.097703695297241211e+00,1.093642830848693848e+00,1.089942455291748047e+00,1.086596965789794922e+00,1.083601117134094238e+00,1.080949902534484863e+00,1.078639626502990723e+00,1.076666355133056641e+00,1.075027108192443848e+00,1.073719501495361328e+00,1.072741389274597168e+00,1.072091460227966309e+00,1.071768522262573242e+00,esquerda
5.969419956207275391e+00,5.971259117126464844e+00,5.974919319152832031e+00,5.980406761169433594e+00,5.987730979919433594e+00,5.996901512145996094e+00,6.007933139801025391e+00,6.020843029022216797e+00,6.035650253295898438e+00,6.052379608154296875e+00,6.071056365966796875e+00,6.091709613800048828e+00,6.114372253417968750e+00,6.139081954956054688e+00,6.165877819061279297e+00,6.194803714752197266e+00,6.225907325744628906e+00,6.242720603942871094e+00,6.092423439025878906e+00,5.790580749511718750e+00,5.518944740295410156e+00,5.273447990417480469e+00,5.049026489257812500e+00,4.844042778015136719e+00,4.658360004425048828e+00,4.487078666687011719e+00,4.328735828399658203e+00,4.181499958038330078e+00,4.046757221221923828e+00,3.921091794967651367e+00,3.803206443786621094e+00,3.694352626800537109e+00,3.591999292373657227e+00,3.495957612991333008e+00,3.406602621078491211e+00,3.321789741516113281e+00,3.243109703063964844e+00,3.168119192123413086e+00,3.097764492034912109e+00,3.031428098678588867e+00,2.968350887298583984e+00,2.908938169479370117e+00,2.852794408798217773e+00,2.799324750900268555e+00,2.748816728591918945e+00,2.700813055038452148e+00,2.655689477920532227e+00,2.612831592559814453e+00,2.572105646133422852e+00,2.533389329910278320e+00,2.496570587158203125e+00,2.461546182632446289e+00,2.428220272064208984e+00,2.396505117416381836e+00,2.366319417953491211e+00,2.337586879730224609e+00,2.310239315032958984e+00,2.284212350845336914e+00,2.259446144104003906e+00,2.235884428024291992e+00,2.213476896286010742e+00,2.192174196243286133e+00,2.171933412551879883e+00,2.152712821960449219e+00,2.134474277496337891e+00,2.117181062698364258e+00,2.100801229476928711e+00,2.085302829742431641e+00,2.070657491683959961e+00,2.056838274002075195e+00,2.043821334838867188e+00,2.031582832336425781e+00,2.020101785659790039e+00,2.009358167648315430e+00,1.999334216117858887e+00,1.990013003349304199e+00,1.981378793716430664e+00,1.973417878150939941e+00,1.966117262840270996e+00,1.959465026855468750e+00,1.953450560569763184e+00,1.948064804077148438e+00,1.943298816680908203e+00,1.939145326614379883e+00,1.935597896575927734e+00,1.932650804519653320e+00,1.930299878120422363e+00,1.928541779518127441e+00,1.927373290061950684e+00,1.926792860031127930e+00,1.926799297332763672e+00,1.927392721176147461e+00,1.928574323654174805e+00,1.930345535278320312e+00,1.932709455490112305e+00,1.935669541358947754e+00,1.939230322837829590e+00,1.943397283554077148e+00,1.948176980018615723e+00,1.953576683998107910e+00,1.959604740142822266e+00,1.966271638870239258e+00,1.973586678504943848e+00,1.981562137603759766e+00,1.990211129188537598e+00,1.999547958374023438e+00,2.009587526321411133e+00,2.020346879959106445e+00,2.031844615936279297e+00,2.044100284576416016e+00,2.057134866714477539e+00,2.070971727371215820e+00,2.085635423660278320e+00,2.101152896881103516e+00,2.117552757263183594e+00,2.134866952896118164e+00,2.153126478195190430e+00,2.172369241714477539e+00,2.192633152008056641e+00,2.181764602661132812e+00,2.119162559509277344e+00,2.058306455612182617e+00,2.001078128814697266e+00,1.947372794151306152e+00,1.897399306297302246e+00,1.849959969520568848e+00,1.805943369865417480e+00,1.763983249664306641e+00,1.724609494209289551e+00,1.687475800514221191e+00,1.652158975601196289e+00,1.618884563446044922e+00,1.587431430816650391e+00,1.557466745376586914e+00,1.529151439666748047e+00,1.502312541007995605e+00,1.477212429046630859e+00,1.453372955322265625e+00,1.430719494819641113e+00,1.409183740615844727e+00,1.388703584671020508e+00,1.369221448898315430e+00,1.350683689117431641e+00,1.333042502403259277e+00,1.316251516342163086e+00,1.300269484519958496e+00,1.285057306289672852e+00,1.270580172538757324e+00,1.256803870201110840e+00,1.243697881698608398e+00,1.231233596801757812e+00,1.219384312629699707e+00,1.208125352859497070e+00,1.197434067726135254e+00,1.187288880348205566e+00,1.177669525146484375e+00,1.168558239936828613e+00,1.159937381744384766e+00,1.151791095733642578e+00,1.144104361534118652e+00,1.136863470077514648e+00,1.130055904388427734e+00,1.123669624328613281e+00,1.117693543434143066e+00,1.112117767333984375e+00,1.106932640075683594e+00,1.102130293846130371e+00,1.097701907157897949e+00,1.093641161918640137e+00,1.089940667152404785e+00,1.086595177650451660e+00,1.083599328994750977e+00,1.080948114395141602e+00,1.078637719154357910e+00,1.076664566993713379e+00,1.075025320053100586e+00,1.073717594146728516e+00,1.072739601135253906e+00,1.072089672088623047e+00,1.071766614913940430e+00,esquerda
5.969420433044433594e+00,5.971259593963623047e+00,5.974919795989990234e+00,5.980407714843750000e+00,5.987731933593750000e+00,5.996901988983154297e+00,6.007933616638183594e+00,6.020843505859375000e+00,6.035650730133056641e+00,6.052380084991455078e+00,6.071056842803955078e+00,6.091710090637207031e+00,6.114372730255126953e+00,6.139082431793212891e+00,6.165878295898437500e+00,6.194804191589355469e+00,6.225907802581787109e+00,6.241373062133789062e+00,6.082020282745361328e+00,5.780643939971923828e+00,5.509431362152099609e+00,5.264320850372314453e+00,5.040255546569824219e+00,4.835599422454833984e+00,4.650214672088623047e+00,4.479210376739501953e+00,4.321124076843261719e+00,4.174128532409667969e+00,4.039606571197509766e+00,3.914148092269897461e+00,3.796457529067993164e+00,3.687783718109130859e+00,3.585599899291992188e+00,3.489718437194824219e+00,3.400512933731079102e+00,3.315841913223266602e+00,3.237293958663940430e+00,3.162429809570312500e+00,3.092193126678466797e+00,3.025968313217163086e+00,2.962997913360595703e+00,2.903685569763183594e+00,2.847636699676513672e+00,2.794257640838623047e+00,2.743835210800170898e+00,2.695780754089355469e+00,2.650741100311279297e+00,2.607963085174560547e+00,2.567313194274902344e+00,2.528668642044067383e+00,2.491918802261352539e+00,2.456959486007690430e+00,2.423695564270019531e+00,2.392039299011230469e+00,2.361909866333007812e+00,2.333230972290039062e+00,2.305934190750122070e+00,2.279955863952636719e+00,2.255235910415649414e+00,2.231717824935913086e+00,2.209351778030395508e+00,2.188089132308959961e+00,2.167886018753051758e+00,2.148701190948486328e+00,2.130496501922607422e+00,2.113235712051391602e+00,2.096885919570922852e+00,2.081416606903076172e+00,2.066798448562622070e+00,2.053005218505859375e+00,2.040012359619140625e+00,2.027796745300292969e+00,2.016336917877197266e+00,2.005613327026367188e+00,1.995608091354370117e+00,1.986304163932800293e+00,1.977686047554016113e+00,1.969739913940429688e+00,1.962452888488769531e+00,1.955813050270080566e+00,1.949809908866882324e+00,1.944434046745300293e+00,1.939676761627197266e+00,1.935530900955200195e+00,1.931990146636962891e+00,1.929048776626586914e+00,1.926702260971069336e+00,1.924947381019592285e+00,1.923780918121337891e+00,1.923201322555541992e+00,1.923207759857177734e+00,1.923800230026245117e+00,1.924979686737060547e+00,1.926747441291809082e+00,1.929107069969177246e+00,1.932061553001403809e+00,1.935615658760070801e+00,1.939774870872497559e+00,1.944545626640319824e+00,1.949935197830200195e+00,1.955952048301696777e+00,1.962606310844421387e+00,1.969907641410827637e+00,1.977868318557739258e+00,1.986501336097717285e+00,1.995820641517639160e+00,2.005841732025146484e+00,2.016580581665039062e+00,2.028056859970092773e+00,2.040289640426635742e+00,2.053300142288208008e+00,2.067111253738403320e+00,2.081747293472290039e+00,2.097235918045043945e+00,2.113605260848999023e+00,2.130886793136596680e+00,2.149112462997436523e+00,2.168319463729858398e+00,2.188545465469360352e+00,2.179848670959472656e+00,2.119196653366088867e+00,2.058338403701782227e+00,2.001107931137084961e+00,1.947400808334350586e+00,1.897425651550292969e+00,1.849984526634216309e+00,1.805966496467590332e+00,1.764005064964294434e+00,1.724630117416381836e+00,1.687495231628417969e+00,1.652177333831787109e+00,1.618902325630187988e+00,1.587448000907897949e+00,1.557482600212097168e+00,1.529166340827941895e+00,1.502311468124389648e+00,1.477211236953735352e+00,1.453372001647949219e+00,1.430718421936035156e+00,1.409182786941528320e+00,1.388702750205993652e+00,1.369220614433288574e+00,1.350682854652404785e+00,1.333041667938232422e+00,1.316250920295715332e+00,1.300268650054931641e+00,1.285056591033935547e+00,1.270579338073730469e+00,1.256803035736083984e+00,1.243697166442871094e+00,1.231232762336730957e+00,1.219383478164672852e+00,1.208124518394470215e+00,1.197433233261108398e+00,1.187288045883178711e+00,1.177668929100036621e+00,1.168557405471801758e+00,1.159936666488647461e+00,1.151790261268615723e+00,1.144103407859802246e+00,1.136862754821777344e+00,1.130055189132690430e+00,1.123668789863586426e+00,1.117692828178405762e+00,1.112117052078247070e+00,1.106931924819946289e+00,1.102129697799682617e+00,1.097701072692871094e+00,1.093640446662902832e+00,1.089939951896667480e+00,1.086594462394714355e+00,1.083598613739013672e+00,1.080947399139404297e+00,1.078637123107910156e+00,1.076663851737976074e+00,1.075024604797363281e+00,1.073716878890991211e+00,1.072738885879516602e+00,1.072088956832885742e+00,1.071766018867492676e+00,esquerda
5.969420433044433594e+00,5.971259593963623047e+00,5.974919795989990234e+00,5.980407714843750000e+00,5.987731933593750000e+00,5.996901988983154297e+00,6.007933616638183594e+00,6.020843029022216797e+00,6.035650253295898438e+00,6.052379608154296875e+00,6.071056365966796875e+00,6.091709613800048828e+00,6.114372253417968750e+00,6.139081954956054688e+00,6.165877819061279297e+00,6.194804191589355469e+00,6.225907802581787109e+00,6.239861965179443359e+00,6.070378780364990234e+00,5.769595623016357422e+00,5.498914718627929688e+00,5.254284381866455078e+00,5.030655860900878906e+00,4.826399326324462891e+00,4.641375064849853516e+00,4.470703125000000000e+00,4.312923431396484375e+00,4.166212081909179688e+00,4.031949996948242188e+00,3.906733512878417969e+00,3.789269924163818359e+00,3.680805206298828125e+00,3.578818321228027344e+00,3.483120918273925781e+00,3.394086360931396484e+00,3.309577941894531250e+00,3.231180429458618164e+00,3.156459093093872070e+00,3.086357116699218750e+00,3.020258903503417969e+00,2.957408666610717773e+00,2.898209333419799805e+00,2.842267513275146484e+00,2.788989782333374023e+00,2.738663434982299805e+00,2.690748453140258789e+00,2.645792722702026367e+00,2.603094577789306641e+00,2.562520265579223633e+00,2.523948431015014648e+00,2.487266778945922852e+00,2.452372789382934570e+00,2.419171094894409180e+00,2.387573957443237305e+00,2.357500791549682617e+00,2.328875541687011719e+00,2.301629781723022461e+00,2.275700092315673828e+00,2.251026153564453125e+00,2.227551937103271484e+00,2.205228090286254883e+00,2.184004783630371094e+00,2.163839578628540039e+00,2.144690513610839844e+00,2.126519918441772461e+00,2.109291315078735352e+00,2.092972278594970703e+00,2.077531576156616211e+00,2.062941074371337891e+00,2.049173355102539062e+00,2.036204814910888672e+00,2.024012088775634766e+00,2.012573719024658203e+00,2.001870155334472656e+00,1.991883516311645508e+00,1.982596755027770996e+00,1.973994970321655273e+00,1.966063737869262695e+00,1.958790421485900879e+00,1.952162861824035645e+00,1.946170806884765625e+00,1.940805077552795410e+00,1.936056852340698242e+00,1.931918740272521973e+00,1.928384661674499512e+00,1.925448656082153320e+00,1.923106431961059570e+00,1.921355009078979492e+00,1.920190811157226562e+00,1.919612288475036621e+00,1.919618725776672363e+00,1.920210242271423340e+00,1.921387314796447754e+00,1.923151850700378418e+00,1.925507187843322754e+00,1.928456187248229980e+00,1.932003736495971680e+00,1.936155200004577637e+00,1.940917015075683594e+00,1.946296334266662598e+00,1.952302098274230957e+00,1.958944082260131836e+00,1.966231822967529297e+00,1.974177598953247070e+00,1.982794404029846191e+00,1.992096424102783203e+00,2.002098560333251953e+00,2.012817859649658203e+00,2.024272918701171875e+00,2.036482572555541992e+00,2.049468755722045898e+00,2.063254356384277344e+00,2.077862977981567383e+00,2.093322753906250000e+00,2.109661579132080078e+00,2.126910924911499023e+00,2.145102739334106445e+00,2.164273738861083984e+00,2.184462070465087891e+00,2.177934169769287109e+00,2.119229555130004883e+00,2.058368921279907227e+00,2.001136541366577148e+00,1.947427868843078613e+00,1.897451162338256836e+00,1.850008368492126465e+00,1.805989027023315430e+00,1.764026403427124023e+00,1.724650382995605469e+00,1.687514185905456543e+00,1.652195334434509277e+00,1.618919134140014648e+00,1.587464094161987305e+00,1.557497739791870117e+00,1.529180884361267090e+00,1.502311468124389648e+00,1.477211475372314453e+00,1.453372120857238770e+00,1.430718541145324707e+00,1.409183025360107422e+00,1.388702750205993652e+00,1.369220614433288574e+00,1.350682973861694336e+00,1.333041787147521973e+00,1.316250920295715332e+00,1.300268769264221191e+00,1.285056710243225098e+00,1.270579457283020020e+00,1.256803154945373535e+00,1.243697404861450195e+00,1.231233000755310059e+00,1.219383716583251953e+00,1.208124995231628418e+00,1.197433471679687500e+00,1.187288403511047363e+00,1.177669286727905273e+00,1.168557763099670410e+00,1.159937024116516113e+00,1.151790618896484375e+00,1.144103884696960449e+00,1.136863112449645996e+00,1.130055546760559082e+00,1.123669147491455078e+00,1.117693185806274414e+00,1.112117409706115723e+00,1.106932282447814941e+00,1.102130055427551270e+00,1.097701549530029297e+00,1.093640804290771484e+00,1.089940309524536133e+00,1.086594939231872559e+00,1.083599090576171875e+00,1.080947875976562500e+00,1.078637599945068359e+00,1.076664447784423828e+00,1.075025081634521484e+00,1.073717474937438965e+00,1.072739362716674805e+00,1.072089433670043945e+00,1.071766495704650879e+00,esquerda
5.969422340393066406e+00,5.971261501312255859e+00,5.974921703338623047e+00,5.980409622192382812e+00,5.987733364105224609e+00,5.996903896331787109e+00,6.007935523986816406e+00,6.020844936370849609e+00,6.035652637481689453e+00,6.052381515502929688e+00,6.071058273315429688e+00,6.091711997985839844e+00,6.114374160766601562e+00,6.139084339141845703e+00,6.165880203247070312e+00,6.194806098937988281e+00,6.225909709930419922e+00,6.238348960876464844e+00,6.058709144592285156e+00,5.758520603179931641e+00,5.488373279571533203e+00,5.244224071502685547e+00,5.021034717559814453e+00,4.817178249359130859e+00,4.632514953613281250e+00,4.462175369262695312e+00,4.304703235626220703e+00,4.158277511596679688e+00,4.024276256561279297e+00,3.899302244186401367e+00,3.782066345214843750e+00,3.673812389373779297e+00,3.572022914886474609e+00,3.476510524749755859e+00,3.387648105621337891e+00,3.303302288055419922e+00,3.225055932998657227e+00,3.150479078292846680e+00,3.080511569976806641e+00,3.014540672302246094e+00,2.951811075210571289e+00,2.892725467681884766e+00,2.836890459060668945e+00,2.783714771270751953e+00,2.733484983444213867e+00,2.685714960098266602e+00,2.640843629837036133e+00,2.598225116729736328e+00,2.557726860046386719e+00,2.519226789474487305e+00,2.482614040374755859e+00,2.447785377502441406e+00,2.414645433425903320e+00,2.383107423782348633e+00,2.353090524673461914e+00,2.324518680572509766e+00,2.297323942184448242e+00,2.271442651748657227e+00,2.246814727783203125e+00,2.223384618759155273e+00,2.201102256774902344e+00,2.179918766021728516e+00,2.159791231155395508e+00,2.140678167343139648e+00,2.122541427612304688e+00,2.105345010757446289e+00,2.089056491851806641e+00,2.073644638061523438e+00,2.059081077575683594e+00,2.045339345932006836e+00,2.032394886016845703e+00,2.020224809646606445e+00,2.008808135986328125e+00,1.998124480247497559e+00,1.988156557083129883e+00,1.978887200355529785e+00,1.970301508903503418e+00,1.962385177612304688e+00,1.955125331878662109e+00,1.948510169982910156e+00,1.942529320716857910e+00,1.937173604965209961e+00,1.932434320449829102e+00,1.928303956985473633e+00,1.924776315689086914e+00,1.921845912933349609e+00,1.919508099555969238e+00,1.917759656906127930e+00,1.916597485542297363e+00,1.916020154953002930e+00,1.916026592254638672e+00,1.916616797447204590e+00,1.917791724205017090e+00,1.919553041458129883e+00,1.921903848648071289e+00,1.924847364425659180e+00,1.928388237953186035e+00,1.932531952857971191e+00,1.937284827232360840e+00,1.942654252052307129e+00,1.948648691177368164e+00,1.955278158187866211e+00,1.962552189826965332e+00,1.970483183860778809e+00,1.979084014892578125e+00,1.988368391990661621e+00,1.998351812362670898e+00,2.009051084518432617e+00,2.020484447479248047e+00,2.032671213150024414e+00,2.045633077621459961e+00,2.059392690658569336e+00,2.073974370956420898e+00,2.089405059814453125e+00,2.105713129043579102e+00,2.122930288314819336e+00,2.141087770462036133e+00,2.160223007202148438e+00,2.180373668670654297e+00,2.175938844680786133e+00,2.119119167327880859e+00,2.058264017105102539e+00,2.001036405563354492e+00,1.947331786155700684e+00,1.897359132766723633e+00,1.849920511245727539e+00,1.805904626846313477e+00,1.763945102691650391e+00,1.724572062492370605e+00,1.687438964843750000e+00,1.652122616767883301e+00,1.618848800659179688e+00,1.587396264076232910e+00,1.557431936264038086e+00,1.529116988182067871e+00,1.502309560775756836e+00,1.477209448814392090e+00,1.453370094299316406e+00,1.430716514587402344e+00,1.409180760383605957e+00,1.388700962066650391e+00,1.369218707084655762e+00,1.350681066513061523e+00,1.333039879798889160e+00,1.316249012947082520e+00,1.300266981124877930e+00,1.285054802894592285e+00,1.270577669143676758e+00,1.256801486015319824e+00,1.243695497512817383e+00,1.231231212615966797e+00,1.219382047653198242e+00,1.208122968673706055e+00,1.197431802749633789e+00,1.187286615371704102e+00,1.177667379379272461e+00,1.168555974960327148e+00,1.159935116767883301e+00,1.151788830757141113e+00,1.144101977348327637e+00,1.136861205101013184e+00,1.130053758621215820e+00,1.123667240142822266e+00,1.117691516876220703e+00,1.112115621566772461e+00,1.106930613517761230e+00,1.102128028869628906e+00,1.097699642181396484e+00,1.093638777732849121e+00,1.089938402175903320e+00,1.086592912673950195e+00,1.083597183227539062e+00,1.080945968627929688e+00,1.078635454177856445e+00,1.076662421226501465e+00,1.075023174285888672e+00,1.073715567588806152e+00,1.072737455368041992e+00,1.072087526321411133e+00,1.071764588356018066e+00,esquerda
5.969422817230224609e+00,5.971261978149414062e+00,5.974922180175781250e+00,5.980410099029541016e+00,5.987733840942382812e+00,5.996904373168945312e+00,6.007936000823974609e+00,6.020845890045166016e+00,6.035653114318847656e+00,6.052381992340087891e+00,6.071058750152587891e+00,6.091712474822998047e+00,6.114374637603759766e+00,6.139084815979003906e+00,6.165880680084228516e+00,6.194807052612304688e+00,6.225910186767578125e+00,6.236837387084960938e+00,6.047054767608642578e+00,5.747461795806884766e+00,5.477849483489990234e+00,5.234181404113769531e+00,5.011430740356445312e+00,4.807974338531494141e+00,4.623673439025878906e+00,4.453665733337402344e+00,4.296500682830810547e+00,4.150361061096191406e+00,4.016620159149169922e+00,3.891888856887817383e+00,3.774879932403564453e+00,3.666835069656372070e+00,3.565241813659667969e+00,3.469913959503173828e+00,3.381222486495971680e+00,3.297039270401000977e+00,3.218943357467651367e+00,3.144509553909301758e+00,3.074676036834716797e+00,3.008831977844238281e+00,2.946222066879272461e+00,2.887249946594238281e+00,2.831521749496459961e+00,2.778447866439819336e+00,2.728313922882080078e+00,2.680683374404907227e+00,2.635895967483520508e+00,2.593357563018798828e+00,2.552934885025024414e+00,2.514507293701171875e+00,2.477962970733642578e+00,2.443199634552001953e+00,2.410122156143188477e+00,2.378643274307250977e+00,2.348682403564453125e+00,2.320164203643798828e+00,2.293020248413085938e+00,2.267187595367431641e+00,2.242605924606323242e+00,2.219219684600830078e+00,2.196979045867919922e+00,2.175835371017456055e+00,2.155745506286621094e+00,2.136668205261230469e+00,2.118565320968627930e+00,2.101401329040527344e+00,2.085143327713012695e+00,2.069760322570800781e+00,2.055224418640136719e+00,2.041508197784423828e+00,2.028588056564331055e+00,2.016440868377685547e+00,2.005045413970947266e+00,1.994381904602050781e+00,1.984432697296142578e+00,1.975180864334106445e+00,1.966611027717590332e+00,1.958709478378295898e+00,1.951463341712951660e+00,1.944860577583312988e+00,1.938890814781188965e+00,1.933545351028442383e+00,1.928815007209777832e+00,1.924692273139953613e+00,1.921171307563781738e+00,1.918246388435363770e+00,1.915912985801696777e+00,1.914167761802673340e+00,1.913008093833923340e+00,1.912431836128234863e+00,1.912438154220581055e+00,1.913027405738830566e+00,1.914200305938720703e+00,1.915958166122436523e+00,1.918304562568664551e+00,1.921242475509643555e+00,1.924776911735534668e+00,1.928912758827209473e+00,1.933656692504882812e+00,1.939016103744506836e+00,1.944999337196350098e+00,1.951616406440734863e+00,1.958876967430114746e+00,1.966793060302734375e+00,1.975377559661865234e+00,1.984644889831542969e+00,1.994609475135803223e+00,2.005288600921630859e+00,2.016700744628906250e+00,2.028865098953247070e+00,2.041802644729614258e+00,2.055536508560180664e+00,2.070090770721435547e+00,2.085492610931396484e+00,2.101770162582397461e+00,2.118955135345458984e+00,2.137078523635864258e+00,2.156178236007690430e+00,2.176290988922119141e+00,2.174023151397705078e+00,2.119149446487426758e+00,2.058291912078857422e+00,2.001062631607055664e+00,1.947356700897216797e+00,1.897382616996765137e+00,1.849942326545715332e+00,1.805925130844116211e+00,1.763964533805847168e+00,1.724590301513671875e+00,1.687456130981445312e+00,1.652138948440551758e+00,1.618864297866821289e+00,1.587410926818847656e+00,1.557445883750915527e+00,1.529130101203918457e+00,1.502308487892150879e+00,1.477208495140075684e+00,1.453369140625000000e+00,1.430715560913085938e+00,1.409179806709289551e+00,1.388700008392333984e+00,1.369217872619628906e+00,1.350680112838745117e+00,1.333039045333862305e+00,1.316248178482055664e+00,1.300266027450561523e+00,1.285053968429565430e+00,1.270576834678649902e+00,1.256800651550292969e+00,1.243694663047790527e+00,1.231230378150939941e+00,1.219381213188171387e+00,1.208122253417968750e+00,1.197430968284606934e+00,1.187285900115966797e+00,1.177666544914245605e+00,1.168555259704589844e+00,1.159934282302856445e+00,1.151788115501403809e+00,1.144101381301879883e+00,1.136860489845275879e+00,1.130053043365478516e+00,1.123666644096374512e+00,1.117690682411193848e+00,1.112114787101745605e+00,1.106930017471313477e+00,1.102127313613891602e+00,1.097698926925659180e+00,1.093638181686401367e+00,1.089937806129455566e+00,1.086592316627502441e+00,1.083596587181091309e+00,1.080945253372192383e+00,1.078634858131408691e+00,1.076661705970764160e+00,1.075022459030151367e+00,1.073714852333068848e+00,1.072736740112304688e+00,1.072086811065673828e+00,1.071763873100280762e+00,esquerda
5.969423294067382812e+00,5.971262454986572266e+00,5.974922657012939453e+00,5.980410575866699219e+00,5.987734317779541016e+00,5.996904850006103516e+00,6.007936477661132812e+00,6.020846366882324219e+00,6.035653591156005859e+00,6.052382469177246094e+00,6.071059226989746094e+00,6.091712951660156250e+00,6.114375591278076172e+00,6.139085292816162109e+00,6.165881156921386719e+00,6.194807529449462891e+00,6.225910663604736328e+00,6.235488891601562500e+00,6.036645412445068359e+00,5.737519264221191406e+00,5.468331813812255859e+00,5.225049972534179688e+00,5.002655982971191406e+00,4.799526214599609375e+00,4.615524768829345703e+00,4.445794582366943359e+00,4.288886547088623047e+00,4.142986774444580078e+00,4.009466648101806641e+00,3.884942770004272461e+00,3.768128633499145508e+00,3.660264015197753906e+00,3.558840990066528320e+00,3.463672399520874023e+00,3.375130653381347656e+00,3.291089773178100586e+00,3.213125228881835938e+00,3.138817548751831055e+00,3.069103240966796875e+00,3.003370523452758789e+00,2.940867424011230469e+00,2.881995677947998047e+00,2.826362609863281250e+00,2.773379087448120117e+00,2.723330974578857422e+00,2.675651311874389648e+00,2.630947828292846680e+00,2.588489294052124023e+00,2.548142671585083008e+00,2.509787082672119141e+00,2.473311424255371094e+00,2.438613414764404297e+00,2.405597925186157227e+00,2.374177932739257812e+00,2.344273328781127930e+00,2.315809011459350586e+00,2.288716077804565430e+00,2.262931585311889648e+00,2.238396167755126953e+00,2.215053796768188477e+00,2.192854881286621094e+00,2.171751022338867188e+00,2.151698827743530273e+00,2.132657289505004883e+00,2.114588737487792969e+00,2.097456455230712891e+00,2.081228971481323242e+00,2.065875053405761719e+00,2.051366329193115234e+00,2.037675857543945312e+00,2.024780273437500000e+00,2.012655735015869141e+00,2.001281738281250000e+00,1.990638017654418945e+00,1.980707526206970215e+00,1.971473097801208496e+00,1.962919354438781738e+00,1.955032706260681152e+00,1.947800040245056152e+00,1.941209673881530762e+00,1.935251474380493164e+00,1.929915904998779297e+00,1.925194144248962402e+00,1.921079397201538086e+00,1.917564868927001953e+00,1.914645433425903320e+00,1.912316441535949707e+00,1.910574674606323242e+00,1.909417152404785156e+00,1.908841967582702637e+00,1.908848285675048828e+00,1.909436345100402832e+00,1.910606741905212402e+00,1.912361383438110352e+00,1.914703607559204102e+00,1.917636156082153320e+00,1.921163558959960938e+00,1.925291776657104492e+00,1.930026888847351074e+00,1.935376167297363281e+00,1.941348195075988770e+00,1.947952985763549805e+00,1.955199718475341797e+00,1.963100910186767578e+00,1.971669554710388184e+00,1.980919122695922852e+00,1.990865349769592285e+00,2.001524448394775391e+00,2.012915134429931641e+00,2.025056123733520508e+00,2.037969589233398438e+00,2.051677942276000977e+00,2.066204547882080078e+00,2.081577777862548828e+00,2.097824811935424805e+00,2.114977121353149414e+00,2.133066892623901367e+00,2.152130603790283203e+00,2.172205686569213867e+00,2.172148227691650391e+00,2.119256258010864258e+00,2.058392763137817383e+00,2.001158237457275391e+00,1.947447180747985840e+00,1.897468328475952148e+00,1.850024104118347168e+00,1.806002736091613770e+00,1.764038801193237305e+00,1.724661350250244141e+00,1.687523961067199707e+00,1.652203798294067383e+00,1.618926644325256348e+00,1.587470769882202148e+00,1.557503223419189453e+00,1.529185533523559570e+00,1.502307295799255371e+00,1.477207183837890625e+00,1.453367948532104492e+00,1.430714368820190430e+00,1.409178733825683594e+00,1.388698935508728027e+00,1.369216799736022949e+00,1.350679039955139160e+00,1.333038091659545898e+00,1.316247105598449707e+00,1.300265192985534668e+00,1.285053133964538574e+00,1.270576000213623047e+00,1.256799697875976562e+00,1.243693828582763672e+00,1.231229662895202637e+00,1.219380378723144531e+00,1.208121538162231445e+00,1.197430372238159180e+00,1.187285065650939941e+00,1.177665948867797852e+00,1.168554544448852539e+00,1.159933686256408691e+00,1.151787400245666504e+00,1.144100666046142578e+00,1.136859774589538574e+00,1.130052447319030762e+00,1.123665928840637207e+00,1.117690205574035645e+00,1.112114191055297852e+00,1.106929302215576172e+00,1.102126717567443848e+00,1.097698450088500977e+00,1.093637585639953613e+00,1.089937210083007812e+00,1.086591720581054688e+00,1.083595991134643555e+00,1.080944895744323730e+00,1.078634500503540039e+00,1.076661348342895508e+00,1.075022101402282715e+00,1.073714494705200195e+00,1.072736382484436035e+00,1.072086453437805176e+00,1.071763515472412109e+00,esquerda
5.969423294067382812e+00,5.971261978149414062e+00,5.974922180175781250e+00,5.980410575866699219e+00,5.987734317779541016e+00,5.996904850006103516e+00,6.007936477661132812e+00,6.020845413208007812e+00,6.035653114318847656e+00,6.052381992340087891e+00,6.071058750152587891e+00,6.091712474822998047e+00,6.114375114440917969e+00,6.139084815979003906e+00,6.165880203247070312e+00,6.194807529449462891e+00,6.225910663604736328e+00,6.233978271484375000e+00,6.025005340576171875e+00,5.726473331451416016e+00,5.457817077636718750e+00,5.215015411376953125e+00,4.993058204650878906e+00,4.790327072143554688e+00,4.606686115264892578e+00,4.437287807464599609e+00,4.280686378479003906e+00,4.135071277618408203e+00,4.001811504364013672e+00,3.877528667449951172e+00,3.760941267013549805e+00,3.653286218643188477e+00,3.552059888839721680e+00,3.457075595855712891e+00,3.368704795837402344e+00,3.284825801849365234e+00,3.207012414932250977e+00,3.132847547531127930e+00,3.063267946243286133e+00,2.997661113739013672e+00,2.935278892517089844e+00,2.876519680023193359e+00,2.820993900299072266e+00,2.768111944198608398e+00,2.718159437179565430e+00,2.670618534088134766e+00,2.625999450683593750e+00,2.583620309829711914e+00,2.543349742889404297e+00,2.505066394805908203e+00,2.468659400939941406e+00,2.434026718139648438e+00,2.401073217391967773e+00,2.369712352752685547e+00,2.339864253997802734e+00,2.311453104019165039e+00,2.284411191940307617e+00,2.258675336837768555e+00,2.234186172485351562e+00,2.210887432098388672e+00,2.188730478286743164e+00,2.167666196823120117e+00,2.147651672363281250e+00,2.128645896911621094e+00,2.110611438751220703e+00,2.093511581420898438e+00,2.077314376831054688e+00,2.061989307403564453e+00,2.047508001327514648e+00,2.033843278884887695e+00,2.020971775054931641e+00,2.008870124816894531e+00,1.997517585754394531e+00,1.986894011497497559e+00,1.976981997489929199e+00,1.967764973640441895e+00,1.959227323532104492e+00,1.951355576515197754e+00,1.944136500358581543e+00,1.937558531761169434e+00,1.931611299514770508e+00,1.926285743713378906e+00,1.921573162078857422e+00,1.917466044425964355e+00,1.913958191871643066e+00,1.911044359207153320e+00,1.908719658851623535e+00,1.906981110572814941e+00,1.905825614929199219e+00,1.905251622200012207e+00,1.905258059501647949e+00,1.905844926834106445e+00,1.907013297080993652e+00,1.908764481544494629e+00,1.911102056503295898e+00,1.914029240608215332e+00,1.917550206184387207e+00,1.921670556068420410e+00,1.926396727561950684e+00,1.931735873222351074e+00,1.937696695327758789e+00,1.944289088249206543e+00,1.951522350311279297e+00,1.959408521652221680e+00,1.967961072921752930e+00,1.977193593978881836e+00,1.987120628356933594e+00,1.997759819030761719e+00,2.009129047393798828e+00,2.021247625350952148e+00,2.034136533737182617e+00,2.047818899154663086e+00,2.062318325042724609e+00,2.077662706375122070e+00,2.093879222869873047e+00,2.110999345779418945e+00,2.129055023193359375e+00,2.148082733154296875e+00,2.168119907379150391e+00,2.170227289199829102e+00,2.119279146194458008e+00,2.058414459228515625e+00,2.001178264617919922e+00,1.947465896606445312e+00,1.897485971450805664e+00,1.850040316581726074e+00,1.806018352508544922e+00,1.764053344726562500e+00,1.724674820899963379e+00,1.687536716461181641e+00,1.652216076850891113e+00,1.618937969207763672e+00,1.587481617927551270e+00,1.557513594627380371e+00,1.529195189476013184e+00,1.502307653427124023e+00,1.477207660675048828e+00,1.453368425369262695e+00,1.430714726448059082e+00,1.409179210662841797e+00,1.388699293136596680e+00,1.369217038154602051e+00,1.350679516792297363e+00,1.333038449287414551e+00,1.316247582435607910e+00,1.300265669822692871e+00,1.285053372383117676e+00,1.270576357841491699e+00,1.256800293922424316e+00,1.243694067001342773e+00,1.231229901313781738e+00,1.219380736351013184e+00,1.208121776580810547e+00,1.197430610656738281e+00,1.187285304069519043e+00,1.177666187286376953e+00,1.168554902076721191e+00,1.159933924674987793e+00,1.151787757873535156e+00,1.144101023674011230e+00,1.136860132217407227e+00,1.130052685737609863e+00,1.123666286468505859e+00,1.117690443992614746e+00,1.112114548683166504e+00,1.106929540634155273e+00,1.102127194404602051e+00,1.097698807716369629e+00,1.093638062477111816e+00,1.089937567710876465e+00,1.086592078208923340e+00,1.083596229553222656e+00,1.080945134162902832e+00,1.078634738922119141e+00,1.076661705970764160e+00,1.075022339820861816e+00,1.073714733123779297e+00,1.072736620903015137e+00,1.072086691856384277e+00,1.071763753890991211e+00,esquerda
5.969424724578857422e+00,5.971263885498046875e+00,5.974924087524414062e+00,5.980412006378173828e+00,5.987735748291015625e+00,5.996906280517578125e+00,6.007937908172607422e+00,6.020847797393798828e+00,6.035655021667480469e+00,6.052384376525878906e+00,6.071061134338378906e+00,6.091714382171630859e+00,6.114377021789550781e+00,6.139086723327636719e+00,6.165882587432861328e+00,6.194808959960937500e+00,6.225912094116210938e+00,6.232470512390136719e+00,6.013369560241699219e+00,5.715428829193115234e+00,5.447304725646972656e+00,5.204982280731201172e+00,4.983462333679199219e+00,4.781129837036132812e+00,4.597848892211914062e+00,4.428782939910888672e+00,4.272487640380859375e+00,4.127156257629394531e+00,3.994156360626220703e+00,3.870115995407104492e+00,3.753755331039428711e+00,3.646309137344360352e+00,3.545279502868652344e+00,3.450479745864868164e+00,3.362279653549194336e+00,3.278563022613525391e+00,3.200899839401245117e+00,3.126878976821899414e+00,3.057432651519775391e+00,2.991953134536743164e+00,2.929690361022949219e+00,2.871044635772705078e+00,2.815625429153442383e+00,2.762845039367675781e+00,2.712988615036010742e+00,2.665586471557617188e+00,2.621051549911499023e+00,2.578752517700195312e+00,2.538557767868041992e+00,2.500346422195434570e+00,2.464008092880249023e+00,2.429440259933471680e+00,2.396549224853515625e+00,2.365247488021850586e+00,2.335455417633056641e+00,2.307097911834716797e+00,2.280106782913208008e+00,2.254419565200805664e+00,2.229976415634155273e+00,2.206721782684326172e+00,2.184606552124023438e+00,2.163581848144531250e+00,2.143605232238769531e+00,2.124635457992553711e+00,2.106634378433227539e+00,2.089566946029663086e+00,2.073400497436523438e+00,2.058104276657104492e+00,2.043650150299072266e+00,2.030011177062988281e+00,2.017163991928100586e+00,2.005084991455078125e+00,1.993753910064697266e+00,1.983150243759155273e+00,1.973257184028625488e+00,1.964057445526123047e+00,1.955535769462585449e+00,1.947678804397583008e+00,1.940473318099975586e+00,1.933907866477966309e+00,1.927971839904785156e+00,1.922656297683715820e+00,1.917952418327331543e+00,1.913853168487548828e+00,1.910351991653442383e+00,1.907443523406982422e+00,1.905123353004455566e+00,1.903388023376464844e+00,1.902234673500061035e+00,1.901661753654479980e+00,1.901668190956115723e+00,1.902253866195678711e+00,1.903419971466064453e+00,1.905168056488037109e+00,1.907501339912414551e+00,1.910422801971435547e+00,1.913937091827392578e+00,1.918049931526184082e+00,1.922767162322998047e+00,1.928096175193786621e+00,1.934045791625976562e+00,1.940625667572021484e+00,1.947845220565795898e+00,1.955716609954833984e+00,1.964253187179565430e+00,1.973467946052551270e+00,1.983376502990722656e+00,1.993995904922485352e+00,2.005343437194824219e+00,2.017438888549804688e+00,2.030303955078125000e+00,2.043960571289062500e+00,2.058432579040527344e+00,2.073747873306274414e+00,2.089933872222900391e+00,2.107021808624267578e+00,2.125043153762817383e+00,2.144035100936889648e+00,2.164034843444824219e+00,2.168169975280761719e+00,2.119055747985839844e+00,2.058205842971801758e+00,2.000982999801635742e+00,1.947283029556274414e+00,1.897314310073852539e+00,1.849879384040832520e+00,1.805866599082946777e+00,1.763910293579101562e+00,1.724539995193481445e+00,1.687409520149230957e+00,1.652095675468444824e+00,1.618824124336242676e+00,1.587373614311218262e+00,1.557411193847656250e+00,1.529098153114318848e+00,1.502305626869201660e+00,1.477205753326416016e+00,1.453366279602050781e+00,1.430712819099426270e+00,1.409177303314208984e+00,1.388697385787963867e+00,1.369215250015258789e+00,1.350677609443664551e+00,1.333036422729492188e+00,1.316245675086975098e+00,1.300263762474060059e+00,1.285051703453063965e+00,1.270574569702148438e+00,1.256798267364501953e+00,1.243692398071289062e+00,1.231228113174438477e+00,1.219378829002380371e+00,1.208120107650756836e+00,1.197428584098815918e+00,1.187283515930175781e+00,1.177664279937744141e+00,1.168552994728088379e+00,1.159932136535644531e+00,1.151785969734191895e+00,1.144099116325378418e+00,1.136858344078063965e+00,1.130050778388977051e+00,1.123664498329162598e+00,1.117688536643981934e+00,1.112112760543823242e+00,1.106927752494812012e+00,1.102125167846679688e+00,1.097696900367736816e+00,1.093636035919189453e+00,1.089935660362243652e+00,1.086590290069580078e+00,1.083594441413879395e+00,1.080943226814270020e+00,1.078632831573486328e+00,1.076659798622131348e+00,1.075020551681518555e+00,1.073712825775146484e+00,1.072734713554382324e+00,1.072084784507751465e+00,1.071761846542358398e+00,esquerda
5.969425678253173828e+00,5.971264839172363281e+00,5.974924564361572266e+00,5.980412960052490234e+00,5.987736701965332031e+00,5.996906757354736328e+00,6.007938385009765625e+00,6.020848274230957031e+00,6.035655498504638672e+00,6.052384853363037109e+00,6.071061611175537109e+00,6.091714859008789062e+00,6.114377975463867188e+00,6.139087200164794922e+00,6.165883064270019531e+00,6.194809436798095703e+00,6.225912570953369141e+00,6.231012344360351562e+00,6.002120971679687500e+00,5.704700946807861328e+00,5.437047004699707031e+00,5.195152282714843750e+00,4.974026203155517578e+00,4.772054195404052734e+00,4.589101791381835938e+00,4.420339584350585938e+00,4.264326572418212891e+00,4.119258880615234375e+00,3.986500024795532227e+00,3.862689018249511719e+00,3.746553659439086914e+00,3.639317274093627930e+00,3.538484811782836914e+00,3.443870067596435547e+00,3.355842113494873047e+00,3.272288560867309570e+00,3.194776773452758789e+00,3.120899438858032227e+00,3.051588296890258789e+00,2.986235380172729492e+00,2.924093723297119141e+00,2.865561246871948242e+00,2.810249328613281250e+00,2.757570981979370117e+00,2.707810401916503906e+00,2.660555839538574219e+00,2.616104602813720703e+00,2.573885202407836914e+00,2.533766508102416992e+00,2.495627164840698242e+00,2.459357500076293945e+00,2.424854993820190430e+00,2.392025470733642578e+00,2.360783100128173828e+00,2.331047296524047852e+00,2.302743196487426758e+00,2.275803089141845703e+00,2.250164270401000977e+00,2.225766897201538086e+00,2.202556371688842773e+00,2.180482864379882812e+00,2.159497737884521484e+00,2.139558553695678711e+00,2.120624780654907227e+00,2.102657794952392578e+00,2.085622310638427734e+00,2.069486379623413086e+00,2.054219007492065430e+00,2.039792299270629883e+00,2.026178836822509766e+00,2.013355970382690430e+00,2.001299858093261719e+00,1.989990115165710449e+00,1.979406356811523438e+00,1.969532012939453125e+00,1.960349559783935547e+00,1.951843976974487305e+00,1.944001793861389160e+00,1.936810135841369629e+00,1.930256962776184082e+00,1.924332141876220703e+00,1.919026494026184082e+00,1.914331436157226562e+00,1.910239934921264648e+00,1.906745314598083496e+00,1.903842329978942871e+00,1.901526451110839844e+00,1.899794459342956543e+00,1.898643374443054199e+00,1.898071289062500000e+00,1.898077607154846191e+00,1.898662447929382324e+00,1.899826407432556152e+00,1.901571154594421387e+00,1.903899908065795898e+00,1.906815767288208008e+00,1.910323500633239746e+00,1.914428353309631348e+00,1.919136643409729004e+00,1.924455761909484863e+00,1.930394053459167480e+00,1.936961531639099121e+00,1.944167375564575195e+00,1.952023983001708984e+00,1.960544109344482422e+00,1.969741821289062500e+00,1.979631543159484863e+00,1.990230560302734375e+00,2.001556873321533203e+00,2.013629674911499023e+00,2.026470184326171875e+00,2.040100812911987305e+00,2.054545879364013672e+00,2.069832086563110352e+00,2.085987329483032227e+00,2.103043079376220703e+00,2.121030569076538086e+00,2.139986515045166016e+00,2.159948348999023438e+00,2.166247129440307617e+00,2.119076251983642578e+00,2.058224678039550781e+00,2.001001119613647461e+00,1.947299599647521973e+00,1.897330045700073242e+00,1.849893808364868164e+00,1.805880308151245117e+00,1.763923168182373047e+00,1.724552035331726074e+00,1.687420725822448730e+00,1.652106285095214844e+00,1.618834018707275391e+00,1.587382912635803223e+00,1.557420134544372559e+00,1.529106497764587402e+00,1.502304315567016602e+00,1.477204203605651855e+00,1.453365087509155273e+00,1.430711507797241211e+00,1.409176111221313477e+00,1.388696193695068359e+00,1.369214177131652832e+00,1.350676655769348145e+00,1.333035469055175781e+00,1.316244482994079590e+00,1.300262689590454102e+00,1.285050749778747559e+00,1.270573616027832031e+00,1.256797313690185547e+00,1.243691444396972656e+00,1.231227159500122070e+00,1.219377875328063965e+00,1.208119153976440430e+00,1.197427868843078613e+00,1.187282681465148926e+00,1.177663683891296387e+00,1.168552160263061523e+00,1.159931421279907227e+00,1.151785135269165039e+00,1.144098401069641113e+00,1.136857628822326660e+00,1.130050182342529297e+00,1.123663902282714844e+00,1.117687940597534180e+00,1.112112164497375488e+00,1.106927156448364258e+00,1.102124571800231934e+00,1.097696304321289062e+00,1.093635559082031250e+00,1.089935183525085449e+00,1.086589694023132324e+00,1.083593845367431641e+00,1.080942749977111816e+00,1.078632354736328125e+00,1.076659202575683594e+00,1.075019955635070801e+00,1.073712348937988281e+00,1.072734236717224121e+00,1.072084307670593262e+00,1.071761369705200195e+00,esquerda
5.969425201416015625e+00,5.971264362335205078e+00,5.974924564361572266e+00,5.980412483215332031e+00,5.987736701965332031e+00,5.996906757354736328e+00,6.007938385009765625e+00,6.020847797393798828e+00,6.035655021667480469e+00,6.052384376525878906e+00,6.071061134338378906e+00,6.091714382171630859e+00,6.114377021789550781e+00,6.139086723327636719e+00,6.165882587432861328e+00,6.194809436798095703e+00,6.225912570953369141e+00,6.229605197906494141e+00,5.991271972656250000e+00,5.694396018981933594e+00,5.427231788635253906e+00,5.185780048370361328e+00,4.965056896209716797e+00,4.763453960418701172e+00,4.580834865570068359e+00,4.412379741668701172e+00,4.256649971008300781e+00,4.111845016479492188e+00,3.979327440261840820e+00,3.855737209320068359e+00,3.739799261093139648e+00,3.632743835449218750e+00,3.532081604003906250e+00,3.437626600265502930e+00,3.349748373031616211e+00,3.266336917877197266e+00,3.188956975936889648e+00,3.115205764770507812e+00,3.046013116836547852e+00,2.980772495269775391e+00,2.918737173080444336e+00,2.860305547714233398e+00,2.805088520050048828e+00,2.752501249313354492e+00,2.702826499938964844e+00,2.655521392822265625e+00,2.611154079437255859e+00,2.569015026092529297e+00,2.528971910476684570e+00,2.490905284881591797e+00,2.454703807830810547e+00,2.420266866683959961e+00,2.387499570846557617e+00,2.356316328048706055e+00,2.326636791229248047e+00,2.298386096954345703e+00,2.271497011184692383e+00,2.245906829833984375e+00,2.221556186676025391e+00,2.198388814926147461e+00,2.176357269287109375e+00,2.155411958694458008e+00,2.135510921478271484e+00,2.116612672805786133e+00,2.098679780960083008e+00,2.081676483154296875e+00,2.065571308135986328e+00,2.050332546234130859e+00,2.035933256149291992e+00,2.022345781326293945e+00,2.009546995162963867e+00,1.997513771057128906e+00,1.986225247383117676e+00,1.975661873817443848e+00,1.965805888175964355e+00,1.956641077995300293e+00,1.948151588439941406e+00,1.940324306488037109e+00,1.933146238327026367e+00,1.926605343818664551e+00,1.920691728591918945e+00,1.915396332740783691e+00,1.910710334777832031e+00,1.906626343727111816e+00,1.903138399124145508e+00,1.900240898132324219e+00,1.897929549217224121e+00,1.896200776100158691e+00,1.895051836967468262e+00,1.894480943679809570e+00,1.894487380981445312e+00,1.895070910453796387e+00,1.896232604980468750e+00,1.897974133491516113e+00,1.900298595428466797e+00,1.903209090232849121e+00,1.906710147857666016e+00,1.910807132720947266e+00,1.915506720542907715e+00,1.920815706253051758e+00,1.926742672920227051e+00,1.933297753334045410e+00,1.940490126609802246e+00,1.948331952095031738e+00,1.956835985183715820e+00,1.966015934944152832e+00,1.975887417793273926e+00,1.986466288566589355e+00,1.997771263122558594e+00,2.009821176528930664e+00,2.022637367248535156e+00,2.036242246627807617e+00,2.050659656524658203e+00,2.065917253494262695e+00,2.082041978836059570e+00,2.099065780639648438e+00,2.117018938064575195e+00,2.135939359664916992e+00,2.155863523483276367e+00,2.164372205734252930e+00,2.119182825088500977e+00,2.058325529098510742e+00,2.001096248626708984e+00,1.947389960289001465e+00,1.897415876388549805e+00,1.849975585937500000e+00,1.805958151817321777e+00,1.763997554779052734e+00,1.724623203277587891e+00,1.687488913536071777e+00,1.652171611785888672e+00,1.618896842002868652e+00,1.587443113327026367e+00,1.557477951049804688e+00,1.529162168502807617e+00,1.502304792404174805e+00,1.477204680442810059e+00,1.453365564346313477e+00,1.430711865425109863e+00,1.409176349639892578e+00,1.388696432113647461e+00,1.369214653968811035e+00,1.350677013397216797e+00,1.333035826683044434e+00,1.316244959831237793e+00,1.300263047218322754e+00,1.285050988197326660e+00,1.270573854446411133e+00,1.256797552108764648e+00,1.243691802024841309e+00,1.231227517127990723e+00,1.219378352165222168e+00,1.208119630813598633e+00,1.197428226470947266e+00,1.187283039093017578e+00,1.177664041519165039e+00,1.168552517890930176e+00,1.159931778907775879e+00,1.151785492897033691e+00,1.144098758697509766e+00,1.136857867240905762e+00,1.130050539970397949e+00,1.123664021492004395e+00,1.117688298225402832e+00,1.112112402915954590e+00,1.106927514076232910e+00,1.102124810218811035e+00,1.097696661949157715e+00,1.093635797500610352e+00,1.089935421943664551e+00,1.086589932441711426e+00,1.083594202995300293e+00,1.080942988395690918e+00,1.078632593154907227e+00,1.076659440994262695e+00,1.075020194053649902e+00,1.073712587356567383e+00,1.072734475135803223e+00,1.072084546089172363e+00,1.071761608123779297e+00,esquerda
5.969427108764648438e+00,5.971266269683837891e+00,5.974926471710205078e+00,5.980414390563964844e+00,5.987738132476806641e+00,5.996908664703369141e+00,6.007940292358398438e+00,6.020850181579589844e+00,6.035657405853271484e+00,6.052386283874511719e+00,6.071063041687011719e+00,6.091716766357421875e+00,6.114379405975341797e+00,6.139089107513427734e+00,6.165885448455810547e+00,6.194810867309570312e+00,6.225914478302001953e+00,6.228096485137939453e+00,5.979637145996093750e+00,5.683353424072265625e+00,5.416721343994140625e+00,5.175748348236083984e+00,4.955461978912353516e+00,4.754257678985595703e+00,4.571998596191406250e+00,4.403875350952148438e+00,4.248451709747314453e+00,4.103931427001953125e+00,3.971673488616943359e+00,3.848325490951538086e+00,3.732613801956176758e+00,3.625767469406127930e+00,3.525301694869995117e+00,3.431031227111816406e+00,3.343323945999145508e+00,3.260075092315673828e+00,3.182845354080200195e+00,3.109237194061279297e+00,3.040178775787353516e+00,2.975064754486083984e+00,2.913149595260620117e+00,2.854831218719482422e+00,2.799720525741577148e+00,2.747234582901000977e+00,2.697655916213989258e+00,2.650489330291748047e+00,2.606206417083740234e+00,2.564146995544433594e+00,2.524179935455322266e+00,2.486185073852539062e+00,2.450052499771118164e+00,2.415680646896362305e+00,2.382975816726684570e+00,2.351851463317871094e+00,2.322227716445922852e+00,2.294030904769897461e+00,2.267192840576171875e+00,2.241651058197021484e+00,2.217346429824829102e+00,2.194223642349243164e+00,2.172233343124389648e+00,2.151327848434448242e+00,2.131464242935180664e+00,2.112601757049560547e+00,2.094702959060668945e+00,2.077732086181640625e+00,2.061657190322875977e+00,2.046447515487670898e+00,2.032075405120849609e+00,2.018513679504394531e+00,2.005738973617553711e+00,1.993728876113891602e+00,1.982461810111999512e+00,1.971918106079101562e+00,1.962080955505371094e+00,1.952933311462402344e+00,1.944460034370422363e+00,1.936647653579711914e+00,1.929483175277709961e+00,1.922954678535461426e+00,1.917052268981933594e+00,1.911766886711120605e+00,1.907089591026306152e+00,1.903013348579406738e+00,1.899532198905944824e+00,1.896640181541442871e+00,1.894333004951477051e+00,1.892607688903808594e+00,1.891461014747619629e+00,1.890891075134277344e+00,1.890897393226623535e+00,1.891479969024658203e+00,1.892639636993408203e+00,1.894377708435058594e+00,1.896697759628295898e+00,1.899602651596069336e+00,1.903097152709960938e+00,1.907186508178710938e+00,1.911877036094665527e+00,1.917176008224487305e+00,1.923091769218444824e+00,1.929634451866149902e+00,1.936813116073608398e+00,1.944640040397644043e+00,1.953128099441528320e+00,1.962291002273559570e+00,1.972143173217773438e+00,1.982702255249023438e+00,1.993985772132873535e+00,2.006012678146362305e+00,2.018804788589477539e+00,2.032384157180786133e+00,2.046774148941040039e+00,2.062002658843994141e+00,2.078096866607666016e+00,2.095088243484497070e+00,2.113007783889770508e+00,2.131892204284667969e+00,2.151778221130371094e+00,2.162401437759399414e+00,2.119114398956298828e+00,2.058260202407836914e+00,2.001034021377563477e+00,1.947330594062805176e+00,1.897358655929565430e+00,1.849920868873596191e+00,1.805905699729919434e+00,1.763947010040283203e+00,1.724574685096740723e+00,1.687441706657409668e+00,1.652125835418701172e+00,1.618852734565734863e+00,1.587400555610656738e+00,1.557436704635620117e+00,1.529122233390808105e+00,1.502302765846252441e+00,1.477202892303466797e+00,1.453363776206970215e+00,1.430710077285766602e+00,1.409174561500549316e+00,1.388694643974304199e+00,1.369212627410888672e+00,1.350674986839294434e+00,1.333033919334411621e+00,1.316243171691894531e+00,1.300261139869689941e+00,1.285049200057983398e+00,1.270571947097778320e+00,1.256795763969421387e+00,1.243689894676208496e+00,1.231225609779357910e+00,1.219376444816589355e+00,1.208117604255676270e+00,1.197426319122314453e+00,1.187281250953674316e+00,1.177662134170532227e+00,1.168550729751586914e+00,1.159929871559143066e+00,1.151783585548400879e+00,1.144096970558166504e+00,1.136856198310852051e+00,1.130048632621765137e+00,1.123662471771240234e+00,1.117686390876770020e+00,1.112110614776611328e+00,1.106925487518310547e+00,1.102123141288757324e+00,1.097694635391235352e+00,1.093634009361267090e+00,1.089933633804321289e+00,1.086588144302368164e+00,1.083592295646667480e+00,1.080941200256347656e+00,1.078630805015563965e+00,1.076657652854919434e+00,1.075018405914306641e+00,1.073710680007934570e+00,1.072732686996459961e+00,1.072082757949829102e+00,1.071759700775146484e+00,esquerda
5.969427585601806641e+00,5.971266746520996094e+00,5.974926948547363281e+00,5.980414867401123047e+00,5.987738609313964844e+00,5.996909141540527344e+00,6.007940769195556641e+00,6.020850658416748047e+00,6.035657882690429688e+00,6.052386760711669922e+00,6.071063518524169922e+00,6.091717243194580078e+00,6.114380359649658203e+00,6.139089584350585938e+00,6.165885448455810547e+00,6.194811820983886719e+00,6.225914955139160156e+00,6.226587295532226562e+00,5.968002319335937500e+00,5.672310829162597656e+00,5.406209945678710938e+00,5.165716171264648438e+00,4.945868015289306641e+00,4.745061874389648438e+00,4.563162326812744141e+00,4.395370960235595703e+00,4.240253448486328125e+00,4.096017837524414062e+00,3.964019536972045898e+00,3.840913295745849609e+00,3.725428819656372070e+00,3.618791580200195312e+00,3.518522024154663086e+00,3.424435615539550781e+00,3.336899518966674805e+00,3.253812789916992188e+00,3.176733493804931641e+00,3.103268384933471680e+00,3.034344434738159180e+00,2.969356536865234375e+00,2.907561779022216797e+00,2.849356174468994141e+00,2.794352769851684570e+00,2.741968393325805664e+00,2.692485570907592773e+00,2.645459651947021484e+00,2.601260662078857422e+00,2.559280872344970703e+00,2.519389867782592773e+00,2.481467008590698242e+00,2.445402860641479492e+00,2.411096096038818359e+00,2.378453254699707031e+00,2.347387790679931641e+00,2.317820787429809570e+00,2.289677381515502930e+00,2.262889862060546875e+00,2.237396717071533203e+00,2.213138103485107422e+00,2.190059185028076172e+00,2.168110609054565430e+00,2.147244691848754883e+00,2.127418756484985352e+00,2.108592271804809570e+00,2.090727090835571289e+00,2.073788642883300781e+00,2.057744026184082031e+00,2.042563438415527344e+00,2.028218269348144531e+00,2.014682292938232422e+00,2.001932144165039062e+00,1.989944458007812500e+00,1.978698730468750000e+00,1.968175172805786133e+00,1.958356857299804688e+00,1.949226379394531250e+00,1.940769195556640625e+00,1.932971477508544922e+00,1.925820469856262207e+00,1.919304490089416504e+00,1.913413286209106445e+00,1.908137917518615723e+00,1.903469443321228027e+00,1.899401187896728516e+00,1.895926475524902344e+00,1.893039941787719727e+00,1.890737175941467285e+00,1.889014959335327148e+00,1.887870430946350098e+00,1.887301683425903320e+00,1.887308001518249512e+00,1.887889385223388672e+00,1.889046669006347656e+00,1.890781641006469727e+00,1.893097162246704102e+00,1.895996570587158203e+00,1.899484395980834961e+00,1.903565883636474609e+00,1.908247470855712891e+00,1.913536429405212402e+00,1.919441103935241699e+00,1.925971031188964844e+00,1.933136224746704102e+00,1.940948247909545898e+00,1.949420094490051270e+00,1.958565235137939453e+00,1.968399167060852051e+00,1.978937983512878418e+00,1.990200042724609375e+00,2.002204179763793945e+00,2.014971733093261719e+00,2.028525114059448242e+00,2.042888402938842773e+00,2.058087825775146484e+00,2.074151277542114258e+00,2.091110467910766602e+00,2.108995914459228516e+00,2.127844333648681641e+00,2.147692918777465820e+00,2.160477161407470703e+00,2.119131565093994141e+00,2.058276176452636719e+00,2.001048803329467773e+00,1.947344422340393066e+00,1.897371768951416016e+00,1.849932909011840820e+00,1.805916905403137207e+00,1.763957619667053223e+00,1.724584698677062988e+00,1.687451362609863281e+00,1.652135133743286133e+00,1.618861198425292969e+00,1.587408661842346191e+00,1.557444334030151367e+00,1.529129385948181152e+00,1.502301812171936035e+00,1.477201938629150391e+00,1.453362584114074707e+00,1.430709362030029297e+00,1.409173846244812012e+00,1.388694047927856445e+00,1.369211673736572266e+00,1.350674271583557129e+00,1.333033204078674316e+00,1.316242337226867676e+00,1.300260305404663086e+00,1.285048246383666992e+00,1.270571351051330566e+00,1.256795048713684082e+00,1.243689060211181641e+00,1.231225013732910156e+00,1.219375729560852051e+00,1.208116888999938965e+00,1.197425603866577148e+00,1.187280416488647461e+00,1.177661299705505371e+00,1.168550014495849609e+00,1.159929275512695312e+00,1.151782989501953125e+00,1.144096136093139648e+00,1.136855363845825195e+00,1.130047917366027832e+00,1.123661637306213379e+00,1.117685794830322266e+00,1.112110018730163574e+00,1.106924891471862793e+00,1.102122545242309570e+00,1.097694039344787598e+00,1.093633413314819336e+00,1.089933037757873535e+00,1.086587548255920410e+00,1.083591699600219727e+00,1.080940485000610352e+00,1.078630089759826660e+00,1.076657056808471680e+00,1.075017809867858887e+00,1.073710083961486816e+00,1.072731971740722656e+00,1.072082042694091797e+00,1.071759104728698730e+00,esquerda
5.969427585601806641e+00,5.971266269683837891e+00,5.974926471710205078e+00,5.980414867401123047e+00,5.987738609313964844e+00,5.996909141540527344e+00,6.007940769195556641e+00,6.020849704742431641e+00,6.035657405853271484e+00,6.052386283874511719e+00,6.071063041687011719e+00,6.091716766357421875e+00,6.114379882812500000e+00,6.139089107513427734e+00,6.165885448455810547e+00,6.194811820983886719e+00,6.225914955139160156e+00,6.225236415863037109e+00,5.957580566406250000e+00,5.662358283996582031e+00,5.396683216094970703e+00,5.156576633453369141e+00,4.937085151672363281e+00,4.736607074737548828e+00,4.555006980895996094e+00,4.387493133544921875e+00,4.232634067535400391e+00,4.088638782501220703e+00,3.956861734390258789e+00,3.833962917327880859e+00,3.718673467636108398e+00,3.612216949462890625e+00,3.512117624282836914e+00,3.418191671371459961e+00,3.330804824829101562e+00,3.247859954833984375e+00,3.170913219451904297e+00,3.097574472427368164e+00,3.028769254684448242e+00,2.963893413543701172e+00,2.902205228805541992e+00,2.844100475311279297e+00,2.789191961288452148e+00,2.736898183822631836e+00,2.687500953674316406e+00,2.640425205230712891e+00,2.596310138702392578e+00,2.554410696029663086e+00,2.514595270156860352e+00,2.476744651794433594e+00,2.440749168395996094e+00,2.406507968902587891e+00,2.373927116394042969e+00,2.342921018600463867e+00,2.313410282135009766e+00,2.285320281982421875e+00,2.258583784103393555e+00,2.233139276504516602e+00,2.208926677703857422e+00,2.185891866683959961e+00,2.163985252380371094e+00,2.143158912658691406e+00,2.123370647430419922e+00,2.104579925537109375e+00,2.086749076843261719e+00,2.069842576980590820e+00,2.053828954696655273e+00,2.038676738739013672e+00,2.024359226226806641e+00,2.010849237442016602e+00,1.998123049736022949e+00,1.986158251762390137e+00,1.974934101104736328e+00,1.964430451393127441e+00,1.954630851745605469e+00,1.945517778396606445e+00,1.937076687812805176e+00,1.929293870925903320e+00,1.922156572341918945e+00,1.915652990341186523e+00,1.909773111343383789e+00,1.904507756233215332e+00,1.899848222732543945e+00,1.895787596702575684e+00,1.892319440841674805e+00,1.889438509941101074e+00,1.887140035629272461e+00,1.885421156883239746e+00,1.884278774261474609e+00,1.883711218833923340e+00,1.883717536926269531e+00,1.884297847747802734e+00,1.885452985763549805e+00,1.887184500694274902e+00,1.889495730400085449e+00,1.892389655113220215e+00,1.895870685577392578e+00,1.899944543838500977e+00,1.904617428779602051e+00,1.909896254539489746e+00,1.915789604187011719e+00,1.922307252883911133e+00,1.929458856582641602e+00,1.937255859375000000e+00,1.945711851119995117e+00,1.954839706420898438e+00,1.964654684066772461e+00,1.975173711776733398e+00,1.986414313316345215e+00,1.998395800590515137e+00,2.011139154434204102e+00,2.024666786193847656e+00,2.039002180099487305e+00,2.054172992706298828e+00,2.070206403732299805e+00,2.087132930755615234e+00,2.104984283447265625e+00,2.123796939849853516e+00,2.143607854843139648e+00,2.158531188964843750e+00,2.119108676910400391e+00,2.058254480361938477e+00,2.001027584075927734e+00,1.947324156761169434e+00,1.897352099418640137e+00,1.849914073944091797e+00,1.805898666381835938e+00,1.763939976692199707e+00,1.724567294120788574e+00,1.687434673309326172e+00,1.652118802070617676e+00,1.618845462799072266e+00,1.587393283843994141e+00,1.557429313659667969e+00,1.529114723205566406e+00,1.502301931381225586e+00,1.477202057838439941e+00,1.453362822532653809e+00,1.430709481239318848e+00,1.409173846244812012e+00,1.388694047927856445e+00,1.369211912155151367e+00,1.350674271583557129e+00,1.333033323287963867e+00,1.316242456436157227e+00,1.300260543823242188e+00,1.285048604011535645e+00,1.270571470260620117e+00,1.256795167922973633e+00,1.243689537048339844e+00,1.231225252151489258e+00,1.219376087188720703e+00,1.208117365837097168e+00,1.197425961494445801e+00,1.187280774116516113e+00,1.177661895751953125e+00,1.168550133705139160e+00,1.159929513931274414e+00,1.151783227920532227e+00,1.144096732139587402e+00,1.136855959892272949e+00,1.130048274993896484e+00,1.123661994934082031e+00,1.117686152458190918e+00,1.112110376358032227e+00,1.106925249099731445e+00,1.102122902870178223e+00,1.097694516181945801e+00,1.093633651733398438e+00,1.089933395385742188e+00,1.086588025093078613e+00,1.083592176437377930e+00,1.080941081047058105e+00,1.078630566596984863e+00,1.076657533645629883e+00,1.075018286705017090e+00,1.073710680007934570e+00,1.072732567787170410e+00,1.072082638740539551e+00,1.071759700775146484e+00,esquerda
5.969429016113281250e+00,5.971268177032470703e+00,5.974928379058837891e+00,5.980416297912597656e+00,5.987740039825439453e+00,5.996910572052001953e+00,6.007942199707031250e+00,6.020852088928222656e+00,6.035659313201904297e+00,6.052388668060302734e+00,6.071065425872802734e+00,6.091718673706054688e+00,6.114381790161132812e+00,6.139091014862060547e+00,6.165887355804443359e+00,6.194813251495361328e+00,6.225916862487792969e+00,6.223724842071533203e+00,5.945917606353759766e+00,5.651288986206054688e+00,5.386147022247314453e+00,5.146521091461181641e+00,4.927468299865722656e+00,4.727390289306640625e+00,4.546150684356689453e+00,4.378969669342041016e+00,4.224417209625244141e+00,4.080707550048828125e+00,3.949190855026245117e+00,3.826534509658813477e+00,3.711472749710083008e+00,3.605226039886474609e+00,3.505324602127075195e+00,3.411583423614501953e+00,3.324368476867675781e+00,3.241586923599243164e+00,3.164790868759155273e+00,3.091595888137817383e+00,3.022925376892089844e+00,2.958176612854003906e+00,2.896608829498291016e+00,2.838617324829101562e+00,2.783816099166870117e+00,2.731624364852905273e+00,2.682323932647705078e+00,2.635393619537353516e+00,2.591363191604614258e+00,2.549542903900146484e+00,2.509803533554077148e+00,2.472024917602539062e+00,2.436098337173461914e+00,2.401922225952148438e+00,2.369403362274169922e+00,2.338456392288208008e+00,2.309001922607421875e+00,2.280965328216552734e+00,2.254280328750610352e+00,2.228883743286132812e+00,2.204717397689819336e+00,2.181726455688476562e+00,2.159861326217651367e+00,2.139075040817260742e+00,2.119324684143066406e+00,2.100569486618041992e+00,2.082772731781005859e+00,2.065898418426513672e+00,2.049915075302124023e+00,2.034792423248291016e+00,2.020501613616943359e+00,2.007017374038696289e+00,1.994315624237060547e+00,1.982373595237731934e+00,1.971170544624328613e+00,1.960687398910522461e+00,1.950906276702880859e+00,1.941810369491577148e+00,1.933385372161865234e+00,1.925617456436157227e+00,1.918493747711181641e+00,1.912002563476562500e+00,1.906133890151977539e+00,1.900878429412841797e+00,1.896227836608886719e+00,1.892175078392028809e+00,1.888713479042053223e+00,1.885837912559509277e+00,1.883544087409973145e+00,1.881828427314758301e+00,1.880688190460205078e+00,1.880121827125549316e+00,1.880128145217895508e+00,1.880707263946533203e+00,1.881860256195068359e+00,1.883588433265686035e+00,1.885895133018493652e+00,1.888783574104309082e+00,1.892258167266845703e+00,1.896324276924133301e+00,1.900987982749938965e+00,1.906256675720214844e+00,1.912138938903808594e+00,1.918644189834594727e+00,1.925782084465026855e+00,1.933564543724060059e+00,1.942004203796386719e+00,1.951114535331726074e+00,1.960911035537719727e+00,1.971409916877746582e+00,1.982629060745239258e+00,1.994587779045104980e+00,2.007306814193725586e+00,2.020808458328247070e+00,2.035116910934448242e+00,2.050258874893188477e+00,2.066261291503906250e+00,2.083155870437622070e+00,2.100973129272460938e+00,2.119750022888183594e+00,2.139522790908813477e+00,2.156609296798706055e+00,2.119128942489624023e+00,2.058273315429687500e+00,2.001045465469360352e+00,1.947340846061706543e+00,1.897367835044860840e+00,1.849928855895996094e+00,1.805912613868713379e+00,1.763952970504760742e+00,1.724579811096191406e+00,1.687446236610412598e+00,1.652129769325256348e+00,1.618855953216552734e+00,1.587403178215026855e+00,1.557438731193542480e+00,1.529123544692993164e+00,1.502299427986145020e+00,1.477199435234069824e+00,1.453360319137573242e+00,1.430706977844238281e+00,1.409171700477600098e+00,1.388691782951354980e+00,1.369209766387939453e+00,1.350672125816345215e+00,1.333031296730041504e+00,1.316240549087524414e+00,1.300258517265319824e+00,1.285046458244323730e+00,1.270569562911987305e+00,1.256793379783630371e+00,1.243687272071838379e+00,1.231223344802856445e+00,1.219374179840087891e+00,1.208115339279174805e+00,1.197424173355102539e+00,1.187278985977172852e+00,1.177659869194030762e+00,1.168548464775085449e+00,1.159927725791931152e+00,1.151781439781188965e+00,1.144094824790954590e+00,1.136854052543640137e+00,1.130046486854553223e+00,1.123660206794738770e+00,1.117684364318847656e+00,1.112108707427978516e+00,1.106923580169677734e+00,1.102121233940124512e+00,1.097692847251892090e+00,1.093631982803344727e+00,1.089931607246398926e+00,1.086586236953735352e+00,1.083590507507324219e+00,1.080939173698425293e+00,1.078628897666931152e+00,1.076655745506286621e+00,1.075016498565673828e+00,1.073708891868591309e+00,1.072730779647827148e+00,1.072080850601196289e+00,1.071757912635803223e+00,esquerda
5.969429492950439453e+00,5.971268653869628906e+00,5.974928855895996094e+00,5.980417251586914062e+00,5.987740993499755859e+00,5.996911048889160156e+00,6.007942676544189453e+00,6.020852565765380859e+00,6.035659790039062500e+00,6.052389144897460938e+00,6.071065902709960938e+00,6.091719150543212891e+00,6.114382266998291016e+00,6.139091491699218750e+00,6.165887832641601562e+00,6.194813728332519531e+00,6.225917339324951172e+00,6.222213268280029297e+00,5.934268951416015625e+00,5.640234947204589844e+00,5.375626564025878906e+00,5.136482238769531250e+00,4.917867183685302734e+00,4.718189239501953125e+00,4.537311077117919922e+00,4.370462417602539062e+00,4.216217517852783203e+00,4.072792053222656250e+00,3.941536426544189453e+00,3.819122314453125000e+00,3.704287528991699219e+00,3.598249673843383789e+00,3.498544216156005859e+00,3.404987335205078125e+00,3.317943811416625977e+00,3.235324382781982422e+00,3.158678531646728516e+00,3.085627079010009766e+00,3.017090797424316406e+00,2.952468156814575195e+00,2.891021013259887695e+00,2.833142280578613281e+00,2.778447866439819336e+00,2.726357936859130859e+00,2.677153110504150391e+00,2.630360126495361328e+00,2.586413621902465820e+00,2.544673442840576172e+00,2.505010128021240234e+00,2.467303514480590820e+00,2.431445121765136719e+00,2.397334575653076172e+00,2.364877700805664062e+00,2.333989620208740234e+00,2.304591178894042969e+00,2.276608467102050781e+00,2.249974250793457031e+00,2.224626302719116211e+00,2.200506210327148438e+00,2.177558898925781250e+00,2.155735731124877930e+00,2.134989023208618164e+00,2.115276098251342773e+00,2.096557140350341797e+00,2.078794240951538086e+00,2.061952114105224609e+00,2.045999050140380859e+00,2.030905246734619141e+00,2.016641855239868164e+00,2.003183364868164062e+00,1.990505695343017578e+00,1.978586554527282715e+00,1.967404842376708984e+00,1.956941604614257812e+00,1.947178959846496582e+00,1.938100814819335938e+00,1.929692029953002930e+00,1.921938776969909668e+00,1.914828658103942871e+00,1.908349752426147461e+00,1.902492284774780273e+00,1.897246837615966797e+00,1.892605066299438477e+00,1.888559937477111816e+00,1.885105133056640625e+00,1.882235050201416016e+00,1.879945397377014160e+00,1.878233194351196289e+00,1.877095103263854980e+00,1.876529574394226074e+00,1.876535773277282715e+00,1.877113938331604004e+00,1.878264665603637695e+00,1.879989624023437500e+00,1.882291913032531738e+00,1.885174751281738281e+00,1.888642668724060059e+00,1.892700910568237305e+00,1.897355914115905762e+00,1.902614593505859375e+00,1.908485531806945801e+00,1.914978384971618652e+00,1.922102570533752441e+00,1.929870009422302246e+00,1.938293576240539551e+00,1.947386622428894043e+00,1.957164168357849121e+00,1.967642903327941895e+00,1.978840708732604980e+00,1.990776419639587402e+00,2.003471136093139648e+00,2.016947269439697266e+00,2.031228065490722656e+00,2.046340703964233398e+00,2.062312841415405273e+00,2.079174995422363281e+00,2.096958637237548828e+00,2.115699291229248047e+00,2.135434389114379883e+00,2.154684782028198242e+00,2.119147777557373047e+00,2.058290958404541016e+00,2.001062154769897461e+00,1.947356343269348145e+00,1.897382378578186035e+00,1.849942564964294434e+00,1.805925488471984863e+00,1.763965249061584473e+00,1.724591135978698730e+00,1.687457203865051270e+00,1.652140021324157715e+00,1.618865489959716797e+00,1.587412357330322266e+00,1.557447433471679688e+00,1.529132008552551270e+00,1.502298951148986816e+00,1.477199077606201172e+00,1.453359842300415039e+00,1.430706501007080078e+00,1.409170866012573242e+00,1.388691067695617676e+00,1.369209170341491699e+00,1.350671529769897461e+00,1.333030581474304199e+00,1.316239833831787109e+00,1.300257802009582520e+00,1.285045862197875977e+00,1.270568728446960449e+00,1.256792545318603516e+00,1.243686795234680176e+00,1.231222629547119141e+00,1.219373464584350586e+00,1.208114504814147949e+00,1.197423338890075684e+00,1.187278270721435547e+00,1.177659034729003906e+00,1.168547868728637695e+00,1.159926891326904297e+00,1.151780724525451660e+00,1.144093990325927734e+00,1.136853218078613281e+00,1.130045771598815918e+00,1.123659372329711914e+00,1.117683649063110352e+00,1.112107753753662109e+00,1.106922864913940430e+00,1.102120280265808105e+00,1.097692012786865234e+00,1.093631148338317871e+00,1.089930772781372070e+00,1.086585402488708496e+00,1.083589553833007812e+00,1.080938220024108887e+00,1.078627943992614746e+00,1.076654911041259766e+00,1.075015664100646973e+00,1.073707938194274902e+00,1.072729825973510742e+00,1.072080016136169434e+00,1.071757078170776367e+00,esquerda
5.969430446624755859e+00,5.971269607543945312e+00,5.974929332733154297e+00,5.980417728424072266e+00,5.987741470336914062e+00,5.996911525726318359e+00,6.007943153381347656e+00,6.020853042602539062e+00,6.035660743713378906e+00,6.052389621734619141e+00,6.071066379547119141e+00,6.091719627380371094e+00,6.114382743835449219e+00,6.139092445373535156e+00,6.165888309478759766e+00,6.194814205169677734e+00,6.225918292999267578e+00,6.220704555511474609e+00,5.922635555267333984e+00,5.629194259643554688e+00,5.365117073059082031e+00,5.126451492309570312e+00,4.908274650573730469e+00,4.708993434906005859e+00,4.528476238250732422e+00,4.361959457397460938e+00,4.208020210266113281e+00,4.064879417419433594e+00,3.933882713317871094e+00,3.811711072921752930e+00,3.697102069854736328e+00,3.591274023056030273e+00,3.491764783859252930e+00,3.398391962051391602e+00,3.311519384384155273e+00,3.229061841964721680e+00,3.152566671371459961e+00,3.079658746719360352e+00,3.011255979537963867e+00,2.946759939193725586e+00,2.885432481765747070e+00,2.827667236328125000e+00,2.773079395294189453e+00,2.721091270446777344e+00,2.671982288360595703e+00,2.625327825546264648e+00,2.581465244293212891e+00,2.539805173873901367e+00,2.500217437744140625e+00,2.462583541870117188e+00,2.426793813705444336e+00,2.392748117446899414e+00,2.360353708267211914e+00,2.329524755477905273e+00,2.300182819366455078e+00,2.272253513336181641e+00,2.245670080184936523e+00,2.220370769500732422e+00,2.196296930313110352e+00,2.173393249511718750e+00,2.151612043380737305e+00,2.130905151367187500e+00,2.111229896545410156e+00,2.092546463012695312e+00,2.074817657470703125e+00,2.058007955551147461e+00,2.042085647583007812e+00,2.027020454406738281e+00,2.012784481048583984e+00,1.999351620674133301e+00,1.986698508262634277e+00,1.974802017211914062e+00,1.963642001152038574e+00,1.953198671340942383e+00,1.943454623222351074e+00,1.934393763542175293e+00,1.926001191139221191e+00,1.918262958526611328e+00,1.911166071891784668e+00,1.904699802398681641e+00,1.898853540420532227e+00,1.893618226051330566e+00,1.888985395431518555e+00,1.884948015213012695e+00,1.881499648094177246e+00,1.878635168075561523e+00,1.876350045204162598e+00,1.874641060829162598e+00,1.873505115509033203e+00,1.872940778732299805e+00,1.872947096824645996e+00,1.873523950576782227e+00,1.874672532081604004e+00,1.876394271850585938e+00,1.878692269325256348e+00,1.881569504737854004e+00,1.885030746459960938e+00,1.889081239700317383e+00,1.893727302551269531e+00,1.898975968360900879e+00,1.904835700988769531e+00,1.911316156387329102e+00,1.918426752090454102e+00,1.926179409027099609e+00,1.934586763381958008e+00,1.943662643432617188e+00,1.953421473503112793e+00,1.963880300521850586e+00,1.975056648254394531e+00,1.986969470977783203e+00,1.999640107154846191e+00,2.013090372085571289e+00,2.027343988418579102e+00,2.042427778244018555e+00,2.058369398117065430e+00,2.075199365615844727e+00,2.092948675155639648e+00,2.111653804779052734e+00,2.131351232528686523e+00,2.152081251144409180e+00,2.118999004364013672e+00,2.058307647705078125e+00,2.001077651977539062e+00,1.947371006011962891e+00,1.897396206855773926e+00,1.849955558776855469e+00,1.805937647819519043e+00,1.763976693153381348e+00,1.724602222442626953e+00,1.687467575073242188e+00,1.652149915695190430e+00,1.618875026702880859e+00,1.587421298027038574e+00,1.557455897331237793e+00,1.529140114784240723e+00,1.502297639846801758e+00,1.477197647094726562e+00,1.453358530998229980e+00,1.430705189704895020e+00,1.409169793128967285e+00,1.388689994812011719e+00,1.369207978248596191e+00,1.350670337677001953e+00,1.333029508590698242e+00,1.316238641738891602e+00,1.300256848335266113e+00,1.285044908523559570e+00,1.270567774772644043e+00,1.256791591644287109e+00,1.243685841560363770e+00,1.231221675872802734e+00,1.219372510910034180e+00,1.208113670349121094e+00,1.197422623634338379e+00,1.187277436256408691e+00,1.177658319473266602e+00,1.168547034263610840e+00,1.159926176071166992e+00,1.151780009269714355e+00,1.144093275070190430e+00,1.136852502822875977e+00,1.130045175552368164e+00,1.123658657073974609e+00,1.117683053016662598e+00,1.112107038497924805e+00,1.106922268867492676e+00,1.102119565010070801e+00,1.097691416740417480e+00,1.093630552291870117e+00,1.089930176734924316e+00,1.086584925651550293e+00,1.083589076995849609e+00,1.080937862396240234e+00,1.078627586364746094e+00,1.076654434204101562e+00,1.075015187263488770e+00,1.073707580566406250e+00,1.072729468345642090e+00,1.072079539299011230e+00,1.071756601333618164e+00,esquerda
5.969429969787597656e+00,5.971269130706787109e+00,5.974929332733154297e+00,5.980417251586914062e+00,5.987741470336914062e+00,5.996911525726318359e+00,6.007943153381347656e+00,6.020852565765380859e+00,6.035660266876220703e+00,6.052389144897460938e+00,6.071065902709960938e+00,6.091719150543212891e+00,6.114382266998291016e+00,6.139091491699218750e+00,6.165887832641601562e+00,6.194814205169677734e+00,6.225918292999267578e+00,6.219353199005126953e+00,5.912207126617431641e+00,5.619234561920166016e+00,5.355584144592285156e+00,5.117306709289550781e+00,4.899487018585205078e+00,4.700535774230957031e+00,4.520317554473876953e+00,4.354078769683837891e+00,4.200397491455078125e+00,4.057497501373291016e+00,3.926722764968872070e+00,3.804758310317993164e+00,3.690345048904418945e+00,3.584697246551513672e+00,3.485358715057373047e+00,3.392146110534667969e+00,3.305423021316528320e+00,3.223108053207397461e+00,3.146745204925537109e+00,3.073963165283203125e+00,3.005679845809936523e+00,2.941295862197875977e+00,2.880075216293334961e+00,2.822410345077514648e+00,2.767917871475219727e+00,2.716020345687866211e+00,2.666996955871582031e+00,2.620297431945800781e+00,2.576519012451171875e+00,2.534938573837280273e+00,2.495426893234252930e+00,2.457864999771118164e+00,2.422143697738647461e+00,2.388163566589355469e+00,2.355830907821655273e+00,2.325061321258544922e+00,2.295775413513183594e+00,2.267899751663208008e+00,2.241367101669311523e+00,2.216116189956665039e+00,2.192088365554809570e+00,2.169228792190551758e+00,2.147489309310913086e+00,2.126821994781494141e+00,2.107184648513793945e+00,2.088536977767944336e+00,2.070842027664184570e+00,2.054064512252807617e+00,2.038172721862792969e+00,2.023136377334594727e+00,2.008927822113037109e+00,1.995520710945129395e+00,1.982891678810119629e+00,1.971018075942993164e+00,1.959879398345947266e+00,1.949455857276916504e+00,1.939730763435363770e+00,1.930687308311462402e+00,1.922310590744018555e+00,1.914587259292602539e+00,1.907504081726074219e+00,1.901050090789794922e+00,1.895215153694152832e+00,1.889989972114562988e+00,1.885365962982177734e+00,1.881336212158203125e+00,1.877894520759582520e+00,1.875035524368286133e+00,1.872754693031311035e+00,1.871048808097839355e+00,1.869915127754211426e+00,1.869351983070373535e+00,1.869358301162719727e+00,1.869934082031250000e+00,1.871080279350280762e+00,1.872798681259155273e+00,1.875092387199401855e+00,1.877964258193969727e+00,1.881418824195861816e+00,1.885461688041687012e+00,1.890098690986633301e+00,1.895337462425231934e+00,1.901185870170593262e+00,1.907653808593750000e+00,1.914750814437866211e+00,1.922488689422607422e+00,1.930879831314086914e+00,1.939938187599182129e+00,1.949678540229797363e+00,1.960117340087890625e+00,1.971272230148315430e+00,1.983162283897399902e+00,1.995808482170104980e+00,2.009232997894287109e+00,2.023459434509277344e+00,2.038514137268066406e+00,2.054425239562988281e+00,2.071223258972167969e+00,2.088938236236572266e+00,2.107607603073120117e+00,2.127267360687255859e+00,2.147957563400268555e+00,2.118476629257202148e+00,2.058323383331298828e+00,2.001092672348022461e+00,1.947384834289550781e+00,1.897409081459045410e+00,1.849967598915100098e+00,1.805949211120605469e+00,1.763987421989440918e+00,1.724612355232238770e+00,1.687477111816406250e+00,1.652159094810485840e+00,1.618883609771728516e+00,1.587429165840148926e+00,1.557463645935058594e+00,1.529147267341613770e+00,1.502297997474670410e+00,1.477198004722595215e+00,1.453358888626098633e+00,1.430705547332763672e+00,1.409170150756835938e+00,1.388690233230590820e+00,1.369208335876464844e+00,1.350670814514160156e+00,1.333029747009277344e+00,1.316239118576049805e+00,1.300257205963134766e+00,1.285045146942138672e+00,1.270568132400512695e+00,1.256792187690734863e+00,1.243686079978942871e+00,1.231222033500671387e+00,1.219372868537902832e+00,1.208113908767700195e+00,1.197422862052917480e+00,1.187277674674987793e+00,1.177658557891845703e+00,1.168547272682189941e+00,1.159926414489746094e+00,1.151780247688293457e+00,1.144093632698059082e+00,1.136852860450744629e+00,1.130045533180236816e+00,1.123659014701843262e+00,1.117683291435241699e+00,1.112107515335083008e+00,1.106922507286071777e+00,1.102120041847229004e+00,1.097691774368286133e+00,1.093630909919738770e+00,1.089930534362792969e+00,1.086585164070129395e+00,1.083589315414428711e+00,1.080938100814819336e+00,1.078627824783325195e+00,1.076654791831970215e+00,1.075015425682067871e+00,1.073707818984985352e+00,1.072729706764221191e+00,1.072079777717590332e+00,1.071756839752197266e+00,esquerda
5.969431877136230469e+00,5.971271038055419922e+00,5.974931240081787109e+00,5.980419158935546875e+00,5.987742900848388672e+00,5.996913433074951172e+00,6.007945060729980469e+00,6.020854949951171875e+00,6.035662174224853516e+00,6.052391052246093750e+00,6.071067810058593750e+00,6.091721534729003906e+00,6.114384174346923828e+00,6.139094352722167969e+00,6.165889739990234375e+00,6.194816112518310547e+00,6.225919723510742188e+00,6.217844963073730469e+00,5.900576591491699219e+00,5.608195781707763672e+00,5.345076084136962891e+00,5.107277870178222656e+00,4.889895439147949219e+00,4.691341400146484375e+00,4.511483192443847656e+00,4.345576286315917969e+00,4.192200660705566406e+00,4.049585342407226562e+00,3.919070482254028320e+00,3.797347307205200195e+00,3.683160305023193359e+00,3.577722311019897461e+00,3.478579521179199219e+00,3.385551214218139648e+00,3.298999071121215820e+00,3.216846227645874023e+00,3.140633821487426758e+00,3.067994594573974609e+00,2.999845743179321289e+00,2.935588121414184570e+00,2.874487876892089844e+00,2.816936016082763672e+00,2.762550115585327148e+00,2.710754156112670898e+00,2.661826848983764648e+00,2.615263938903808594e+00,2.571569204330444336e+00,2.530068874359130859e+00,2.490633010864257812e+00,2.453143119812011719e+00,2.417490482330322266e+00,2.383575677871704102e+00,2.351305007934570312e+00,2.320594310760498047e+00,2.291365146636962891e+00,2.263542413711547852e+00,2.237061262130737305e+00,2.211858510971069336e+00,2.187876939773559570e+00,2.165061235427856445e+00,2.143363237380981445e+00,2.122735738754272461e+00,2.103135824203491211e+00,2.084524154663085938e+00,2.066863298416137695e+00,2.050117731094360352e+00,2.034256696701049805e+00,2.019249200820922852e+00,2.005067825317382812e+00,1.991686344146728516e+00,1.979081749916076660e+00,1.967230916023254395e+00,1.956113338470458984e+00,1.945710182189941406e+00,1.936003684997558594e+00,1.926977634429931641e+00,1.918616890907287598e+00,1.910908102989196777e+00,1.903838872909545898e+00,1.897397160530090332e+00,1.891573429107666016e+00,1.886358141899108887e+00,1.881743192672729492e+00,1.877721071243286133e+00,1.874285936355590820e+00,1.871432423591613770e+00,1.869155883789062500e+00,1.867453336715698242e+00,1.866321921348571777e+00,1.865759849548339844e+00,1.865765929222106934e+00,1.866340637207031250e+00,1.867484927177429199e+00,1.869199872016906738e+00,1.871488809585571289e+00,1.874355196952819824e+00,1.877803325653076172e+00,1.881838321685791016e+00,1.886466383934020996e+00,1.891695022583007812e+00,1.897532105445861816e+00,1.903987646102905273e+00,1.911071062088012695e+00,1.918794035911560059e+00,1.927168965339660645e+00,1.936209917068481445e+00,1.945931553840637207e+00,1.956350088119506836e+00,1.967483639717102051e+00,1.979350805282592773e+00,1.991972565650939941e+00,2.005371332168579102e+00,2.019570350646972656e+00,2.034596443176269531e+00,2.050476789474487305e+00,2.067242145538330078e+00,2.084923505783081055e+00,2.103556632995605469e+00,2.123178720474243164e+00,2.143829345703125000e+00,2.117962598800659180e+00,2.058349132537841797e+00,2.001116752624511719e+00,1.947407722473144531e+00,1.897431015968322754e+00,1.849988341331481934e+00,1.805968999862670898e+00,1.764006257057189941e+00,1.724630117416381836e+00,1.687494277954101562e+00,1.652175307273864746e+00,1.618899106979370117e+00,1.587444186210632324e+00,1.557477831840515137e+00,1.529160976409912109e+00,1.502296090126037598e+00,1.477196335792541504e+00,1.453357100486755371e+00,1.430703759193420410e+00,1.409168243408203125e+00,1.388688445091247559e+00,1.369206547737121582e+00,1.350669026374816895e+00,1.333027958869934082e+00,1.316237330436706543e+00,1.300255537033081055e+00,1.285043597221374512e+00,1.270566344261169434e+00,1.256790161132812500e+00,1.243684530258178711e+00,1.231220245361328125e+00,1.219371199607849121e+00,1.208112239837646484e+00,1.197420954704284668e+00,1.187275886535644531e+00,1.177656888961791992e+00,1.168545484542846680e+00,1.159924745559692383e+00,1.151778459548950195e+00,1.144091844558715820e+00,1.136851072311401367e+00,1.130043625831604004e+00,1.123657345771789551e+00,1.117681384086608887e+00,1.112105727195739746e+00,1.106920599937438965e+00,1.102118253707885742e+00,1.097689867019653320e+00,1.093629121780395508e+00,1.089928627014160156e+00,1.086583256721496582e+00,1.083587646484375000e+00,1.080936312675476074e+00,1.078626036643981934e+00,1.076652884483337402e+00,1.075013637542724609e+00,1.073706030845642090e+00,1.072727918624877930e+00,1.072077989578247070e+00,1.071755051612854004e+00,esquerda
5.969432353973388672e+00,5.971271514892578125e+00,5.974931240081787109e+00,5.980419635772705078e+00,5.987743377685546875e+00,5.996913909912109375e+00,6.007945537567138672e+00,6.020855426788330078e+00,6.035662651062011719e+00,6.052391529083251953e+00,6.071068286895751953e+00,6.091722011566162109e+00,6.114385128021240234e+00,6.139094829559326172e+00,6.165890216827392578e+00,6.194816589355468750e+00,6.225816249847412109e+00,6.213415145874023438e+00,5.888917446136474609e+00,5.597130775451660156e+00,5.334543228149414062e+00,5.097225189208984375e+00,4.880280494689941406e+00,4.682126522064208984e+00,4.502629756927490234e+00,4.337054729461669922e+00,4.183986186981201172e+00,4.041655540466308594e+00,3.911400794982910156e+00,3.789920568466186523e+00,3.675961017608642578e+00,3.570732831954956055e+00,3.471787929534912109e+00,3.378943920135498047e+00,3.292563676834106445e+00,3.210574150085449219e+00,3.134512424468994141e+00,3.062017202377319336e+00,2.994002342224121094e+00,2.929872035980224609e+00,2.868891954421997070e+00,2.811453819274902344e+00,2.757175445556640625e+00,2.705481290817260742e+00,2.656650304794311523e+00,2.610232591629028320e+00,2.566622257232666016e+00,2.525201797485351562e+00,2.485841751098632812e+00,2.448423862457275391e+00,2.412839889526367188e+00,2.378990173339843750e+00,2.346781730651855469e+00,2.316130161285400391e+00,2.286956787109375000e+00,2.259187936782836914e+00,2.232757568359375000e+00,2.207603693008422852e+00,2.183667898178100586e+00,2.160896062850952148e+00,2.139240264892578125e+00,2.118652343750000000e+00,2.099089860916137695e+00,2.080514192581176758e+00,2.062887191772460938e+00,2.046174049377441406e+00,2.030343294143676758e+00,2.015364646911621094e+00,2.001210689544677734e+00,1.987855076789855957e+00,1.975274324417114258e+00,1.963446378707885742e+00,1.952350497245788574e+00,1.941967129707336426e+00,1.932279229164123535e+00,1.923270583152770996e+00,1.914926052093505859e+00,1.907232165336608887e+00,1.900176405906677246e+00,1.893747091293334961e+00,1.887934327125549316e+00,1.882729291915893555e+00,1.878123044967651367e+00,1.874108791351318359e+00,1.870680332183837891e+00,1.867832183837890625e+00,1.865560173988342285e+00,1.863860964775085449e+00,1.862731456756591797e+00,1.862170457839965820e+00,1.862176656723022461e+00,1.862750411033630371e+00,1.863892316818237305e+00,1.865603923797607422e+00,1.867888689041137695e+00,1.870749592781066895e+00,1.874190926551818848e+00,1.878218054771423340e+00,1.882837295532226562e+00,1.888055920600891113e+00,1.893881916999816895e+00,1.900325059890747070e+00,1.907394647598266602e+00,1.915102601051330566e+00,1.923461794853210449e+00,1.932485342025756836e+00,1.942188143730163574e+00,1.952586650848388672e+00,1.963698744773864746e+00,1.975543141365051270e+00,1.988140702247619629e+00,2.001513481140136719e+00,2.015685319900512695e+00,2.030682563781738281e+00,2.046532154083251953e+00,2.063265323638916016e+00,2.080912590026855469e+00,2.099510192871093750e+00,2.119094133377075195e+00,2.139704942703247070e+00,2.117428302764892578e+00,2.058351755142211914e+00,2.001119136810302734e+00,1.947409868240356445e+00,1.897432565689086914e+00,1.849989771842956543e+00,1.805970311164855957e+00,1.764007329940795898e+00,1.724631190299987793e+00,1.687494874000549316e+00,1.652175903320312500e+00,1.618899583816528320e+00,1.587444782257080078e+00,1.557478189468383789e+00,1.529161095619201660e+00,1.502295136451721191e+00,1.477195382118225098e+00,1.453356146812438965e+00,1.430702805519104004e+00,1.409167289733886719e+00,1.388687610626220703e+00,1.369205594062805176e+00,1.350668072700500488e+00,1.333027124404907227e+00,1.316236376762390137e+00,1.300254702568054199e+00,1.285042762756347656e+00,1.270565509796142578e+00,1.256789445877075195e+00,1.243683695793151855e+00,1.231219530105590820e+00,1.219370365142822266e+00,1.208111524581909180e+00,1.197420358657836914e+00,1.187275290489196777e+00,1.177656173706054688e+00,1.168544769287109375e+00,1.159924149513244629e+00,1.151777863502502441e+00,1.144091129302978516e+00,1.136850357055664062e+00,1.130042910575866699e+00,1.123656511306762695e+00,1.117680668830871582e+00,1.112104892730712891e+00,1.106920003890991211e+00,1.102117538452148438e+00,1.097689151763916016e+00,1.093628406524658203e+00,1.089928030967712402e+00,1.086582541465759277e+00,1.083586931228637695e+00,1.080935597419738770e+00,1.078625321388244629e+00,1.076652169227600098e+00,1.075012922286987305e+00,1.073705315589904785e+00,1.072727203369140625e+00,1.072077274322509766e+00,1.071754336357116699e+00,esquerda
5.969432353973388672e+00,5.971271038055419922e+00,5.974931240081787109e+00,5.980419635772705078e+00,5.987743377685546875e+00,5.996913909912109375e+00,6.007945537567138672e+00,6.020854473114013672e+00,6.035662174224853516e+00,6.052391052246093750e+00,6.071067810058593750e+00,6.091721534729003906e+00,6.114384651184082031e+00,6.139094352722167969e+00,6.165890216827392578e+00,6.194816589355468750e+00,6.225446224212646484e+00,6.201585769653320312e+00,5.877665519714355469e+00,5.586400508880615234e+00,5.324286460876464844e+00,5.087398529052734375e+00,4.870848178863525391e+00,4.673056602478027344e+00,4.493889331817626953e+00,4.328619003295898438e+00,4.175833225250244141e+00,4.033765792846679688e+00,3.903754472732543945e+00,3.782509326934814453e+00,3.668776750564575195e+00,3.563757181167602539e+00,3.465008497238159180e+00,3.372349023818969727e+00,3.286139726638793945e+00,3.204312324523925781e+00,3.128400802612304688e+00,3.056048870086669922e+00,2.988168239593505859e+00,2.924164295196533203e+00,2.863304615020751953e+00,2.805979490280151367e+00,2.751807212829589844e+00,2.700214862823486328e+00,2.651479482650756836e+00,2.605198144912719727e+00,2.561671972274780273e+00,2.520330905914306641e+00,2.481047153472900391e+00,2.443701028823852539e+00,2.408186197280883789e+00,2.374401569366455078e+00,2.342255592346191406e+00,2.311663150787353516e+00,2.282546043395996094e+00,2.254830837249755859e+00,2.228451251983642578e+00,2.203346014022827148e+00,2.179456710815429688e+00,2.156728744506835938e+00,2.135114431381225586e+00,2.114566087722778320e+00,2.095041751861572266e+00,2.076501607894897461e+00,2.058908939361572266e+00,2.042227745056152344e+00,2.026427745819091797e+00,2.011478185653686523e+00,1.997351408004760742e+00,1.984021544456481934e+00,1.971465229988098145e+00,1.959660053253173828e+00,1.948585510253906250e+00,1.938222169876098633e+00,1.928553223609924316e+00,1.919561862945556641e+00,1.911233305931091309e+00,1.903554439544677734e+00,1.896512269973754883e+00,1.890095591545104980e+00,1.884294033050537109e+00,1.879098773002624512e+00,1.874501347541809082e+00,1.870494961738586426e+00,1.867073059082031250e+00,1.864230513572692871e+00,1.861962914466857910e+00,1.860266923904418945e+00,1.859139800071716309e+00,1.858579874038696289e+00,1.858586192131042480e+00,1.859158635139465332e+00,1.860298275947570801e+00,1.862006902694702148e+00,1.864287137985229492e+00,1.867142438888549805e+00,1.870577216148376465e+00,1.874596834182739258e+00,1.879207134246826172e+00,1.884415507316589355e+00,1.890230417251586914e+00,1.896660923957824707e+00,1.903717041015625000e+00,1.911410331726074219e+00,1.919753074645996094e+00,1.928759336471557617e+00,1.938443422317504883e+00,1.948822140693664551e+00,1.959912657737731934e+00,1.971734404563903809e+00,1.984307765960693359e+00,1.997654795646667480e+00,2.011799335479736328e+00,2.026767492294311523e+00,2.042586803436279297e+00,2.059287786483764648e+00,2.076900959014892578e+00,2.095462560653686523e+00,2.115009307861328125e+00,2.135580062866210938e+00,2.116902351379394531e+00,2.058363914489746094e+00,2.001130342483520508e+00,1.947420597076416016e+00,1.897442698478698730e+00,1.849999308586120605e+00,1.805979013442993164e+00,1.764015674591064453e+00,1.724639058113098145e+00,1.687502145767211914e+00,1.652182817459106445e+00,1.618906259536743164e+00,1.587450861930847168e+00,1.557484030723571777e+00,1.529166698455810547e+00,1.502295136451721191e+00,1.477195382118225098e+00,1.453356266021728516e+00,1.430702805519104004e+00,1.409167408943176270e+00,1.388687610626220703e+00,1.369205832481384277e+00,1.350668430328369141e+00,1.333027482032775879e+00,1.316236376762390137e+00,1.300254821777343750e+00,1.285042881965637207e+00,1.270565748214721680e+00,1.256789565086364746e+00,1.243683815002441406e+00,1.231219768524169922e+00,1.219370603561401367e+00,1.208111763000488281e+00,1.197420597076416016e+00,1.187275409698486328e+00,1.177656412124633789e+00,1.168545126914978027e+00,1.159924387931823730e+00,1.151778101921081543e+00,1.144091486930847168e+00,1.136850714683532715e+00,1.130043387413024902e+00,1.123656868934631348e+00,1.117681145668029785e+00,1.112105369567871094e+00,1.106920361518859863e+00,1.102117896080017090e+00,1.097689509391784668e+00,1.093628883361816406e+00,1.089928507804870605e+00,1.086583018302917480e+00,1.083587288856506348e+00,1.080936074256896973e+00,1.078625798225402832e+00,1.076652646064758301e+00,1.075013399124145508e+00,1.073705792427062988e+00,1.072727680206298828e+00,1.072077751159667969e+00,1.071754813194274902e+00,esquerda
5.969433307647705078e+00,5.971272468566894531e+00,5.974932670593261719e+00,5.980420589447021484e+00,5.987744331359863281e+00,5.996914863586425781e+00,6.007946491241455078e+00,6.020856380462646484e+00,6.035664081573486328e+00,6.052392959594726562e+00,6.071069717407226562e+00,6.091723442077636719e+00,6.114386081695556641e+00,6.139096260070800781e+00,6.165891170501708984e+00,6.194817543029785156e+00,6.225089073181152344e+00,6.190154075622558594e+00,5.866837978363037109e+00,5.576114654541015625e+00,5.314487934112548828e+00,5.078039169311523438e+00,4.861890792846679688e+00,4.664464950561523438e+00,4.485629081726074219e+00,4.320664882659912109e+00,4.168161392211914062e+00,4.026357173919677734e+00,3.896584033966064453e+00,3.775553941726684570e+00,3.662016630172729492e+00,3.557178497314453125e+00,3.458600044250488281e+00,3.366100788116455078e+00,3.280041456222534180e+00,3.198356389999389648e+00,3.122577905654907227e+00,3.050351619720458984e+00,2.982590198516845703e+00,2.918698549270629883e+00,2.857945203781127930e+00,2.800720930099487305e+00,2.746644258499145508e+00,2.695142507553100586e+00,2.646492958068847656e+00,2.600167036056518555e+00,2.556724786758422852e+00,2.515463829040527344e+00,2.476255416870117188e+00,2.438982248306274414e+00,2.403535366058349609e+00,2.369816303253173828e+00,2.337732076644897461e+00,2.307198762893676758e+00,2.278137922286987305e+00,2.250476121902465820e+00,2.224147558212280273e+00,2.199090719223022461e+00,2.175247669219970703e+00,2.152563571929931641e+00,2.130990982055664062e+00,2.110482454299926758e+00,2.090995788574218750e+00,2.072491645812988281e+00,2.054932832717895508e+00,2.038283824920654297e+00,2.022514343261718750e+00,2.007593393325805664e+00,1.993494033813476562e+00,1.980189919471740723e+00,1.967657923698425293e+00,1.955875635147094727e+00,1.944822311401367188e+00,1.934478998184204102e+00,1.924828648567199707e+00,1.915854692459106445e+00,1.907542228698730469e+00,1.899878144264221191e+00,1.892849564552307129e+00,1.886445164680480957e+00,1.880654931068420410e+00,1.875469803810119629e+00,1.870881319046020508e+00,1.866882562637329102e+00,1.863467454910278320e+00,1.860630512237548828e+00,1.858367204666137695e+00,1.856674551963806152e+00,1.855549573898315430e+00,1.854990720748901367e+00,1.854996919631958008e+00,1.855568289756774902e+00,1.856705904006958008e+00,1.858410954475402832e+00,1.860687017440795898e+00,1.863536834716796875e+00,1.866964936256408691e+00,1.870976567268371582e+00,1.875578045845031738e+00,1.880776405334472656e+00,1.886579871177673340e+00,1.892998218536376953e+00,1.900040745735168457e+00,1.907719016075134277e+00,1.916045784950256348e+00,1.925034523010253906e+00,1.934700012207031250e+00,1.945058465003967285e+00,1.956127762794494629e+00,1.967926502227783203e+00,1.980475664138793945e+00,1.993796944618225098e+00,2.007913827896118164e+00,2.022853374481201172e+00,2.038642168045043945e+00,2.055310726165771484e+00,2.072890043258666992e+00,2.091415882110595703e+00,2.110924482345581055e+00,2.131455898284912109e+00,2.116375207901000977e+00,2.058374643325805664e+00,2.001140356063842773e+00,1.947429656982421875e+00,1.897451400756835938e+00,1.850007414817810059e+00,1.805986642837524414e+00,1.764022946357727051e+00,1.724645972251892090e+00,1.687508821487426758e+00,1.652188777923583984e+00,1.618911862373352051e+00,1.587456226348876953e+00,1.557488918304443359e+00,1.529171466827392578e+00,1.502293348312377930e+00,1.477193355560302734e+00,1.453354239463806152e+00,1.430700898170471191e+00,1.409165620803833008e+00,1.388685822486877441e+00,1.369203805923461914e+00,1.350666403770446777e+00,1.333025336265563965e+00,1.316234707832336426e+00,1.300252795219421387e+00,1.285040855407714844e+00,1.270563960075378418e+00,1.256787776947021484e+00,1.243681907653808594e+00,1.231217861175537109e+00,1.219368696212768555e+00,1.208109974861145020e+00,1.197418689727783203e+00,1.187273621559143066e+00,1.177654504776000977e+00,1.168543338775634766e+00,1.159922599792480469e+00,1.151776313781738281e+00,1.144089698791503906e+00,1.136848926544189453e+00,1.130041360855102539e+00,1.123655319213867188e+00,1.117679238319396973e+00,1.112103581428527832e+00,1.106918573379516602e+00,1.102116107940673828e+00,1.097687721252441406e+00,1.093626976013183594e+00,1.089926719665527344e+00,1.086581230163574219e+00,1.083585381507873535e+00,1.080934166908264160e+00,1.078623890876770020e+00,1.076650857925415039e+00,1.075011610984802246e+00,1.073703885078430176e+00,1.072725772857666016e+00,1.072075843811035156e+00,1.071752905845642090e+00,esquerda
5.969434738159179688e+00,5.971273899078369141e+00,5.974933624267578125e+00,5.980422019958496094e+00,5.987745761871337891e+00,5.996915817260742188e+00,6.007947444915771484e+00,6.020857334136962891e+00,6.035665035247802734e+00,6.052393913269042969e+00,6.071070671081542969e+00,6.091724395751953125e+00,6.114387035369873047e+00,6.139097213745117188e+00,6.165892601013183594e+00,6.194818973541259766e+00,6.224705696105957031e+00,6.177865982055664062e+00,5.855208396911621094e+00,5.565077304840087891e+00,5.303981781005859375e+00,5.068011760711669922e+00,4.852299690246582031e+00,4.655272960662841797e+00,4.476797580718994141e+00,4.312164306640625000e+00,4.159966945648193359e+00,4.018446445465087891e+00,3.888933181762695312e+00,3.768143892288208008e+00,3.654833555221557617e+00,3.550204515457153320e+00,3.451822280883789062e+00,3.359507083892822266e+00,3.273618936538696289e+00,3.192095994949340820e+00,3.116467475891113281e+00,3.044384956359863281e+00,2.976757287979125977e+00,2.912992000579833984e+00,2.852359056472778320e+00,2.795247793197631836e+00,2.741277456283569336e+00,2.689877510070800781e+00,2.641323804855346680e+00,2.595135450363159180e+00,2.551777362823486328e+00,2.510596275329589844e+00,2.471464157104492188e+00,2.434262752532958984e+00,2.398884773254394531e+00,2.365230798721313477e+00,2.333208799362182617e+00,2.302734375000000000e+00,2.273729801177978516e+00,2.246121644973754883e+00,2.219843864440917969e+00,2.194835424423217773e+00,2.171038627624511719e+00,2.148398637771606445e+00,2.126867532730102539e+00,2.106398820877075195e+00,2.086950063705444336e+00,2.068481445312500000e+00,2.050956487655639648e+00,2.034340143203735352e+00,2.018600702285766602e+00,2.003708839416503906e+00,1.989636778831481934e+00,1.976358413696289062e+00,1.963850736618041992e+00,1.952091097831726074e+00,1.941059231758117676e+00,1.930736064910888672e+00,1.921104192733764648e+00,1.912147641181945801e+00,1.903851389884948730e+00,1.896202087402343750e+00,1.889187097549438477e+00,1.882795095443725586e+00,1.877015948295593262e+00,1.871840715408325195e+00,1.867261290550231934e+00,1.863270401954650879e+00,1.859861850738525391e+00,1.857030153274536133e+00,1.854771256446838379e+00,1.853081941604614258e+00,1.851958990097045898e+00,1.851401209831237793e+00,1.851407408714294434e+00,1.851977586746215820e+00,1.853113055229187012e+00,1.854815006256103516e+00,1.857086420059204102e+00,1.859930634498596191e+00,1.863352298736572266e+00,1.867356181144714355e+00,1.871948719024658203e+00,1.877137184143066406e+00,1.882929444313049316e+00,1.889335393905639648e+00,1.896364212036132812e+00,1.904027700424194336e+00,1.912338137626647949e+00,1.921309709548950195e+00,1.930956482887268066e+00,1.941294789314270020e+00,1.952342629432678223e+00,1.964118599891662598e+00,1.976643443107604980e+00,1.989939093589782715e+00,2.004028797149658203e+00,2.018939018249511719e+00,2.034697532653808594e+00,2.051333904266357422e+00,2.068879127502441406e+00,2.087368965148925781e+00,2.106839895248413086e+00,2.127331495285034180e+00,2.115848302841186523e+00,2.058385610580444336e+00,2.001150846481323242e+00,1.947439670562744141e+00,1.897460937500000000e+00,1.850016355514526367e+00,1.805995106697082520e+00,1.764030933380126953e+00,1.724653363227844238e+00,1.687515974044799805e+00,1.652195811271667480e+00,1.618918538093566895e+00,1.587462663650512695e+00,1.557495236396789551e+00,1.529177308082580566e+00,1.502292156219482422e+00,1.477192401885986328e+00,1.453353285789489746e+00,1.430700063705444336e+00,1.409164786338806152e+00,1.388684988021850586e+00,1.369202852249145508e+00,1.350665569305419922e+00,1.333024621009826660e+00,1.316233754158020020e+00,1.300252079963684082e+00,1.285040020942687988e+00,1.270563125610351562e+00,1.256786942481994629e+00,1.243681073188781738e+00,1.231217026710510254e+00,1.219367861747741699e+00,1.208109140396118164e+00,1.197417974472045898e+00,1.187272906303405762e+00,1.177653670310974121e+00,1.168542504310607910e+00,1.159921765327453613e+00,1.151775598526000977e+00,1.144088745117187500e+00,1.136848092079162598e+00,1.130040764808654785e+00,1.123654365539550781e+00,1.117678523063659668e+00,1.112102866172790527e+00,1.106917738914489746e+00,1.102115392684936523e+00,1.097687005996704102e+00,1.093626379966735840e+00,1.089926004409790039e+00,1.086580514907836914e+00,1.083584666252136230e+00,1.080933570861816406e+00,1.078623175621032715e+00,1.076650142669677734e+00,1.075010895729064941e+00,1.073703169822692871e+00,1.072725057601928711e+00,1.072075128555297852e+00,1.071752190589904785e+00,esquerda
5.969434261322021484e+00,5.971273422241210938e+00,5.974933624267578125e+00,5.980421543121337891e+00,5.987745761871337891e+00,5.996915817260742188e+00,6.007947444915771484e+00,6.020856380462646484e+00,6.035664558410644531e+00,6.052393436431884766e+00,6.071070194244384766e+00,6.091723918914794922e+00,6.114386558532714844e+00,6.139096260070800781e+00,6.165892124176025391e+00,6.194818973541259766e+00,6.224320888519287109e+00,6.165576934814453125e+00,5.843580245971679688e+00,5.554040431976318359e+00,5.293475151062011719e+00,5.057984352111816406e+00,4.842709541320800781e+00,4.646080017089843750e+00,4.467964172363281250e+00,4.303662776947021484e+00,4.151772022247314453e+00,4.010535240173339844e+00,3.881281375885009766e+00,3.760734081268310547e+00,3.647650003433227539e+00,3.543229341506958008e+00,3.445043802261352539e+00,3.352912664413452148e+00,3.267195224761962891e+00,3.185834646224975586e+00,3.110356092453002930e+00,3.038416862487792969e+00,2.970923662185668945e+00,2.907284259796142578e+00,2.846771478652954102e+00,2.789773464202880859e+00,2.735909700393676758e+00,2.684611320495605469e+00,2.636153459548950195e+00,2.590102195739746094e+00,2.546828031539916992e+00,2.505727052688598633e+00,2.466670274734497070e+00,2.429541349411010742e+00,2.394231557846069336e+00,2.360643148422241211e+00,2.328682899475097656e+00,2.298267841339111328e+00,2.269319534301757812e+00,2.241764783859252930e+00,2.215538024902343750e+00,2.190578222274780273e+00,2.166827440261840820e+00,2.144231081008911133e+00,2.122742176055908203e+00,2.102312803268432617e+00,2.082901716232299805e+00,2.064469099044799805e+00,2.046977996826171875e+00,2.030393600463867188e+00,2.014685153961181641e+00,1.999821901321411133e+00,1.985777139663696289e+00,1.972524404525756836e+00,1.960040926933288574e+00,1.948304176330566406e+00,1.937293648719787598e+00,1.926990270614624023e+00,1.917377352714538574e+00,1.908437967300415039e+00,1.900157690048217773e+00,1.892523288726806641e+00,1.885522007942199707e+00,1.879142284393310547e+00,1.873374342918395996e+00,1.868209362030029297e+00,1.863638639450073242e+00,1.859655261039733887e+00,1.856253266334533691e+00,1.853427171707153320e+00,1.851172685623168945e+00,1.849486589431762695e+00,1.848365902900695801e+00,1.847809195518493652e+00,1.847815513610839844e+00,1.848384618759155273e+00,1.849517703056335449e+00,1.851216316223144531e+00,1.853483438491821289e+00,1.856322169303894043e+00,1.859737038612365723e+00,1.863733172416687012e+00,1.868316769599914551e+00,1.873494982719421387e+00,1.879276037216186523e+00,1.885669469833374023e+00,1.892684578895568848e+00,1.900333285331726074e+00,1.908627748489379883e+00,1.917581796646118164e+00,1.927209615707397461e+00,1.937528133392333984e+00,1.948554396629333496e+00,1.960307478904724121e+00,1.972808003425598145e+00,1.986077666282653809e+00,2.000139951705932617e+00,2.015021562576293945e+00,2.030749082565307617e+00,2.047353267669677734e+00,2.064864397048950195e+00,2.083318471908569336e+00,2.102751493453979492e+00,2.123203516006469727e+00,2.115304946899414062e+00,2.058379411697387695e+00,2.001144886016845703e+00,1.947433829307556152e+00,1.897455096244812012e+00,1.850010752677917480e+00,1.805989742279052734e+00,1.764025807380676270e+00,1.724648237228393555e+00,1.687510967254638672e+00,1.652190923690795898e+00,1.618913769721984863e+00,1.587458133697509766e+00,1.557490587234497070e+00,1.529173016548156738e+00,1.502292275428771973e+00,1.477192521095275879e+00,1.453353404998779297e+00,1.430700182914733887e+00,1.409164786338806152e+00,1.388684988021850586e+00,1.369203090667724609e+00,1.350665569305419922e+00,1.333024740219116211e+00,1.316233992576599121e+00,1.300252199172973633e+00,1.285040378570556641e+00,1.270563244819641113e+00,1.256787061691284180e+00,1.243681550025939941e+00,1.231217265129089355e+00,1.219368219375610352e+00,1.208109498023986816e+00,1.197418212890625000e+00,1.187273144721984863e+00,1.177654266357421875e+00,1.168542742729187012e+00,1.159922003746032715e+00,1.151775836944580078e+00,1.144089221954345703e+00,1.136848568916320801e+00,1.130041003227233887e+00,1.123654842376708984e+00,1.117678880691528320e+00,1.112103223800659180e+00,1.106918096542358398e+00,1.102115750312805176e+00,1.097687482833862305e+00,1.093626737594604492e+00,1.089926362037658691e+00,1.086580991744995117e+00,1.083585143089294434e+00,1.080934047698974609e+00,1.078623652458190918e+00,1.076650619506835938e+00,1.075011372566223145e+00,1.073703765869140625e+00,1.072725653648376465e+00,1.072075724601745605e+00,1.071752786636352539e+00,esquerda
5.969435691833496094e+00,5.971274852752685547e+00,5.974935054779052734e+00,5.980422973632812500e+00,5.987747192382812500e+00,5.996917247772216797e+00,6.007948875427246094e+00,6.020858287811279297e+00,6.035666942596435547e+00,6.052395343780517578e+00,6.071072101593017578e+00,6.091725826263427734e+00,6.114388465881347656e+00,6.139098644256591797e+00,6.165894031524658203e+00,6.194819927215576172e+00,6.223978996276855469e+00,6.154587268829345703e+00,5.833110332489013672e+00,5.544043064117431641e+00,5.283906936645507812e+00,5.048806667327880859e+00,4.833890914916992188e+00,4.637592792510986328e+00,4.459777832031250000e+00,4.295755386352539062e+00,4.144123554229736328e+00,4.003129482269287109e+00,3.874098539352416992e+00,3.753760099411010742e+00,3.640872955322265625e+00,3.536634683609008789e+00,3.438620805740356445e+00,3.346650838851928711e+00,3.261084079742431641e+00,3.179866790771484375e+00,3.104521274566650391e+00,3.032709121704101562e+00,2.965335369110107422e+00,2.901808977127075195e+00,2.841403484344482422e+00,2.784506559371948242e+00,2.730738878250122070e+00,2.679531335830688477e+00,2.631159782409667969e+00,2.585071086883544922e+00,2.541881084442138672e+00,2.500859737396240234e+00,2.461879014968872070e+00,2.424821853637695312e+00,2.389580965042114258e+00,2.356057643890380859e+00,2.324159622192382812e+00,2.293803453445434570e+00,2.264911413192749023e+00,2.237410306930541992e+00,2.211234569549560547e+00,2.186322927474975586e+00,2.162618160247802734e+00,2.140065908432006836e+00,2.118618488311767578e+00,2.098228931427001953e+00,2.078855514526367188e+00,2.060458898544311523e+00,2.043001890182495117e+00,2.026449680328369141e+00,2.010771512985229492e+00,1.995937347412109375e+00,1.981919765472412109e+00,1.968692779541015625e+00,1.956233501434326172e+00,1.944519519805908203e+00,1.933530449867248535e+00,1.923247218132019043e+00,1.913653016090393066e+00,1.904731035232543945e+00,1.896466732025146484e+00,1.888847231864929199e+00,1.881859540939331055e+00,1.875492095947265625e+00,1.869735360145568848e+00,1.864580512046813965e+00,1.860018610954284668e+00,1.856043100357055664e+00,1.852647781372070312e+00,1.849827170372009277e+00,1.847576975822448730e+00,1.845894098281860352e+00,1.844775676727294922e+00,1.844219923019409180e+00,1.844226121902465820e+00,1.844794154167175293e+00,1.845925092697143555e+00,1.847620248794555664e+00,1.849882960319519043e+00,1.852716207504272461e+00,1.856124401092529297e+00,1.860112786293029785e+00,1.864687561988830566e+00,1.869855761528015137e+00,1.875625491142272949e+00,1.882006525993347168e+00,1.889008164405822754e+00,1.896641850471496582e+00,1.904920220375061035e+00,1.913856863975524902e+00,1.923466086387634277e+00,1.933764457702636719e+00,1.944769382476806641e+00,1.956499695777893066e+00,1.968975901603698730e+00,1.982219815254211426e+00,1.996254920959472656e+00,2.011107444763183594e+00,2.026804447174072266e+00,2.043376207351684570e+00,2.060853481292724609e+00,2.079271554946899414e+00,2.098666906356811523e+00,2.119079351425170898e+00,2.114770650863647461e+00,2.058382034301757812e+00,2.001147270202636719e+00,1.947435736656188965e+00,1.897457122802734375e+00,1.850012660026550293e+00,1.805991411209106445e+00,1.764027118682861328e+00,1.724649548530578613e+00,1.687512397766113281e+00,1.652192234992980957e+00,1.618914842605590820e+00,1.587458968162536621e+00,1.557491660118103027e+00,1.529173612594604492e+00,1.502289772033691406e+00,1.477190136909484863e+00,1.453351020812988281e+00,1.430697798728942871e+00,1.409162640571594238e+00,1.388682842254638672e+00,1.369200944900512695e+00,1.350663423538208008e+00,1.333022713661193848e+00,1.316232085227966309e+00,1.300250172615051270e+00,1.285038232803344727e+00,1.270561456680297852e+00,1.256785273551940918e+00,1.243679404258728027e+00,1.231215357780456543e+00,1.219366312026977539e+00,1.208107471466064453e+00,1.197416424751281738e+00,1.187271356582641602e+00,1.177652239799499512e+00,1.168541073799133301e+00,1.159920215606689453e+00,1.151774048805236816e+00,1.144087433815002441e+00,1.136846661567687988e+00,1.130039215087890625e+00,1.123652935028076172e+00,1.117677211761474609e+00,1.112101435661315918e+00,1.106916427612304688e+00,1.102114081382751465e+00,1.097685694694519043e+00,1.093625068664550781e+00,1.089924573898315430e+00,1.086579203605651855e+00,1.083583354949951172e+00,1.080932259559631348e+00,1.078621983528137207e+00,1.076648831367492676e+00,1.075009584426879883e+00,1.073701977729797363e+00,1.072723865509033203e+00,1.072073936462402344e+00,1.071750998497009277e+00,esquerda
5.969436645507812500e+00,5.971275329589843750e+00,5.974935531616210938e+00,5.980423927307128906e+00,5.987747669219970703e+00,5.996917724609375000e+00,6.007949352264404297e+00,6.020858764648437500e+00,6.035667419433593750e+00,6.052395820617675781e+00,6.071072578430175781e+00,6.091726303100585938e+00,6.114388942718505859e+00,6.139099121093750000e+00,6.165894508361816406e+00,6.194820404052734375e+00,6.223594665527343750e+00,6.142282485961914062e+00,5.821467876434326172e+00,5.532994270324707031e+00,5.273391723632812500e+00,5.038771629333496094e+00,4.824294567108154297e+00,4.628395080566406250e+00,4.450941085815429688e+00,4.287251949310302734e+00,4.135926246643066406e+00,3.995217323303222656e+00,3.866446733474731445e+00,3.746350288391113281e+00,3.633689165115356445e+00,3.529659986495971680e+00,3.431842327117919922e+00,3.340056419372558594e+00,3.254660606384277344e+00,3.173605203628540039e+00,3.098410606384277344e+00,3.026741027832031250e+00,2.959501028060913086e+00,2.896101713180541992e+00,2.835816144943237305e+00,2.779031753540039062e+00,2.725370883941650391e+00,2.674265384674072266e+00,2.625989675521850586e+00,2.580036640167236328e+00,2.536930561065673828e+00,2.495989322662353516e+00,2.457084417343139648e+00,2.420099735260009766e+00,2.384927511215209961e+00,2.351469278335571289e+00,2.319633722305297852e+00,2.289336681365966797e+00,2.260500431060791016e+00,2.233053445816040039e+00,2.206928491592407227e+00,2.182065486907958984e+00,2.158406972885131836e+00,2.135898828506469727e+00,2.114493131637573242e+00,2.094143152236938477e+00,2.074807643890380859e+00,2.056446552276611328e+00,2.039023637771606445e+00,2.022503852844238281e+00,2.006856203079223633e+00,1.992050886154174805e+00,1.978060722351074219e+00,1.964859366416931152e+00,1.952424407005310059e+00,1.940733551979064941e+00,1.929765820503234863e+00,1.919502496719360352e+00,1.909927010536193848e+00,1.901022315025329590e+00,1.892774224281311035e+00,1.885169506072998047e+00,1.878195405006408691e+00,1.871840476989746094e+00,1.866095185279846191e+00,1.860950112342834473e+00,1.856397271156311035e+00,1.852429509162902832e+00,1.849040627479553223e+00,1.846225500106811523e+00,1.843979716300964355e+00,1.842300295829772949e+00,1.841183900833129883e+00,1.840629339218139648e+00,1.840635538101196289e+00,1.841202497482299805e+00,1.842331290245056152e+00,1.844023108482360840e+00,1.846281528472900391e+00,1.849109292030334473e+00,1.852510809898376465e+00,1.856491446495056152e+00,1.861057400703430176e+00,1.866215586662292480e+00,1.871973991394042969e+00,1.878342628479003906e+00,1.885330796241760254e+00,1.892949581146240234e+00,1.901211977005004883e+00,1.910130977630615234e+00,1.919721841812133789e+00,1.930000066757202148e+00,1.940983653068542480e+00,1.952690958976745605e+00,1.965142965316772461e+00,1.978361129760742188e+00,1.992368936538696289e+00,2.007192611694335938e+00,2.022859096527099609e+00,2.039398670196533203e+00,2.056841850280761719e+00,2.075224399566650391e+00,2.094581842422485352e+00,2.114954471588134766e+00,2.114135742187500000e+00,2.058274745941162109e+00,2.001045227050781250e+00,1.947338700294494629e+00,1.897364258766174316e+00,1.849923968315124512e+00,1.805906414985656738e+00,1.763945817947387695e+00,1.724571466445922852e+00,1.687437176704406738e+00,1.652119755744934082e+00,1.618845343589782715e+00,1.587391853332519531e+00,1.557426691055297852e+00,1.529111027717590332e+00,1.502289295196533203e+00,1.477189540863037109e+00,1.453350543975830078e+00,1.430697321891784668e+00,1.409161925315856934e+00,1.388682246208190918e+00,1.369200468063354492e+00,1.350662946701049805e+00,1.333022117614746094e+00,1.316231250762939453e+00,1.300249576568603516e+00,1.285037517547607422e+00,1.270560741424560547e+00,1.256784558296203613e+00,1.243678689002990723e+00,1.231214642524719238e+00,1.219365715980529785e+00,1.208106875419616699e+00,1.197415828704833984e+00,1.187270641326904297e+00,1.177651524543762207e+00,1.168540477752685547e+00,1.159919619560241699e+00,1.151773333549499512e+00,1.144086718559265137e+00,1.136845946311950684e+00,1.130038619041442871e+00,1.123652338981628418e+00,1.117676496505737305e+00,1.112100601196289062e+00,1.106915831565856934e+00,1.102113246917724609e+00,1.097684979438781738e+00,1.093624234199523926e+00,1.089923739433288574e+00,1.086578369140625000e+00,1.083582520484924316e+00,1.080931425094604492e+00,1.078621149063110352e+00,1.076647996902465820e+00,1.075008749961853027e+00,1.073701143264770508e+00,1.072723031044006348e+00,1.072073101997375488e+00,1.071750164031982422e+00,esquerda
5.969437122344970703e+00,5.971275806427001953e+00,5.974936008453369141e+00,5.980424404144287109e+00,5.987748146057128906e+00,5.996918678283691406e+00,6.007949829101562500e+00,6.020859718322753906e+00,6.035667896270751953e+00,6.052396297454833984e+00,6.071073532104492188e+00,6.091726779937744141e+00,6.114389419555664062e+00,6.139100074768066406e+00,6.165894985198974609e+00,6.194821357727050781e+00,6.223210334777832031e+00,6.129996299743652344e+00,5.809841632843017578e+00,5.521960258483886719e+00,5.262888431549072266e+00,5.028746604919433594e+00,4.814705371856689453e+00,4.619204521179199219e+00,4.442110538482666016e+00,4.278752326965332031e+00,4.127733230590820312e+00,3.987307786941528320e+00,3.858796596527099609e+00,3.738940954208374023e+00,3.626506567001342773e+00,3.522686004638671875e+00,3.425064563751220703e+00,3.333462476730346680e+00,3.248238086700439453e+00,3.167344570159912109e+00,3.092300176620483398e+00,3.020774126052856445e+00,2.953668355941772461e+00,2.890395164489746094e+00,2.830229520797729492e+00,2.773557901382446289e+00,2.720004081726074219e+00,2.668999910354614258e+00,2.620819807052612305e+00,2.575005769729614258e+00,2.531984090805053711e+00,2.491122245788574219e+00,2.452293634414672852e+00,2.415380716323852539e+00,2.380277395248413086e+00,2.346884250640869141e+00,2.315110683441162109e+00,2.284872770309448242e+00,2.256093025207519531e+00,2.228699207305908203e+00,2.202625274658203125e+00,2.177810907363891602e+00,2.154198408126831055e+00,2.131734132766723633e+00,2.110370159149169922e+00,2.090060234069824219e+00,2.070762157440185547e+00,2.052436828613281250e+00,2.035047769546508789e+00,2.018560171127319336e+00,2.002943277359008789e+00,1.988166809082031250e+00,1.974203586578369141e+00,1.961028337478637695e+00,1.948617696762084961e+00,1.936949133872985840e+00,1.926003098487854004e+00,1.915759921073913574e+00,1.906202793121337891e+00,1.897315740585327148e+00,1.889083862304687500e+00,1.881493806838989258e+00,1.874533176422119141e+00,1.868190765380859375e+00,1.862456560134887695e+00,1.857321500778198242e+00,1.852777600288391113e+00,1.848817467689514160e+00,1.845435261726379395e+00,1.842625737190246582e+00,1.840384364128112793e+00,1.838708043098449707e+00,1.837594032287597656e+00,1.837040543556213379e+00,1.837046623229980469e+00,1.837612390518188477e+00,1.838739037513732910e+00,1.840427756309509277e+00,1.842681527137756348e+00,1.845503807067871094e+00,1.848898768424987793e+00,1.852871656417846680e+00,1.857428669929504395e+00,1.862576842308044434e+00,1.868324041366577148e+00,1.874680280685424805e+00,1.881654620170593262e+00,1.889258742332458496e+00,1.897504806518554688e+00,1.906406760215759277e+00,1.915978670120239258e+00,1.926236867904663086e+00,1.937199115753173828e+00,1.948883533477783203e+00,1.961311101913452148e+00,1.974503755569458008e+00,1.988484144210815430e+00,2.003278732299804688e+00,2.018914937973022461e+00,2.035422086715698242e+00,2.052831411361694336e+00,2.071177959442138672e+00,2.090497732162475586e+00,2.110830545425415039e+00,2.113698005676269531e+00,2.058383464813232422e+00,2.001148223876953125e+00,1.947436690330505371e+00,1.897457838058471680e+00,1.850013136863708496e+00,1.805991768836975098e+00,1.764027476310729980e+00,1.724649667739868164e+00,1.687512159347534180e+00,1.652191877365112305e+00,1.618914484977722168e+00,1.587458610534667969e+00,1.557490944862365723e+00,1.529173135757446289e+00,1.502288460731506348e+00,1.477188587188720703e+00,1.453349709510803223e+00,1.430696368217468262e+00,1.409160971641540527e+00,1.388681292533874512e+00,1.369199514389038086e+00,1.350662112236022949e+00,1.333021163940429688e+00,1.316230535507202148e+00,1.300248742103576660e+00,1.285036802291870117e+00,1.270559906959533691e+00,1.256783723831176758e+00,1.243678092956542969e+00,1.231213808059692383e+00,1.219364762306213379e+00,1.208106040954589844e+00,1.197414875030517578e+00,1.187269687652587891e+00,1.177650809288024902e+00,1.168539643287658691e+00,1.159918785095214844e+00,1.151772618293762207e+00,1.144086003303527832e+00,1.136845111846923828e+00,1.130037784576416016e+00,1.123651504516601562e+00,1.117675781250000000e+00,1.112099885940551758e+00,1.106915116310119629e+00,1.102112650871276855e+00,1.097684264183044434e+00,1.093623518943786621e+00,1.089923143386840820e+00,1.086577773094177246e+00,1.083581924438476562e+00,1.080930829048156738e+00,1.078620553016662598e+00,1.076647400856018066e+00,1.075008153915405273e+00,1.073700428009033203e+00,1.072722434997558594e+00,1.072072505950927734e+00,1.071749448776245117e+00,esquerda
5.969438076019287109e+00,5.971277236938476562e+00,5.974937438964843750e+00,5.980425357818603516e+00,5.987749099731445312e+00,5.996919631958007812e+00,6.007951259613037109e+00,6.020860671997070312e+00,6.035668849945068359e+00,6.052397727966308594e+00,6.071074485778808594e+00,6.091727733612060547e+00,6.114390373229980469e+00,6.139101028442382812e+00,6.165896415710449219e+00,6.194822311401367188e+00,6.222826957702636719e+00,6.117711544036865234e+00,5.798216342926025391e+00,5.510925769805908203e+00,5.252384662628173828e+00,5.018722057342529297e+00,4.805117607116699219e+00,4.610014438629150391e+00,4.433279991149902344e+00,4.270253181457519531e+00,4.119539737701416016e+00,3.979398250579833984e+00,3.851145982742309570e+00,3.731532812118530273e+00,3.619325160980224609e+00,3.515713453292846680e+00,3.418288230895996094e+00,3.326870203018188477e+00,3.241816043853759766e+00,3.161084890365600586e+00,3.086190938949584961e+00,3.014807701110839844e+00,2.947836160659790039e+00,2.884689092636108398e+00,2.824643373489379883e+00,2.768085479736328125e+00,2.714637994766235352e+00,2.663735151290893555e+00,2.615650653839111328e+00,2.569974422454833984e+00,2.527036428451538086e+00,2.486254930496215820e+00,2.447501659393310547e+00,2.410661220550537109e+00,2.375626087188720703e+00,2.342298507690429688e+00,2.310587167739868164e+00,2.280408143997192383e+00,2.251684665679931641e+00,2.224344253540039062e+00,2.198321342468261719e+00,2.173555374145507812e+00,2.149988889694213867e+00,2.127568721771240234e+00,2.106246471405029297e+00,2.085976123809814453e+00,2.066715717315673828e+00,2.048426389694213867e+00,2.031071424484252930e+00,2.014616012573242188e+00,1.999029397964477539e+00,1.984281778335571289e+00,1.970346212387084961e+00,1.957196354866027832e+00,1.944810032844543457e+00,1.933164358139038086e+00,1.922239542007446289e+00,1.912016510963439941e+00,1.902478098869323730e+00,1.893608331680297852e+00,1.885392546653747559e+00,1.877817273139953613e+00,1.870870351791381836e+00,1.864540338516235352e+00,1.858817219734191895e+00,1.853692293167114258e+00,1.849157094955444336e+00,1.845204949378967285e+00,1.841829299926757812e+00,1.839025139808654785e+00,1.836788296699523926e+00,1.835115075111389160e+00,1.834003329277038574e+00,1.833451032638549805e+00,1.833457112312316895e+00,1.834021806716918945e+00,1.835146188735961914e+00,1.836831450462341309e+00,1.839080929756164551e+00,1.841897726058959961e+00,1.845286130905151367e+00,1.849251151084899902e+00,1.853799104690551758e+00,1.858937263488769531e+00,1.864673376083374023e+00,1.871017098426818848e+00,1.877977848052978516e+00,1.885567069053649902e+00,1.893797039985656738e+00,1.902681589126586914e+00,1.912234663963317871e+00,1.922473192214965820e+00,1.933413743972778320e+00,1.945075392723083496e+00,1.957478642463684082e+00,1.970645308494567871e+00,1.984598636627197266e+00,1.999364256858825684e+00,2.014969825744628906e+00,2.031445026397705078e+00,2.048820257186889648e+00,2.067130804061889648e+00,2.086412906646728516e+00,2.106705904006958008e+00,2.113161087036132812e+00,2.058383703231811523e+00,2.001148700714111328e+00,1.947437167167663574e+00,1.897458076477050781e+00,1.850013375282287598e+00,1.805992245674133301e+00,1.764027714729309082e+00,1.724650025367736816e+00,1.687512636184692383e+00,1.652192354202270508e+00,1.618914961814880371e+00,1.587458968162536621e+00,1.557491421699523926e+00,1.529173493385314941e+00,1.502287149429321289e+00,1.477187275886535645e+00,1.453348398208618164e+00,1.430695176124572754e+00,1.409159779548645020e+00,1.388680219650268555e+00,1.369198441505432129e+00,1.350661039352416992e+00,1.333020210266113281e+00,1.316229462623596191e+00,1.300247669219970703e+00,1.285035848617553711e+00,1.270558834075927734e+00,1.256782770156860352e+00,1.243677139282226562e+00,1.231213092803955078e+00,1.219363927841186523e+00,1.208105206489562988e+00,1.197414159774780273e+00,1.187269091606140137e+00,1.177650094032287598e+00,1.168538808822631836e+00,1.159918069839477539e+00,1.151771783828735352e+00,1.144085168838500977e+00,1.136844515800476074e+00,1.130037188529968262e+00,1.123650789260864258e+00,1.117675185203552246e+00,1.112099289894104004e+00,1.106914401054382324e+00,1.102111816406250000e+00,1.097683668136596680e+00,1.093622922897338867e+00,1.089922547340393066e+00,1.086577177047729492e+00,1.083581328392028809e+00,1.080930233001708984e+00,1.078619956970214844e+00,1.076646804809570312e+00,1.075007557868957520e+00,1.073699951171875000e+00,1.072721838951110840e+00,1.072071909904479980e+00,1.071749091148376465e+00,esquerda
5.969438552856445312e+00,5.971277713775634766e+00,5.974937915802001953e+00,5.980425834655761719e+00,5.987750053405761719e+00,5.996920108795166016e+00,6.007951736450195312e+00,6.020861148834228516e+00,6.035669326782226562e+00,6.052398204803466797e+00,6.071074962615966797e+00,6.091728687286376953e+00,6.114391326904296875e+00,6.139101505279541016e+00,6.165896892547607422e+00,6.194822788238525391e+00,6.222484111785888672e+00,6.106746673583984375e+00,5.787769794464111328e+00,5.500950336456298828e+00,5.242836475372314453e+00,5.009563446044921875e+00,4.796317577362060547e+00,4.601544857025146484e+00,4.425111293792724609e+00,4.262362480163574219e+00,4.111907958984375000e+00,3.972007989883422852e+00,3.843978166580200195e+00,3.724572658538818359e+00,3.612560272216796875e+00,3.509130001068115234e+00,3.411875724792480469e+00,3.320618629455566406e+00,3.235714673995971680e+00,3.155125856399536133e+00,3.080363988876342773e+00,3.009107589721679688e+00,2.942255020141601562e+00,2.879220485687255859e+00,2.819281816482543945e+00,2.762824773788452148e+00,2.709472656250000000e+00,2.658660411834716797e+00,2.610662221908569336e+00,2.564939498901367188e+00,2.522086143493652344e+00,2.481384277343750000e+00,2.442707061767578125e+00,2.405938625335693359e+00,2.370972394943237305e+00,2.337709903717041016e+00,2.306060552597045898e+00,2.275940895080566406e+00,2.247273683547973633e+00,2.219986915588378906e+00,2.194015026092529297e+00,2.169297456741333008e+00,2.145777225494384766e+00,2.123400688171386719e+00,2.102120399475097656e+00,2.081889629364013672e+00,2.062667131423950195e+00,2.044413566589355469e+00,2.027092695236206055e+00,2.010669469833374023e+00,1.995113492012023926e+00,1.980394601821899414e+00,1.966486454010009766e+00,1.953362345695495605e+00,1.941000223159790039e+00,1.929377555847167969e+00,1.918474078178405762e+00,1.908270835876464844e+00,1.898751258850097656e+00,1.889898777008056641e+00,1.881699085235595703e+00,1.874138832092285156e+00,1.867205500602722168e+00,1.860887765884399414e+00,1.855175852775573730e+00,1.850061058998107910e+00,1.845534801483154297e+00,1.841590285301208496e+00,1.838221311569213867e+00,1.835422635078430176e+00,1.833190083503723145e+00,1.831520318984985352e+00,1.830410480499267578e+00,1.829859375953674316e+00,1.829865455627441406e+00,1.830429077148437500e+00,1.831551194190979004e+00,1.833233237266540527e+00,1.835478425025939941e+00,1.838289618492126465e+00,1.841671347618103027e+00,1.845628619194030762e+00,1.850167632102966309e+00,1.855295658111572266e+00,1.861020565032958984e+00,1.867351889610290527e+00,1.874299049377441406e+00,1.881873488426208496e+00,1.890087366104125977e+00,1.898954272270202637e+00,1.908488869667053223e+00,1.918707013130187988e+00,1.929626226425170898e+00,1.941265225410461426e+00,1.953644156455993652e+00,1.966785073280334473e+00,1.980710864067077637e+00,1.995447635650634766e+00,2.011022806167602539e+00,2.027465343475341797e+00,2.044806718826293945e+00,2.063081502914428711e+00,2.082325935363769531e+00,2.102579116821289062e+00,2.112537145614624023e+00,2.058288812637329102e+00,2.001058340072631836e+00,1.947351336479187012e+00,1.897376179695129395e+00,1.849935173988342285e+00,1.805916905403137207e+00,1.763955712318420410e+00,1.724581003189086914e+00,1.687446236610412598e+00,1.652128577232360840e+00,1.618853449821472168e+00,1.587399721145629883e+00,1.557434439659118652e+00,1.529118180274963379e+00,1.502286434173583984e+00,1.477186799049377441e+00,1.453347802162170410e+00,1.430694460868835449e+00,1.409159183502197266e+00,1.388679623603820801e+00,1.369197845458984375e+00,1.350660443305969238e+00,1.333019375801086426e+00,1.316228866577148438e+00,1.300247073173522949e+00,1.285035252571105957e+00,1.270558118820190430e+00,1.256782174110412598e+00,1.243676424026489258e+00,1.231212258338928223e+00,1.219363093376159668e+00,1.208104372024536133e+00,1.197413325309753418e+00,1.187268257141113281e+00,1.177649259567260742e+00,1.168537974357604980e+00,1.159917235374450684e+00,1.151771068572998047e+00,1.144084453582763672e+00,1.136843800544738770e+00,1.130036354064941406e+00,1.123650074005126953e+00,1.117674350738525391e+00,1.112098455429077148e+00,1.106913566589355469e+00,1.102111101150512695e+00,1.097682833671569824e+00,1.093622088432312012e+00,1.089921832084655762e+00,1.086576342582702637e+00,1.083580613136291504e+00,1.080929398536682129e+00,1.078619122505187988e+00,1.076645970344543457e+00,1.075006723403930664e+00,1.073699116706848145e+00,1.072721004486083984e+00,1.072071075439453125e+00,1.071748137474060059e+00,esquerda
5.969439029693603516e+00,5.971278190612792969e+00,5.974938392639160156e+00,5.980426311492919922e+00,5.987750530242919922e+00,5.996920585632324219e+00,6.007952213287353516e+00,6.020861625671386719e+00,6.035670280456542969e+00,6.052398681640625000e+00,6.071075439453125000e+00,6.091729164123535156e+00,6.114391803741455078e+00,6.139101982116699219e+00,6.165897369384765625e+00,6.194823265075683594e+00,6.222099781036376953e+00,6.094430446624755859e+00,5.776114940643310547e+00,5.489888668060302734e+00,5.232307434082031250e+00,4.999514102935791016e+00,4.786706447601318359e+00,4.592331886291503906e+00,4.416258335113525391e+00,4.253842353820800781e+00,4.103694438934326172e+00,3.964079856872558594e+00,3.836310148239135742e+00,3.717147111892700195e+00,3.605362176895141602e+00,3.502141475677490234e+00,3.405084848403930664e+00,3.314012527465820312e+00,3.229280233383178711e+00,3.148854732513427734e+00,3.074243545532226562e+00,3.003130912780761719e+00,2.936413288116455078e+00,2.873504877090454102e+00,2.813686847686767578e+00,2.757343292236328125e+00,2.704098224639892578e+00,2.653388261795043945e+00,2.605486154556274414e+00,2.559908866882324219e+00,2.517139196395874023e+00,2.476517200469970703e+00,2.437916040420532227e+00,2.401219844818115234e+00,2.366321802139282227e+00,2.333124637603759766e+00,2.301537275314331055e+00,2.271476745605468750e+00,2.242865800857543945e+00,2.215632438659667969e+00,2.189711570739746094e+00,2.165042400360107422e+00,2.141568660736083984e+00,2.119235754013061523e+00,2.097997426986694336e+00,2.077806472778320312e+00,2.058621168136596680e+00,2.040403842926025391e+00,2.023116350173950195e+00,2.006725549697875977e+00,1.991200208663940430e+00,1.976510405540466309e+00,1.962629199028015137e+00,1.949531078338623047e+00,1.937193155288696289e+00,1.925593137741088867e+00,1.914711236953735352e+00,1.904528021812438965e+00,1.895026922225952148e+00,1.886191844940185547e+00,1.878008246421813965e+00,1.870462656021118164e+00,1.863543033599853516e+00,1.857237696647644043e+00,1.851537108421325684e+00,1.846432209014892578e+00,1.841914892196655273e+00,1.837978124618530273e+00,1.834615826606750488e+00,1.831822633743286133e+00,1.829594254493713379e+00,1.827927947044372559e+00,1.826820373535156250e+00,1.826269984245300293e+00,1.826276183128356934e+00,1.826838731765747070e+00,1.827958703041076660e+00,1.829637527465820312e+00,1.831878304481506348e+00,1.834683895111083984e+00,1.838058948516845703e+00,1.842008471488952637e+00,1.846538782119750977e+00,1.851656794548034668e+00,1.857370257377624512e+00,1.863689303398132324e+00,1.870622754096984863e+00,1.878181934356689453e+00,1.886380076408386230e+00,1.895229578018188477e+00,1.904745340347290039e+00,1.914943456649780273e+00,1.925841450691223145e+00,1.937457442283630371e+00,1.949812293052673340e+00,1.962927341461181641e+00,1.976825952529907227e+00,1.991533875465393066e+00,2.007078170776367188e+00,2.023488759994506836e+00,2.040795803070068359e+00,2.059034824371337891e+00,2.078241348266601562e+00,2.098454952239990234e+00,2.112002611160278320e+00,2.058291673660278320e+00,2.001060962677001953e+00,1.947353720664978027e+00,1.897378563880920410e+00,1.849937081336975098e+00,1.805919051170349121e+00,1.763957738876342773e+00,1.724583029747009277e+00,1.687447905540466309e+00,1.652130246162414551e+00,1.618855118751525879e+00,1.587401390075683594e+00,1.557435870170593262e+00,1.529119849205017090e+00,1.502285480499267578e+00,1.477185845375061035e+00,1.453346729278564453e+00,1.430693507194519043e+00,1.409158229827880859e+00,1.388678669929504395e+00,1.369196772575378418e+00,1.350659370422363281e+00,1.333018541336059570e+00,1.316227912902832031e+00,1.300246238708496094e+00,1.285034418106079102e+00,1.270557284355163574e+00,1.256781339645385742e+00,1.243675708770751953e+00,1.231211543083190918e+00,1.219362497329711914e+00,1.208103895187377930e+00,1.197412610054016113e+00,1.187267661094665527e+00,1.177648663520812988e+00,1.168537139892578125e+00,1.159916639328002930e+00,1.151770472526550293e+00,1.144083738327026367e+00,1.136842966079711914e+00,1.130035638809204102e+00,1.123649477958679199e+00,1.117673397064208984e+00,1.112097740173339844e+00,1.106912851333618164e+00,1.102110385894775391e+00,1.097682118415832520e+00,1.093621253967285156e+00,1.089920997619628906e+00,1.086575627326965332e+00,1.083579897880554199e+00,1.080928683280944824e+00,1.078618407249450684e+00,1.076645255088806152e+00,1.075006008148193359e+00,1.073698401451110840e+00,1.072720289230346680e+00,1.072070360183715820e+00,1.071747422218322754e+00,esquerda
5.969439029693603516e+00,5.971278190612792969e+00,5.974938392639160156e+00,5.980426311492919922e+00,5.987750053405761719e+00,5.996920585632324219e+00,6.007951736450195312e+00,6.020861148834228516e+00,6.035669803619384766e+00,6.052398204803466797e+00,6.071074962615966797e+00,6.091728687286376953e+00,6.114391326904296875e+00,6.139101028442382812e+00,6.165896892547607422e+00,6.194823741912841797e+00,6.221715450286865234e+00,6.082146644592285156e+00,5.764490127563476562e+00,5.478855133056640625e+00,5.221804618835449219e+00,4.989489555358886719e+00,4.777118206024169922e+00,4.583141803741455078e+00,4.407428741455078125e+00,4.245343685150146484e+00,4.095501422882080078e+00,3.956170082092285156e+00,3.828660011291503906e+00,3.709738254547119141e+00,3.598180770874023438e+00,3.495169162750244141e+00,3.398307800292968750e+00,3.307419538497924805e+00,3.222858190536499023e+00,3.142594337463378906e+00,3.068134069442749023e+00,2.997164487838745117e+00,2.930580377578735352e+00,2.867798805236816406e+00,2.808100938796997070e+00,2.751869916915893555e+00,2.698731660842895508e+00,2.648123264312744141e+00,2.600317001342773438e+00,2.554875612258911133e+00,2.512190103530883789e+00,2.471647977828979492e+00,2.433122396469116211e+00,2.396498203277587891e+00,2.361669063568115234e+00,2.328537225723266602e+00,2.297012090682983398e+00,2.267010211944580078e+00,2.238455772399902344e+00,2.211275815963745117e+00,2.185405731201171875e+00,2.160785436630249023e+00,2.137357473373413086e+00,2.115068435668945312e+00,2.093871593475341797e+00,2.073720455169677734e+00,2.054573297500610352e+00,2.036391258239746094e+00,2.019138097763061523e+00,2.002779245376586914e+00,1.987284421920776367e+00,1.972623467445373535e+00,1.958769679069519043e+00,1.945697307586669922e+00,1.933383584022521973e+00,1.921806335449218750e+00,1.910945773124694824e+00,1.900782465934753418e+00,1.891300082206726074e+00,1.882482409477233887e+00,1.874315023422241211e+00,1.866784214973449707e+00,1.859878063201904297e+00,1.853585243225097656e+00,1.847895741462707520e+00,1.842800974845886230e+00,1.838292360305786133e+00,1.834363341331481934e+00,1.831007480621337891e+00,1.828219890594482422e+00,1.825996041297912598e+00,1.824332833290100098e+00,1.823227405548095703e+00,1.822678208351135254e+00,1.822684288024902344e+00,1.823245763778686523e+00,1.824363470077514648e+00,1.826038956642150879e+00,1.828275084495544434e+00,1.831075191497802734e+00,1.834443688392639160e+00,1.838385462760925293e+00,1.842906713485717773e+00,1.848014712333679199e+00,1.853716969490051270e+00,1.860023498535156250e+00,1.866943478584289551e+00,1.874487757682800293e+00,1.882669448852539062e+00,1.891501784324645996e+00,1.900998830795288086e+00,1.911176919937133789e+00,1.922053217887878418e+00,1.933646440505981445e+00,1.945976972579956055e+00,1.959066271781921387e+00,1.972937345504760742e+00,1.987616419792175293e+00,2.003130197525024414e+00,2.019508361816406250e+00,2.036781549453735352e+00,2.054984569549560547e+00,2.074153184890747070e+00,2.094326972961425781e+00,2.111541271209716797e+00,2.058374881744384766e+00,2.001140117645263672e+00,1.947428941726684570e+00,1.897450447082519531e+00,1.850006103515625000e+00,1.805984973907470703e+00,1.764021039009094238e+00,1.724643349647521973e+00,1.687506198883056641e+00,1.652186274528503418e+00,1.618909120559692383e+00,1.587453126907348633e+00,1.557486057281494141e+00,1.529168009757995605e+00,1.502285480499267578e+00,1.477185845375061035e+00,1.453346967697143555e+00,1.430693507194519043e+00,1.409158349037170410e+00,1.388678669929504395e+00,1.369197130203247070e+00,1.350659728050231934e+00,1.333018779754638672e+00,1.316228032112121582e+00,1.300246357917785645e+00,1.285034537315368652e+00,1.270557641983032227e+00,1.256781458854675293e+00,1.243675827980041504e+00,1.231211662292480469e+00,1.219362616539001465e+00,1.208104014396667480e+00,1.197412848472595215e+00,1.187267899513244629e+00,1.177648782730102539e+00,1.168537616729736328e+00,1.159916877746582031e+00,1.151770710945129395e+00,1.144084095954895020e+00,1.136843323707580566e+00,1.130036115646362305e+00,1.123649716377258301e+00,1.117673873901367188e+00,1.112098097801208496e+00,1.106913328170776367e+00,1.102110743522644043e+00,1.097682476043701172e+00,1.093621730804443359e+00,1.089921474456787109e+00,1.086575984954833984e+00,1.083580255508422852e+00,1.080929160118103027e+00,1.078618884086608887e+00,1.076645731925964355e+00,1.075006484985351562e+00,1.073698878288269043e+00,1.072720766067504883e+00,1.072070837020874023e+00,1.071747899055480957e+00,esquerda
5.969440460205078125e+00,5.971279621124267578e+00,5.974939823150634766e+00,5.980428218841552734e+00,5.987751960754394531e+00,5.996922016143798828e+00,6.007953643798828125e+00,6.020863056182861328e+00,6.035671710968017578e+00,6.052400112152099609e+00,6.071077346801757812e+00,6.091730594635009766e+00,6.114393234252929688e+00,6.139103412628173828e+00,6.165899276733398438e+00,6.194824695587158203e+00,6.221346378326416016e+00,6.070304870605468750e+00,5.753226757049560547e+00,5.468115329742431641e+00,5.211538314819335938e+00,4.979654312133789062e+00,4.767678260803222656e+00,4.574064731597900391e+00,4.398681163787841797e+00,4.236901760101318359e+00,4.087342739105224609e+00,3.948275804519653320e+00,3.821011304855346680e+00,3.702331781387329102e+00,3.590999841690063477e+00,3.488196611404418945e+00,3.391532182693481445e+00,3.300827503204345703e+00,3.216436862945556641e+00,3.136335372924804688e+00,3.062025070190429688e+00,2.991198539733886719e+00,2.924748659133911133e+00,2.862093448638916016e+00,2.802515506744384766e+00,2.746397256851196289e+00,2.693365812301635742e+00,2.642858743667602539e+00,2.595148324966430664e+00,2.549844980239868164e+00,2.507243394851684570e+00,2.466780900955200195e+00,2.428331613540649414e+00,2.391779422760009766e+00,2.357018947601318359e+00,2.323952198028564453e+00,2.292489051818847656e+00,2.262546539306640625e+00,2.234048128128051758e+00,2.206921815872192383e+00,2.181102752685546875e+00,2.156530618667602539e+00,2.133148670196533203e+00,2.110903978347778320e+00,2.089748859405517578e+00,2.069637298583984375e+00,2.050527811050415039e+00,2.032381534576416016e+00,2.015162467956542969e+00,1.998835921287536621e+00,1.983371257781982422e+00,1.968739390373229980e+00,1.954912543296813965e+00,1.941866040229797363e+00,1.929576635360717773e+00,1.918022036552429199e+00,1.907183051109313965e+00,1.897039771080017090e+00,1.887576103210449219e+00,1.878775835037231445e+00,1.870624423027038574e+00,1.863108277320861816e+00,1.856215953826904297e+00,1.849935412406921387e+00,1.844257235527038574e+00,1.839172363281250000e+00,1.834672808647155762e+00,1.830751419067382812e+00,1.827402234077453613e+00,1.824620127677917480e+00,1.822400569915771484e+00,1.820740580558776855e+00,1.819637298583984375e+00,1.819089293479919434e+00,1.819095373153686523e+00,1.819655776023864746e+00,1.820771336555480957e+00,1.822443366050720215e+00,1.824675202369689941e+00,1.827469944953918457e+00,1.830831646919250488e+00,1.834765672683715820e+00,1.839278101921081543e+00,1.844375848770141602e+00,1.850066900253295898e+00,1.856361150741577148e+00,1.863267183303833008e+00,1.870796918869018555e+00,1.878962516784667969e+00,1.887777447700500488e+00,1.897255659103393555e+00,1.907413840293884277e+00,1.918268799781799316e+00,1.929839015007019043e+00,1.942145228385925293e+00,1.955208778381347656e+00,1.969052553176879883e+00,1.983702778816223145e+00,1.999185919761657715e+00,2.015532016754150391e+00,2.032770872116088867e+00,2.050938129425048828e+00,2.070069313049316406e+00,2.090203285217285156e+00,2.110929727554321289e+00,2.058293104171752930e+00,2.001062631607055664e+00,1.947355270385742188e+00,1.897379994392395020e+00,1.849938750267028809e+00,1.805920481681823730e+00,1.763959050178527832e+00,1.724584221839904785e+00,1.687449336051940918e+00,1.652131557464599609e+00,1.618856430053710938e+00,1.587402582168579102e+00,1.557436823844909668e+00,1.529120802879333496e+00,1.502283096313476562e+00,1.477183461189270020e+00,1.453344464302062988e+00,1.430691361427307129e+00,1.409156203269958496e+00,1.388676524162292480e+00,1.369194865226745605e+00,1.350657463073730469e+00,1.333016633987426758e+00,1.316226005554199219e+00,1.300244331359863281e+00,1.285032510757446289e+00,1.270555615425109863e+00,1.256779551506042480e+00,1.243673920631408691e+00,1.231209754943847656e+00,1.219360709190368652e+00,1.208102107048034668e+00,1.197411060333251953e+00,1.187265992164611816e+00,1.177646994590759277e+00,1.168535590171813965e+00,1.159915089607238770e+00,1.151768922805786133e+00,1.144082307815551758e+00,1.136841654777526855e+00,1.130034089088439941e+00,1.123648047447204590e+00,1.117672085762023926e+00,1.112096548080444336e+00,1.106911540031433105e+00,1.102109193801879883e+00,1.097680687904357910e+00,1.093620061874389648e+00,1.089919805526733398e+00,1.086574316024780273e+00,1.083578586578369141e+00,1.080927491188049316e+00,1.078617095947265625e+00,1.076644062995910645e+00,1.075004816055297852e+00,1.073697209358215332e+00,1.072719097137451172e+00,1.072069168090820312e+00,1.071746230125427246e+00,esquerda
5.969441413879394531e+00,5.971280097961425781e+00,5.974940299987792969e+00,5.980428695678710938e+00,5.987752437591552734e+00,5.996922492980957031e+00,6.007954120635986328e+00,6.020864009857177734e+00,6.035672187805175781e+00,6.052401065826416016e+00,6.071077823638916016e+00,6.091731071472167969e+00,6.114393711090087891e+00,6.139103889465332031e+00,6.165899753570556641e+00,6.194825649261474609e+00,6.220989227294921875e+00,6.058875083923339844e+00,5.742400646209716797e+00,5.457831859588623047e+00,5.201741695404052734e+00,4.970297336578369141e+00,4.758723258972167969e+00,4.565475463867187500e+00,4.390423774719238281e+00,4.228950023651123047e+00,4.079673290252685547e+00,3.940868854522705078e+00,3.813841342926025391e+00,3.695369482040405273e+00,3.584233522415161133e+00,3.481611728668212891e+00,3.385118484497070312e+00,3.294574260711669922e+00,3.210334062576293945e+00,3.130375385284423828e+00,3.056197643280029297e+00,2.985497236251831055e+00,2.919166803359985352e+00,2.856623888015747070e+00,2.797152996063232422e+00,2.741135597229003906e+00,2.688199996948242188e+00,2.637783765792846680e+00,2.590159177780151367e+00,2.544811010360717773e+00,2.502293586730957031e+00,2.461910963058471680e+00,2.423537492752075195e+00,2.387057304382324219e+00,2.352365732192993164e+00,2.319364070892333984e+00,2.287962913513183594e+00,2.258079767227172852e+00,2.229637384414672852e+00,2.202564716339111328e+00,2.176796913146972656e+00,2.152272939682006836e+00,2.128937482833862305e+00,2.106736421585083008e+00,2.085623025894165039e+00,2.065551280975341797e+00,2.046479225158691406e+00,2.028369188308715820e+00,2.011183738708496094e+00,1.994889616966247559e+00,1.979455828666687012e+00,1.964852452278137207e+00,1.951053142547607422e+00,1.938032388687133789e+00,1.925767064094543457e+00,1.914235472679138184e+00,1.903417706489562988e+00,1.893294572830200195e+00,1.883849620819091797e+00,1.875066637992858887e+00,1.866931080818176270e+00,1.859430313110351562e+00,1.852551221847534180e+00,1.846283078193664551e+00,1.840616106986999512e+00,1.835541486740112305e+00,1.831050753593444824e+00,1.827136993408203125e+00,1.823794484138488770e+00,1.821017742156982422e+00,1.818802714347839355e+00,1.817146062850952148e+00,1.816045045852661133e+00,1.815497994422912598e+00,1.815504074096679688e+00,1.816063284873962402e+00,1.817176580429077148e+00,1.818845391273498535e+00,1.821072816848754883e+00,1.823861956596374512e+00,1.827217102050781250e+00,1.831143379211425781e+00,1.835646986961364746e+00,1.840734601020812988e+00,1.846414566040039062e+00,1.852696180343627930e+00,1.859588623046875000e+00,1.867103576660156250e+00,1.875253081321716309e+00,1.884050488471984863e+00,1.893510103225708008e+00,1.903648018836975098e+00,1.914481639862060547e+00,1.926029086112976074e+00,1.938311100006103516e+00,1.951348662376403809e+00,1.965165257453918457e+00,1.979786396026611328e+00,1.995238900184631348e+00,2.011552810668945312e+00,2.028757810592651367e+00,2.046889305114746094e+00,2.065982341766357422e+00,2.086076736450195312e+00,2.107213497161865234e+00,2.058292627334594727e+00,2.001062154769897461e+00,1.947354912757873535e+00,1.897379636764526367e+00,1.849938511848449707e+00,1.805920481681823730e+00,1.763959169387817383e+00,1.724584341049194336e+00,1.687449455261230469e+00,1.652131676673889160e+00,1.618856549263000488e+00,1.587402820587158203e+00,1.557437181472778320e+00,1.529121398925781250e+00,1.502282619476318359e+00,1.477182984352111816e+00,1.453343987464904785e+00,1.430690884590148926e+00,1.409155845642089844e+00,1.388676047325134277e+00,1.369194269180297852e+00,1.350656867027282715e+00,1.333016037940979004e+00,1.316225409507751465e+00,1.300243616104125977e+00,1.285031795501708984e+00,1.270555019378662109e+00,1.256778955459594727e+00,1.243673205375671387e+00,1.231209039688110352e+00,1.219359993934631348e+00,1.208101511001586914e+00,1.197410225868225098e+00,1.187265276908874512e+00,1.177646279335021973e+00,1.168534994125366211e+00,1.159914255142211914e+00,1.151768207550048828e+00,1.144081473350524902e+00,1.136840820312500000e+00,1.130033493041992188e+00,1.123647332191467285e+00,1.117671370506286621e+00,1.112095832824707031e+00,1.106910705566406250e+00,1.102108478546142578e+00,1.097679972648620605e+00,1.093619346618652344e+00,1.089919090270996094e+00,1.086573600769042969e+00,1.083577871322631836e+00,1.080926656723022461e+00,1.078616261482238770e+00,1.076643109321594238e+00,1.075003981590270996e+00,1.073696374893188477e+00,1.072718262672424316e+00,1.072068333625793457e+00,1.071745395660400391e+00,esquerda
5.969441413879394531e+00,5.971280097961425781e+00,5.974940299987792969e+00,5.980428218841552734e+00,5.987751960754394531e+00,5.996922492980957031e+00,6.007954120635986328e+00,6.020863533020019531e+00,6.035671710968017578e+00,6.052400112152099609e+00,6.071077346801757812e+00,6.091730594635009766e+00,6.114393234252929688e+00,6.139103889465332031e+00,6.165899753570556641e+00,6.194826126098632812e+00,6.220604896545410156e+00,6.046594619750976562e+00,5.730779170989990234e+00,5.446800231933593750e+00,5.191241264343261719e+00,4.960274696350097656e+00,4.749136924743652344e+00,4.556287288665771484e+00,4.381595611572265625e+00,4.220452308654785156e+00,4.071481704711914062e+00,3.932960510253906250e+00,3.806191921234130859e+00,3.687961578369140625e+00,3.577052116394042969e+00,3.474639654159545898e+00,3.378342151641845703e+00,3.287982225418090820e+00,3.203912973403930664e+00,3.124115943908691406e+00,3.050088405609130859e+00,2.979531764984130859e+00,2.913334846496582031e+00,2.850918292999267578e+00,2.791567564010620117e+00,2.735663414001464844e+00,2.682833433151245117e+00,2.632519245147705078e+00,2.584990501403808594e+00,2.539779663085937500e+00,2.497346401214599609e+00,2.457043647766113281e+00,2.418746232986450195e+00,2.382338047027587891e+00,2.347714900970458984e+00,2.314778566360473633e+00,2.283439636230468750e+00,2.253615379333496094e+00,2.225229263305664062e+00,2.198210000991821289e+00,2.172492980957031250e+00,2.148017883300781250e+00,2.124728441238403320e+00,2.102571487426757812e+00,2.081499814987182617e+00,2.061467647552490234e+00,2.042433261871337891e+00,2.024358987808227539e+00,2.007207632064819336e+00,1.990945696830749512e+00,1.975542187690734863e+00,1.960967898368835449e+00,1.947196006774902344e+00,1.934200763702392578e+00,1.921959757804870605e+00,1.910450935363769531e+00,1.899654626846313477e+00,1.889551401138305664e+00,1.880125164985656738e+00,1.871359586715698242e+00,1.863240122795104980e+00,1.855754017829895020e+00,1.848888635635375977e+00,1.842633128166198730e+00,1.836977243423461914e+00,1.831912398338317871e+00,1.827430725097656250e+00,1.823524713516235352e+00,1.820188879966735840e+00,1.817417621612548828e+00,1.815206766128540039e+00,1.813553452491760254e+00,1.812454700469970703e+00,1.811908721923828125e+00,1.811914801597595215e+00,1.812472820281982422e+00,1.813583970069885254e+00,1.815249443054199219e+00,1.817472457885742188e+00,1.820256114006042480e+00,1.823604583740234375e+00,1.827523112297058105e+00,1.832017779350280762e+00,1.837095379829406738e+00,1.842764019966125488e+00,1.849033355712890625e+00,1.855912089347839355e+00,1.863412261009216309e+00,1.871545672416687012e+00,1.880325555801391602e+00,1.889766573905944824e+00,1.899884462356567383e+00,1.910696625709533691e+00,1.922221183776855469e+00,1.934478878974914551e+00,1.947490692138671875e+00,1.961279988288879395e+00,1.975872397422790527e+00,1.991294264793395996e+00,2.007575750350952148e+00,2.024746656417846680e+00,2.042842388153076172e+00,2.061897754669189453e+00,2.081952571868896484e+00,2.103047370910644531e+00,2.058290958404541016e+00,2.001060724258422852e+00,1.947353482246398926e+00,1.897378563880920410e+00,1.849937438964843750e+00,1.805919408798217773e+00,1.763958215713500977e+00,1.724583625793457031e+00,1.687448740005493164e+00,1.652131080627441406e+00,1.618855953216552734e+00,1.587402343750000000e+00,1.557436823844909668e+00,1.529120802879333496e+00,1.502283096313476562e+00,1.477183461189270020e+00,1.453344464302062988e+00,1.430691361427307129e+00,1.409155964851379395e+00,1.388676404953002930e+00,1.369194626808166504e+00,1.350657343864440918e+00,1.333016395568847656e+00,1.316225767135620117e+00,1.300244092941284180e+00,1.285032153129577637e+00,1.270555377006530762e+00,1.256779313087463379e+00,1.243673443794250488e+00,1.231209397315979004e+00,1.219360470771789551e+00,1.208101749420166016e+00,1.197410583496093750e+00,1.187265515327453613e+00,1.177646517753601074e+00,1.168535232543945312e+00,1.159914731979370117e+00,1.151768565177917480e+00,1.144081950187683105e+00,1.136841177940368652e+00,1.130033850669860840e+00,1.123647570610046387e+00,1.117671728134155273e+00,1.112096071243286133e+00,1.106911063194274902e+00,1.102108716964721680e+00,1.097680211067199707e+00,1.093619585037231445e+00,1.089919209480285645e+00,1.086573839187622070e+00,1.083578109741210938e+00,1.080927014350891113e+00,1.078616499900817871e+00,1.076643466949462891e+00,1.075004339218139648e+00,1.073696613311767578e+00,1.072718501091003418e+00,1.072068572044372559e+00,1.071745634078979492e+00,esquerda
5.969442844390869141e+00,5.971282005310058594e+00,5.974942207336425781e+00,5.980430126190185547e+00,5.987753868103027344e+00,5.996924400329589844e+00,6.007956027984619141e+00,6.020865440368652344e+00,6.035673618316650391e+00,6.052402973175048828e+00,6.071079254150390625e+00,6.091732501983642578e+00,6.114395141601562500e+00,6.139105796813964844e+00,6.165901660919189453e+00,6.194827079772949219e+00,6.220221042633056641e+00,6.034282207489013672e+00,5.719127655029296875e+00,5.435741424560546875e+00,5.180714607238769531e+00,4.950228214263916016e+00,4.739526748657226562e+00,4.547076702117919922e+00,4.372745037078857422e+00,4.211934089660644531e+00,4.063270092010498047e+00,3.925033330917358398e+00,3.798525333404541016e+00,3.680538177490234375e+00,3.569855928421020508e+00,3.467653274536132812e+00,3.371552705764770508e+00,3.281377077102661133e+00,3.197479486465454102e+00,3.117845296859741211e+00,3.043968677520751953e+00,2.973555564880371094e+00,2.907493829727172852e+00,2.845203638076782227e+00,2.785973310470581055e+00,2.730182409286499023e+00,2.677460193634033203e+00,2.627247333526611328e+00,2.579814672470092773e+00,2.534748315811157227e+00,2.492398977279663086e+00,2.452175855636596680e+00,2.413954257965087891e+00,2.377618551254272461e+00,2.343063592910766602e+00,2.310192823410034180e+00,2.278916120529174805e+00,2.249150753021240234e+00,2.220821142196655273e+00,2.193855285644531250e+00,2.168189048767089844e+00,2.143762588500976562e+00,2.120519161224365234e+00,2.098406076431274414e+00,2.077376127243041992e+00,2.057383537292480469e+00,2.038387060165405273e+00,2.020348548889160156e+00,2.003231287002563477e+00,1.987001419067382812e+00,1.971628546714782715e+00,1.957082986831665039e+00,1.943338274955749512e+00,1.930368900299072266e+00,1.918152093887329102e+00,1.906666278839111328e+00,1.895891189575195312e+00,1.885807991027832031e+00,1.876400470733642578e+00,1.867652177810668945e+00,1.859548926353454590e+00,1.852077722549438477e+00,1.845225930213928223e+00,1.838982582092285156e+00,1.833338022232055664e+00,1.828283309936523438e+00,1.823810219764709473e+00,1.819912195205688477e+00,1.816582798957824707e+00,1.813817143440246582e+00,1.811610817909240723e+00,1.809960603713989258e+00,1.808863878250122070e+00,1.808319091796875000e+00,1.808325171470642090e+00,1.808882117271423340e+00,1.809991121292114258e+00,1.811653375625610352e+00,1.813871979713439941e+00,1.816650032997131348e+00,1.819992065429687500e+00,1.823902726173400879e+00,1.828388333320617676e+00,1.833456039428710938e+00,1.839113354682922363e+00,1.845370292663574219e+00,1.852235436439514160e+00,1.859720587730407715e+00,1.867837786674499512e+00,1.876600503921508789e+00,1.886022806167602539e+00,1.896120548248291016e+00,1.906911253929138184e+00,1.918413281440734863e+00,1.930646419525146484e+00,1.943632721900939941e+00,1.957394480705261230e+00,1.971957802772521973e+00,1.987349390983581543e+00,2.003598690032958984e+00,2.020735740661621094e+00,2.038795232772827148e+00,2.057813167572021484e+00,2.077827692031860352e+00,2.098881006240844727e+00,2.058287143707275391e+00,2.001056909561157227e+00,1.947349905967712402e+00,1.897375226020812988e+00,1.849934339523315430e+00,1.805916666984558105e+00,1.763955473899841309e+00,1.724581003189086914e+00,1.687446236610412598e+00,1.652128815650939941e+00,1.618853688240051270e+00,1.587400078773498535e+00,1.557434797286987305e+00,1.529118895530700684e+00,1.502280235290527344e+00,1.477180600166320801e+00,1.453341722488403320e+00,1.430688619613647461e+00,1.409153699874877930e+00,1.388674020767211914e+00,1.369192242622375488e+00,1.350654840469360352e+00,1.333014130592346191e+00,1.316223740577697754e+00,1.300241947174072266e+00,1.285030007362365723e+00,1.270553350448608398e+00,1.256777286529541016e+00,1.243671417236328125e+00,1.231207609176635742e+00,1.219358563423156738e+00,1.208099722862243652e+00,1.197408914566040039e+00,1.187263846397399902e+00,1.177644729614257812e+00,1.168533563613891602e+00,1.159912824630737305e+00,1.151766657829284668e+00,1.144080162048339844e+00,1.136839509010314941e+00,1.130032062530517578e+00,1.123645901679992676e+00,1.117669939994812012e+00,1.112094402313232422e+00,1.106909394264221191e+00,1.102107048034667969e+00,1.097678661346435547e+00,1.093618035316467285e+00,1.089917659759521484e+00,1.086572289466857910e+00,1.083576560020446777e+00,1.080925345420837402e+00,1.078615069389343262e+00,1.076641917228698730e+00,1.075002789497375488e+00,1.073695182800292969e+00,1.072717070579528809e+00,1.072067141532897949e+00,1.071744203567504883e+00,esquerda
5.969443321228027344e+00,5.971282482147216797e+00,5.974942684173583984e+00,5.980430603027343750e+00,5.987754821777343750e+00,5.996924877166748047e+00,6.007956504821777344e+00,6.020865917205810547e+00,6.035674095153808594e+00,6.052403450012207031e+00,6.071079730987548828e+00,6.091733455657958984e+00,6.114396095275878906e+00,6.139106273651123047e+00,6.165902137756347656e+00,6.194827556610107422e+00,6.219877719879150391e+00,6.023303508758544922e+00,5.708669662475585938e+00,5.425755500793457031e+00,5.171156883239746094e+00,4.941060543060302734e+00,4.730719089508056641e+00,4.538599014282226562e+00,4.364568710327148438e+00,4.204037189483642578e+00,4.055632114410400391e+00,3.917637825012207031e+00,3.791352033615112305e+00,3.673573255538940430e+00,3.563087224960327148e+00,3.461065292358398438e+00,3.365136146545410156e+00,3.275121927261352539e+00,3.191374301910400391e+00,3.111883163452148438e+00,3.038139104843139648e+00,2.967852354049682617e+00,2.901909828186035156e+00,2.839732646942138672e+00,2.780609369277954102e+00,2.724919319152832031e+00,2.672292232513427734e+00,2.622170448303222656e+00,2.574824094772338867e+00,2.529714584350585938e+00,2.487449407577514648e+00,2.447306632995605469e+00,2.409160375595092773e+00,2.372897148132324219e+00,2.338410615921020508e+00,2.305604934692382812e+00,2.274390459060668945e+00,2.244684219360351562e+00,2.216410875320434570e+00,2.189498424530029297e+00,2.163883209228515625e+00,2.139505386352539062e+00,2.116307973861694336e+00,2.094238996505737305e+00,2.073250770568847656e+00,2.053297758102416992e+00,2.034339427947998047e+00,2.016336441040039062e+00,1.999253153800964355e+00,1.983055591583251953e+00,1.967713236808776855e+00,1.953196525573730469e+00,1.939479112625122070e+00,1.926535487174987793e+00,1.914342999458312988e+00,1.902879714965820312e+00,1.892126202583312988e+00,1.882063150405883789e+00,1.872674107551574707e+00,1.863943338394165039e+00,1.855856299400329590e+00,1.848399639129638672e+00,1.841561436653137207e+00,1.835330724716186523e+00,1.829697251319885254e+00,1.824652671813964844e+00,1.820188522338867188e+00,1.816298007965087891e+00,1.812975287437438965e+00,1.810214996337890625e+00,1.808013081550598145e+00,1.806366324424743652e+00,1.805271863937377930e+00,1.804728031158447266e+00,1.804733991622924805e+00,1.805289983749389648e+00,1.806396722793579102e+00,1.808055520057678223e+00,1.810269832611083984e+00,1.813042521476745605e+00,1.816377639770507812e+00,1.820280671119689941e+00,1.824757456779479980e+00,1.829815149307250977e+00,1.835461139678955078e+00,1.841705679893493652e+00,1.848557233810424805e+00,1.856027603149414062e+00,1.864128708839416504e+00,1.872873902320861816e+00,1.882277369499206543e+00,1.892355203628540039e+00,1.903124451637268066e+00,1.914603590965270996e+00,1.926812529563903809e+00,1.939772844314575195e+00,1.953507542610168457e+00,1.968042016029357910e+00,1.983402967453002930e+00,1.999619841575622559e+00,2.016722679138183594e+00,2.034746408462524414e+00,2.053726434707641602e+00,2.073701620101928711e+00,2.094712972640991211e+00,2.058283567428588867e+00,2.001053571701049805e+00,1.947346925735473633e+00,1.897372245788574219e+00,1.849931836128234863e+00,1.805914282798767090e+00,1.763953328132629395e+00,1.724579095840454102e+00,1.687444567680358887e+00,1.652127027511596680e+00,1.618852138519287109e+00,1.587398648262023926e+00,1.557433485984802246e+00,1.529117822647094727e+00,1.502279758453369141e+00,1.477180123329162598e+00,1.453341245651245117e+00,1.430688142776489258e+00,1.409152865409851074e+00,1.388673305511474609e+00,1.369191646575927734e+00,1.350654244422912598e+00,1.333013534545898438e+00,1.316222786903381348e+00,1.300241231918334961e+00,1.285029411315917969e+00,1.270552515983581543e+00,1.256776452064514160e+00,1.243670701980590820e+00,1.231206774711608887e+00,1.219357848167419434e+00,1.208099007606506348e+00,1.197408080101013184e+00,1.187263011932373047e+00,1.177644014358520508e+00,1.168532848358154297e+00,1.159912109375000000e+00,1.151765942573547363e+00,1.144079327583312988e+00,1.136838555335998535e+00,1.130031347274780273e+00,1.123645067214965820e+00,1.117669343948364258e+00,1.112093448638916016e+00,1.106908679008483887e+00,1.102106213569641113e+00,1.097677946090698242e+00,1.093617200851440430e+00,1.089916706085205078e+00,1.086571335792541504e+00,1.083575606346130371e+00,1.080924391746520996e+00,1.078614115715026855e+00,1.076641082763671875e+00,1.075001835823059082e+00,1.073694229125976562e+00,1.072716116905212402e+00,1.072066187858581543e+00,1.071743249893188477e+00,esquerda
5.969443798065185547e+00,5.971282958984375000e+00,5.974943161010742188e+00,5.980431079864501953e+00,5.987755298614501953e+00,5.996925354003906250e+00,6.007956981658935547e+00,6.020866394042968750e+00,6.035675048828125000e+00,6.052403926849365234e+00,6.071080207824707031e+00,6.091733932495117188e+00,6.114396572113037109e+00,6.139106750488281250e+00,6.165902614593505859e+00,6.194828033447265625e+00,6.219493865966796875e+00,6.011006355285644531e+00,5.697034358978271484e+00,5.414713859558105469e+00,5.160647869110107422e+00,4.931031703948974609e+00,4.721128940582275391e+00,4.529407501220703125e+00,4.355737209320068359e+00,4.195538043975830078e+00,4.047439575195312500e+00,3.909730195999145508e+00,3.783704042434692383e+00,3.666166305541992188e+00,3.555906772613525391e+00,3.454094409942626953e+00,3.358361005783081055e+00,3.268530845642089844e+00,3.184953927993774414e+00,3.105624675750732422e+00,3.032031059265136719e+00,2.961887359619140625e+00,2.896078586578369141e+00,2.834027290344238281e+00,2.775024175643920898e+00,2.719447135925292969e+00,2.666927099227905273e+00,2.616906642913818359e+00,2.569655656814575195e+00,2.524683475494384766e+00,2.482502222061157227e+00,2.442439317703247070e+00,2.404369115829467773e+00,2.368177890777587891e+00,2.333760261535644531e+00,2.301019906997680664e+00,2.269867181777954102e+00,2.240220069885253906e+00,2.212002754211425781e+00,2.185144186019897461e+00,2.159579753875732422e+00,2.135250568389892578e+00,2.112099409103393555e+00,2.090073823928833008e+00,2.069127559661865234e+00,2.049214363098144531e+00,2.030293464660644531e+00,2.012326240539550781e+00,1.995277047157287598e+00,1.979111790657043457e+00,1.963800072669982910e+00,1.949312090873718262e+00,1.935621976852416992e+00,1.922704100608825684e+00,1.910535812377929688e+00,1.899095416069030762e+00,1.888363122940063477e+00,1.878320097923278809e+00,1.868950009346008301e+00,1.860236525535583496e+00,1.852165341377258301e+00,1.844723701477050781e+00,1.837899088859558105e+00,1.831680655479431152e+00,1.826058506965637207e+00,1.821023821830749512e+00,1.816568493843078613e+00,1.812685966491699219e+00,1.809369921684265137e+00,1.806615114212036133e+00,1.804417371749877930e+00,1.802773952484130859e+00,1.801681637763977051e+00,1.801138877868652344e+00,1.801144957542419434e+00,1.801699757575988770e+00,1.802804112434387207e+00,1.804459810256958008e+00,1.806669831275939941e+00,1.809436798095703125e+00,1.812765359878540039e+00,1.816660523414611816e+00,1.821128487586975098e+00,1.826175928115844727e+00,1.831811070442199707e+00,1.838043093681335449e+00,1.844880938529968262e+00,1.852336406707763672e+00,1.860421538352966309e+00,1.869149088859558105e+00,1.878534197807312012e+00,1.888591647148132324e+00,1.899339556694030762e+00,1.910795927047729492e+00,1.922980666160583496e+00,1.935915112495422363e+00,1.949622392654418945e+00,1.964128136634826660e+00,1.979458332061767578e+00,1.995643138885498047e+00,2.012711763381958008e+00,2.030699968338012695e+00,2.049642324447631836e+00,2.069577693939208984e+00,2.090547084808349609e+00,2.058276414871215820e+00,2.001047134399414062e+00,1.947340607643127441e+00,1.897366404533386230e+00,1.849926233291625977e+00,1.805908918380737305e+00,1.763948440551757812e+00,1.724573969841003418e+00,1.687439918518066406e+00,1.652122616767883301e+00,1.618847846984863281e+00,1.587394475936889648e+00,1.557429432868957520e+00,1.529113888740539551e+00,1.502278804779052734e+00,1.477179050445556641e+00,1.453340291976928711e+00,1.430687189102172852e+00,1.409151911735534668e+00,1.388672351837158203e+00,1.369190692901611328e+00,1.350653409957885742e+00,1.333012580871582031e+00,1.316222071647644043e+00,1.300240278244018555e+00,1.285028576850891113e+00,1.270551681518554688e+00,1.256775617599487305e+00,1.243669867515563965e+00,1.231205940246582031e+00,1.219356894493103027e+00,1.208098173141479492e+00,1.197407126426696777e+00,1.187262058258056641e+00,1.177643179893493652e+00,1.168532133102416992e+00,1.159911274909973145e+00,1.151765227317810059e+00,1.144078612327575684e+00,1.136837959289550781e+00,1.130030512809753418e+00,1.123644351959228516e+00,1.117668628692626953e+00,1.112092733383178711e+00,1.106907963752746582e+00,1.102105498313903809e+00,1.097677230834960938e+00,1.093616485595703125e+00,1.089916110038757324e+00,1.086570739746093750e+00,1.083575010299682617e+00,1.080923795700073242e+00,1.078613519668579102e+00,1.076640367507934570e+00,1.075001239776611328e+00,1.073693513870239258e+00,1.072715520858764648e+00,1.072065591812133789e+00,1.071742534637451172e+00,esquerda
5.969444751739501953e+00,5.971283912658691406e+00,5.974944114685058594e+00,5.980432033538818359e+00,5.987756252288818359e+00,5.996926307678222656e+00,6.007957935333251953e+00,6.020867347717285156e+00,6.035676002502441406e+00,6.052404880523681641e+00,6.071081161499023438e+00,6.091734886169433594e+00,6.114398002624511719e+00,6.139107704162597656e+00,6.165903568267822266e+00,6.194828987121582031e+00,6.219110488891601562e+00,5.998729228973388672e+00,5.685415744781494141e+00,5.403685569763183594e+00,5.150149822235107422e+00,4.921011924743652344e+00,4.711544990539550781e+00,4.520220756530761719e+00,4.346910476684570312e+00,4.187042236328125000e+00,4.039248943328857422e+00,3.901823759078979492e+00,3.776055812835693359e+00,3.658760309219360352e+00,3.548726320266723633e+00,3.447122812271118164e+00,3.351585388183593750e+00,3.261938810348510742e+00,3.178533077239990234e+00,3.099365472793579102e+00,3.025921821594238281e+00,2.955921649932861328e+00,2.890246868133544922e+00,2.828322172164916992e+00,2.769438743591308594e+00,2.713974714279174805e+00,2.661561012268066406e+00,2.611642360687255859e+00,2.564487218856811523e+00,2.519649028778076172e+00,2.477552175521850586e+00,2.437568902969360352e+00,2.399574995040893555e+00,2.363455772399902344e+00,2.329106569290161133e+00,2.296431541442871094e+00,2.265341043472290039e+00,2.235753059387207031e+00,2.207591772079467773e+00,2.180786848068237305e+00,2.155273675918579102e+00,2.130992650985717773e+00,2.107887744903564453e+00,2.085906267166137695e+00,2.065001487731933594e+00,2.045128107070922852e+00,2.026244878768920898e+00,2.008313655853271484e+00,1.991298556327819824e+00,1.975165128707885742e+00,1.959883928298950195e+00,1.945425152778625488e+00,1.931762218475341797e+00,1.918870210647583008e+00,1.906726241111755371e+00,1.895308732986450195e+00,1.884597897529602051e+00,1.874574780464172363e+00,1.865223169326782227e+00,1.856526970863342285e+00,1.848472118377685547e+00,1.841045260429382324e+00,1.834234237670898438e+00,1.828028082847595215e+00,1.822417140007019043e+00,1.817392587661743164e+00,1.812946319580078125e+00,1.809071421623229980e+00,1.805761814117431641e+00,1.803012728691101074e+00,1.800819396972656250e+00,1.799179077148437500e+00,1.798089027404785156e+00,1.797547340393066406e+00,1.797553300857543945e+00,1.798107266426086426e+00,1.799209594726562500e+00,1.800861716270446777e+00,1.803067088127136230e+00,1.805828690528869629e+00,1.809150695800781250e+00,1.813038110733032227e+00,1.817497134208679199e+00,1.822534441947937012e+00,1.828158378601074219e+00,1.834377884864807129e+00,1.841202020645141602e+00,1.848642706871032715e+00,1.856711626052856445e+00,1.865422010421752930e+00,1.874788284301757812e+00,1.884825944900512695e+00,1.895552277565002441e+00,1.906985640525817871e+00,1.919146060943603516e+00,1.932054877281188965e+00,1.945734977722167969e+00,1.960211515426635742e+00,1.975511312484741211e+00,1.991663813591003418e+00,2.008698463439941406e+00,2.026650667190551758e+00,2.045555353164672852e+00,2.065450906753540039e+00,2.086378574371337891e+00,2.058314561843872070e+00,2.001083612442016602e+00,1.947375774383544922e+00,1.897400021553039551e+00,1.849958658218383789e+00,1.805940032005310059e+00,1.763978362083435059e+00,1.724602937698364258e+00,1.687467694282531738e+00,1.652149558067321777e+00,1.618874311447143555e+00,1.587419867515563965e+00,1.557454109191894531e+00,1.529137849807739258e+00,1.502277374267578125e+00,1.477177739143371582e+00,1.453338980674743652e+00,1.430685877799987793e+00,1.409150838851928711e+00,1.388671278953552246e+00,1.369189620018005371e+00,1.350652217864990234e+00,1.333011507987976074e+00,1.316220879554748535e+00,1.300239324569702148e+00,1.285027503967285156e+00,1.270550608634948730e+00,1.256774663925170898e+00,1.243669033050537109e+00,1.231205105781555176e+00,1.219356060028076172e+00,1.208097457885742188e+00,1.197406530380249023e+00,1.187261462211608887e+00,1.177642464637756348e+00,1.168531298637390137e+00,1.159910559654235840e+00,1.151764392852783203e+00,1.144077897071838379e+00,1.136837244033813477e+00,1.130029916763305664e+00,1.123643517494201660e+00,1.117667913436889648e+00,1.112092018127441406e+00,1.106907367706298828e+00,1.102104783058166504e+00,1.097676634788513184e+00,1.093615770339965820e+00,1.089915513992309570e+00,1.086570143699645996e+00,1.083574295043945312e+00,1.080923199653625488e+00,1.078612923622131348e+00,1.076639890670776367e+00,1.075000643730163574e+00,1.073693037033081055e+00,1.072714924812316895e+00,1.072064995765686035e+00,1.071742177009582520e+00,esquerda
5.969445705413818359e+00,5.971284389495849609e+00,5.974944591522216797e+00,5.980432987213134766e+00,5.987756729125976562e+00,5.996926784515380859e+00,6.007958412170410156e+00,6.020867824554443359e+00,6.035676479339599609e+00,6.052405357360839844e+00,6.071082115173339844e+00,6.091735363006591797e+00,6.114398479461669922e+00,6.139108180999755859e+00,6.165904045104980469e+00,6.194829463958740234e+00,6.218726634979248047e+00,5.986450672149658203e+00,5.673796653747558594e+00,5.392657279968261719e+00,5.139651775360107422e+00,4.910991668701171875e+00,4.701960563659667969e+00,4.511034011840820312e+00,4.338083267211914062e+00,4.178545951843261719e+00,4.031058311462402344e+00,3.893916606903076172e+00,3.768408298492431641e+00,3.651353836059570312e+00,3.541547060012817383e+00,3.440151691436767578e+00,3.344810724258422852e+00,3.255347967147827148e+00,3.172112941741943359e+00,3.093107700347900391e+00,3.019814252853393555e+00,2.949956655502319336e+00,2.884415864944458008e+00,2.822617292404174805e+00,2.763854265213012695e+00,2.708503007888793945e+00,2.656195878982543945e+00,2.606378793716430664e+00,2.559319257736206055e+00,2.514618396759033203e+00,2.472605466842651367e+00,2.432702064514160156e+00,2.394783735275268555e+00,2.358736753463745117e+00,2.324456214904785156e+00,2.291846275329589844e+00,2.260818004608154297e+00,2.231288909912109375e+00,2.203184127807617188e+00,2.176432609558105469e+00,2.150970220565795898e+00,2.126737833023071289e+00,2.103678941726684570e+00,2.081741333007812500e+00,2.060878515243530273e+00,2.041044950485229492e+00,2.022199392318725586e+00,2.004303932189941406e+00,1.987322568893432617e+00,1.971221566200256348e+00,1.955970764160156250e+00,1.941540718078613281e+00,1.927905201911926270e+00,1.915038943290710449e+00,1.902919054031372070e+00,1.891524434089660645e+00,1.880834937095642090e+00,1.870831966400146484e+00,1.861498951911926270e+00,1.852820396423339844e+00,1.844781398773193359e+00,1.837369084358215332e+00,1.830572009086608887e+00,1.824378132820129395e+00,1.818778395652770996e+00,1.813763976097106934e+00,1.809326529502868652e+00,1.805459260940551758e+00,1.802156448364257812e+00,1.799412727355957031e+00,1.797223806381225586e+00,1.795586943626403809e+00,1.794498920440673828e+00,1.793958306312561035e+00,1.793964266777038574e+00,1.794516801834106445e+00,1.795616984367370605e+00,1.797266006469726562e+00,1.799466967582702637e+00,1.802223086357116699e+00,1.805538415908813477e+00,1.809418082237243652e+00,1.813868284225463867e+00,1.818895697593688965e+00,1.824508190155029297e+00,1.830715298652648926e+00,1.837525963783264160e+00,1.844951629638671875e+00,1.853004455566406250e+00,1.861697316169738770e+00,1.871044874191284180e+00,1.881062507629394531e+00,1.891767501831054688e+00,1.903178095817565918e+00,1.915314197540283203e+00,1.928197383880615234e+00,1.941849946975708008e+00,1.956297636032104492e+00,1.971566915512084961e+00,1.987687230110168457e+00,2.004688024520874023e+00,2.022604227066040039e+00,2.041470766067504883e+00,2.061326742172241211e+00,2.082212686538696289e+00,2.058262825012207031e+00,2.001034736633300781e+00,1.947329401969909668e+00,1.897355794906616211e+00,1.849916100502014160e+00,1.805899620056152344e+00,1.763939857482910156e+00,1.724566221237182617e+00,1.687432289123535156e+00,1.652115821838378906e+00,1.618841648101806641e+00,1.587388634681701660e+00,1.557424068450927734e+00,1.529108762741088867e+00,1.502276420593261719e+00,1.477176785469055176e+00,1.453338027000427246e+00,1.430684924125671387e+00,1.409149765968322754e+00,1.388670325279235840e+00,1.369188785552978516e+00,1.350651621818542480e+00,1.333010673522949219e+00,1.316220045089721680e+00,1.300238490104675293e+00,1.285026788711547852e+00,1.270549774169921875e+00,1.256773829460144043e+00,1.243668198585510254e+00,1.231204152107238770e+00,1.219355225563049316e+00,1.208096623420715332e+00,1.197405576705932617e+00,1.187260627746582031e+00,1.177641630172729492e+00,1.168530583381652832e+00,1.159909725189208984e+00,1.151763796806335449e+00,1.144077062606811523e+00,1.136836409568786621e+00,1.130029201507568359e+00,1.123642921447753906e+00,1.117667198181152344e+00,1.112091302871704102e+00,1.106906533241271973e+00,1.102104187011718750e+00,1.097675800323486328e+00,1.093615055084228516e+00,1.089914798736572266e+00,1.086569428443908691e+00,1.083573579788208008e+00,1.080922484397888184e+00,1.078612208366394043e+00,1.076639175415039062e+00,1.075000047683715820e+00,1.073692321777343750e+00,1.072714209556579590e+00,1.072064399719238281e+00,1.071741461753845215e+00,esquerda
5.969446182250976562e+00,5.971284866333007812e+00,5.974945068359375000e+00,5.980433464050292969e+00,5.987757205963134766e+00,5.996927261352539062e+00,6.007958889007568359e+00,6.020869255065917969e+00,6.035676956176757812e+00,6.052405834197998047e+00,6.071082592010498047e+00,6.091735839843750000e+00,6.114398956298828125e+00,6.139108657836914062e+00,6.165904521942138672e+00,6.194830417633056641e+00,6.218382358551025391e+00,5.975433349609375000e+00,5.663302421569824219e+00,5.382638454437255859e+00,5.130063533782958984e+00,4.901795387268066406e+00,4.693125724792480469e+00,4.502531051635742188e+00,4.329883098602294922e+00,4.170626163482666016e+00,4.023398399353027344e+00,3.886500120162963867e+00,3.761214971542358398e+00,3.644370317459106445e+00,3.534760475158691406e+00,3.433548450469970703e+00,3.338379144668579102e+00,3.249078273773193359e+00,3.165994405746459961e+00,3.087132692337036133e+00,3.013972997665405273e+00,2.944242477416992188e+00,2.878821611404418945e+00,2.817136049270629883e+00,2.758480548858642578e+00,2.703231096267700195e+00,2.651019811630249023e+00,2.601294040679931641e+00,2.554321289062500000e+00,2.509584188461303711e+00,2.467655420303344727e+00,2.427831649780273438e+00,2.389989376068115234e+00,2.354014396667480469e+00,2.319802522659301758e+00,2.287258148193359375e+00,2.256291627883911133e+00,2.226821899414062500e+00,2.198773622512817383e+00,2.172075510025024414e+00,2.146664142608642578e+00,2.122480154037475586e+00,2.099467515945434570e+00,2.077573776245117188e+00,2.056752681732177734e+00,2.036958694458007812e+00,2.018150806427001953e+00,2.000291347503662109e+00,1.983343958854675293e+00,1.967275261878967285e+00,1.952054977416992188e+00,1.937653899192810059e+00,1.924045681953430176e+00,1.911204934120178223e+00,1.899109363555908203e+00,1.887737631797790527e+00,1.877069592475891113e+00,1.867086410522460938e+00,1.857772231101989746e+00,1.849110841751098633e+00,1.841088056564331055e+00,1.833691000938415527e+00,1.826907157897949219e+00,1.820725798606872559e+00,1.815137267112731934e+00,1.810132861137390137e+00,1.805704236030578613e+00,1.801844716072082520e+00,1.798548579216003418e+00,1.795810222625732422e+00,1.793625831604003906e+00,1.791992068290710449e+00,1.790906310081481934e+00,1.790366888046264648e+00,1.790372848510742188e+00,1.790924310684204102e+00,1.792022228240966797e+00,1.793667912483215332e+00,1.795864582061767578e+00,1.798614978790283203e+00,1.801923632621765137e+00,1.805795669555664062e+00,1.810236930847167969e+00,1.815254211425781250e+00,1.820855498313903809e+00,1.827050328254699707e+00,1.833847284317016602e+00,1.841258049011230469e+00,1.849294900894165039e+00,1.857970237731933594e+00,1.867299199104309082e+00,1.877296686172485352e+00,1.887980222702026367e+00,1.899368047714233398e+00,1.911479830741882324e+00,1.924337029457092285e+00,1.937962412834167480e+00,1.952381253242492676e+00,1.967619895935058594e+00,1.983707785606384277e+00,2.000674486160278320e+00,2.018555164337158203e+00,2.037384033203125000e+00,2.057200193405151367e+00,2.078044414520263672e+00,2.058254241943359375e+00,2.001026391983032227e+00,1.947321534156799316e+00,1.897348523139953613e+00,1.849909424781799316e+00,1.805893540382385254e+00,1.763933777809143066e+00,1.724560499191284180e+00,1.687427043914794922e+00,1.652110815048217773e+00,1.618836998939514160e+00,1.587384223937988281e+00,1.557419896125793457e+00,1.529104828834533691e+00,1.502275943756103516e+00,1.477176427841186523e+00,1.453337550163269043e+00,1.430684447288513184e+00,1.409149289131164551e+00,1.388669729232788086e+00,1.369188070297241211e+00,1.350650787353515625e+00,1.333010077476501465e+00,1.316219449043273926e+00,1.300238013267517090e+00,1.285026311874389648e+00,1.270549297332763672e+00,1.256773233413696289e+00,1.243667721748352051e+00,1.231203675270080566e+00,1.219354748725891113e+00,1.208096027374267578e+00,1.197404861450195312e+00,1.187259912490844727e+00,1.177641034126281738e+00,1.168529748916625977e+00,1.159909129142761230e+00,1.151762962341308594e+00,1.144076466560363770e+00,1.136835694313049316e+00,1.130028367042541504e+00,1.123642206192016602e+00,1.117666363716125488e+00,1.112090706825256348e+00,1.106905698776245117e+00,1.102103352546691895e+00,1.097675085067749023e+00,1.093614339828491211e+00,1.089913964271545410e+00,1.086568713188171387e+00,1.083572864532470703e+00,1.080921769142150879e+00,1.078611493110656738e+00,1.076638340950012207e+00,1.074999213218688965e+00,1.073691606521606445e+00,1.072713494300842285e+00,1.072063565254211426e+00,1.071740627288818359e+00,esquerda
5.969446182250976562e+00,5.971284866333007812e+00,5.974945068359375000e+00,5.980432987213134766e+00,5.987756729125976562e+00,5.996927261352539062e+00,6.007958889007568359e+00,6.020868301391601562e+00,6.035676479339599609e+00,6.052405357360839844e+00,6.071082115173339844e+00,6.091735363006591797e+00,6.114398479461669922e+00,6.139108657836914062e+00,6.165904521942138672e+00,6.194830894470214844e+00,6.217998027801513672e+00,5.963153839111328125e+00,5.651681423187255859e+00,5.371607780456542969e+00,5.119563102722167969e+00,4.891774177551269531e+00,4.683540821075439453e+00,4.493343353271484375e+00,4.321054458618164062e+00,4.162128448486328125e+00,4.015206813812255859e+00,3.878591537475585938e+00,3.753567218780517578e+00,3.636964082717895508e+00,3.527580261230468750e+00,3.426576614379882812e+00,3.331603765487670898e+00,3.242486953735351562e+00,3.159573793411254883e+00,3.080873727798461914e+00,3.007863998413085938e+00,2.938277244567871094e+00,2.872990131378173828e+00,2.811431169509887695e+00,2.752895355224609375e+00,2.697758674621582031e+00,2.645653963088989258e+00,2.596029520034790039e+00,2.549152612686157227e+00,2.504553556442260742e+00,2.462708711624145508e+00,2.422965049743652344e+00,2.385198354721069336e+00,2.349295616149902344e+00,2.315152168273925781e+00,2.282672882080078125e+00,2.251768827438354492e+00,2.222358226776123047e+00,2.194365978240966797e+00,2.167721271514892578e+00,2.142360925674438477e+00,2.118225336074829102e+00,2.095258712768554688e+00,2.073409080505371094e+00,2.052629709243774414e+00,2.032875299453735352e+00,2.014105081558227539e+00,1.996281385421752930e+00,1.979368090629577637e+00,1.963331699371337891e+00,1.948141932487487793e+00,1.933769702911376953e+00,1.920188784599304199e+00,1.907373785972595215e+00,1.895302653312683105e+00,1.883953452110290527e+00,1.873306751251220703e+00,1.863343715667724609e+00,1.854048132896423340e+00,1.845404028892517090e+00,1.837397456169128418e+00,1.830015063285827637e+00,1.823244929313659668e+00,1.817075967788696289e+00,1.811498641967773438e+00,1.806504130363464355e+00,1.802084445953369141e+00,1.798232793807983398e+00,1.794943213462829590e+00,1.792210459709167480e+00,1.790030241012573242e+00,1.788399815559387207e+00,1.787316322326660156e+00,1.786777973175048828e+00,1.786783933639526367e+00,1.787334203720092773e+00,1.788429975509643555e+00,1.790072321891784668e+00,1.792264461517333984e+00,1.795009493827819824e+00,1.798311591148376465e+00,1.802175641059875488e+00,1.806607961654663086e+00,1.811615347862243652e+00,1.817205429077148438e+00,1.823387742042541504e+00,1.830171108245849609e+00,1.837567090988159180e+00,1.845587730407714844e+00,1.854245901107788086e+00,1.863555908203125000e+00,1.873533368110656738e+00,1.884195566177368164e+00,1.895560503005981445e+00,1.907647967338562012e+00,1.920479536056518555e+00,1.934077382087707520e+00,1.948467254638671875e+00,1.963675498962402344e+00,1.979731321334838867e+00,1.996664047241210938e+00,2.014508724212646484e+00,2.033299922943115234e+00,2.053076267242431641e+00,2.073878526687622070e+00,2.058244466781616211e+00,2.001016855239868164e+00,1.947312951087951660e+00,1.897340536117553711e+00,1.849901914596557617e+00,1.805886387825012207e+00,1.763927340507507324e+00,1.724554419517517090e+00,1.687421202659606934e+00,1.652105212211608887e+00,1.618831753730773926e+00,1.587379455566406250e+00,1.557415246963500977e+00,1.529100656509399414e+00,1.502275943756103516e+00,1.477176308631896973e+00,1.453337550163269043e+00,1.430684328079223633e+00,1.409149289131164551e+00,1.388669729232788086e+00,1.369188308715820312e+00,1.350651025772094727e+00,1.333010077476501465e+00,1.316219568252563477e+00,1.300238013267517090e+00,1.285026311874389648e+00,1.270549416542053223e+00,1.256773352622985840e+00,1.243667840957641602e+00,1.231203913688659668e+00,1.219354867935180664e+00,1.208096265792846680e+00,1.197405099868774414e+00,1.187260150909423828e+00,1.177641153335571289e+00,1.168529987335205078e+00,1.159909367561340332e+00,1.151763200759887695e+00,1.144076704978942871e+00,1.136836051940917969e+00,1.130028843879699707e+00,1.123642444610595703e+00,1.117666721343994141e+00,1.112090945243835449e+00,1.106906175613403320e+00,1.102103590965270996e+00,1.097675323486328125e+00,1.093614697456359863e+00,1.089914441108703613e+00,1.086569070816040039e+00,1.083573222160339355e+00,1.080922126770019531e+00,1.078611850738525391e+00,1.076638698577880859e+00,1.074999570846557617e+00,1.073691964149475098e+00,1.072713851928710938e+00,1.072063922882080078e+00,1.071740984916687012e+00,esquerda
5.969447612762451172e+00,5.971286773681640625e+00,5.974946975708007812e+00,5.980434894561767578e+00,5.987759113311767578e+00,5.996929168701171875e+00,6.007961273193359375e+00,6.020870685577392578e+00,6.035678386688232422e+00,6.052407741546630859e+00,6.071084022521972656e+00,6.091737747192382812e+00,6.114400863647460938e+00,6.139110565185546875e+00,6.165906429290771484e+00,6.194832324981689453e+00,6.217615127563476562e+00,5.950864791870117188e+00,5.640053749084472656e+00,5.360572814941406250e+00,5.109060287475585938e+00,4.881750106811523438e+00,4.673954010009765625e+00,4.484155654907226562e+00,4.312227249145507812e+00,4.153633594512939453e+00,4.007018089294433594e+00,3.870687246322631836e+00,3.745920896530151367e+00,3.629559278488159180e+00,3.520402193069458008e+00,3.419607162475585938e+00,3.324830532073974609e+00,3.235897302627563477e+00,3.153154611587524414e+00,3.074616909027099609e+00,3.001757144927978516e+00,2.932312965393066406e+00,2.867160081863403320e+00,2.805727005004882812e+00,2.747311115264892578e+00,2.692287445068359375e+00,2.640289545059204102e+00,2.590766668319702148e+00,2.543985128402709961e+00,2.499521255493164062e+00,2.457760572433471680e+00,2.418096780776977539e+00,2.380406141281127930e+00,2.344575643539428711e+00,2.310501098632812500e+00,2.278086900711059570e+00,2.247244834899902344e+00,2.217893123626708984e+00,2.189957380294799805e+00,2.163366317749023438e+00,2.138056755065917969e+00,2.113969802856445312e+00,2.091049432754516602e+00,2.069243669509887695e+00,2.048506259918212891e+00,2.028791427612304688e+00,2.010059118270874023e+00,1.992271184921264648e+00,1.975391864776611328e+00,1.959387660026550293e+00,1.944228291511535645e+00,1.929885029792785645e+00,1.916331410408020020e+00,1.903542160987854004e+00,1.891495227813720703e+00,1.880169034004211426e+00,1.869543790817260742e+00,1.859600663185119629e+00,1.850323796272277832e+00,1.841697096824645996e+00,1.833706736564636230e+00,1.826339125633239746e+00,1.819582581520080566e+00,1.813426136970520020e+00,1.807860016822814941e+00,1.802875638008117676e+00,1.798464655876159668e+00,1.794620871543884277e+00,1.791337728500366211e+00,1.788610577583312988e+00,1.786434769630432129e+00,1.784807682037353516e+00,1.783726215362548828e+00,1.783189058303833008e+00,1.783195018768310547e+00,1.783744215965270996e+00,1.784837722778320312e+00,1.786476969718933105e+00,1.788664937019348145e+00,1.791404247283935547e+00,1.794699668884277344e+00,1.798556208610534668e+00,1.802979588508605957e+00,1.807976722717285156e+00,1.813555479049682617e+00,1.819725394248962402e+00,1.826495289802551270e+00,1.833876371383666992e+00,1.841881036758422852e+00,1.850521683692932129e+00,1.859813332557678223e+00,1.869770646095275879e+00,1.880411505699157715e+00,1.891753554344177246e+00,1.903816819190979004e+00,1.916622638702392578e+00,1.930193305015563965e+00,1.944554209709167480e+00,1.959732055664062500e+00,1.975755572319030762e+00,1.992654204368591309e+00,2.010462999343872070e+00,2.029216527938842773e+00,2.048953294754028320e+00,2.069713830947875977e+00,2.058233261108398438e+00,2.001007080078125000e+00,1.947303652763366699e+00,1.897331595420837402e+00,1.849893808364868164e+00,1.805878639221191406e+00,1.763920187950134277e+00,1.724547624588012695e+00,1.687415003776550293e+00,1.652099370956420898e+00,1.618826150894165039e+00,1.587374210357666016e+00,1.557410597801208496e+00,1.529096126556396484e+00,1.502273559570312500e+00,1.477174043655395508e+00,1.453335285186767578e+00,1.430682301521301270e+00,1.409147024154663086e+00,1.388667702674865723e+00,1.369186043739318848e+00,1.350648880004882812e+00,1.333008170127868652e+00,1.316217541694641113e+00,1.300235986709594727e+00,1.285024404525756836e+00,1.270547509193420410e+00,1.256771564483642578e+00,1.243666052818298340e+00,1.231202006340026855e+00,1.219352960586547852e+00,1.208094477653503418e+00,1.197403311729431152e+00,1.187258362770080566e+00,1.177639603614807129e+00,1.168528199195861816e+00,1.159907698631286621e+00,1.151761531829833984e+00,1.144075036048889160e+00,1.136834383010864258e+00,1.130026936531066895e+00,1.123640894889831543e+00,1.117664933204650879e+00,1.112089395523071289e+00,1.106904387474060059e+00,1.102102160453796387e+00,1.097673773765563965e+00,1.093613147735595703e+00,1.089912772178649902e+00,1.086567521095275879e+00,1.083571672439575195e+00,1.080920577049255371e+00,1.078610181808471680e+00,1.076637148857116699e+00,1.074997901916503906e+00,1.073690295219421387e+00,1.072712182998657227e+00,1.072062373161315918e+00,1.071739435195922852e+00,esquerda
5.969448089599609375e+00,5.971287250518798828e+00,5.974947452545166016e+00,5.980435371398925781e+00,5.987759590148925781e+00,5.996929645538330078e+00,6.007961750030517578e+00,6.020871162414550781e+00,6.035679340362548828e+00,6.052408218383789062e+00,6.071084499359130859e+00,6.091738224029541016e+00,6.114401340484619141e+00,6.139111042022705078e+00,6.165906906127929688e+00,6.194832801818847656e+00,6.217245578765869141e+00,5.939022064208984375e+00,5.628787994384765625e+00,5.349829196929931641e+00,5.098789691925048828e+00,4.871909618377685547e+00,4.664507865905761719e+00,4.475072383880615234e+00,4.303473472595214844e+00,4.145184516906738281e+00,3.998852014541625977e+00,3.862784862518310547e+00,3.738273859024047852e+00,3.622153759002685547e+00,3.513222932815551758e+00,3.412636756896972656e+00,3.318055868148803711e+00,3.229306459426879883e+00,3.146734476089477539e+00,3.068358898162841797e+00,2.995649099349975586e+00,2.926347732543945312e+00,2.861329078674316406e+00,2.800022602081298828e+00,2.741726636886596680e+00,2.686815261840820312e+00,2.634924173355102539e+00,2.585502624511718750e+00,2.538816928863525391e+00,2.494487524032592773e+00,2.452811002731323242e+00,2.413227319717407227e+00,2.375612258911132812e+00,2.339854001998901367e+00,2.305847883224487305e+00,2.273499250411987305e+00,2.242718935012817383e+00,2.213426589965820312e+00,2.185546875000000000e+00,2.159009695053100586e+00,2.133750915527343750e+00,2.109712600708007812e+00,2.086838483810424805e+00,2.065076351165771484e+00,2.044380664825439453e+00,2.024705648422241211e+00,2.006011247634887695e+00,1.988258838653564453e+00,1.971413612365722656e+00,1.955441594123840332e+00,1.940312862396240234e+00,1.925998449325561523e+00,1.912472128868103027e+00,1.899708747863769531e+00,1.887686133384704590e+00,1.876382470130920410e+00,1.865778684616088867e+00,1.855855703353881836e+00,1.846597552299499512e+00,1.837988138198852539e+00,1.830013751983642578e+00,1.822661161422729492e+00,1.815918207168579102e+00,1.809774160385131836e+00,1.804219126701354980e+00,1.799244642257690430e+00,1.794842839241027832e+00,1.791006684303283691e+00,1.787730216979980469e+00,1.785008430480957031e+00,1.782837152481079102e+00,1.781213283538818359e+00,1.780133962631225586e+00,1.779597759246826172e+00,1.779603838920593262e+00,1.780151963233947754e+00,1.781243324279785156e+00,1.782879352569580078e+00,1.785062670707702637e+00,1.787796616554260254e+00,1.791085362434387207e+00,1.794934153556823730e+00,1.799348473548889160e+00,1.804335713386535645e+00,1.809903264045715332e+00,1.816060781478881836e+00,1.822816967964172363e+00,1.830183267593383789e+00,1.838171601295471191e+00,1.846794962882995605e+00,1.856067895889282227e+00,1.866005182266235352e+00,1.876624584197998047e+00,1.887943744659423828e+00,1.899982810020446777e+00,1.912762641906738281e+00,1.926306247711181641e+00,1.940638184547424316e+00,1.955785155296325684e+00,1.971776485443115234e+00,1.988641262054443359e+00,2.006414175033569336e+00,2.025129795074462891e+00,2.044826984405517578e+00,2.065545558929443359e+00,2.058236837387084961e+00,2.001010656356811523e+00,1.947307229042053223e+00,1.897335410118103027e+00,1.849897384643554688e+00,1.805882334709167480e+00,1.763923764228820801e+00,1.724551320075988770e+00,1.687418580055236816e+00,1.652102828025817871e+00,1.618829846382141113e+00,1.587377786636352539e+00,1.557414174079895020e+00,1.529099583625793457e+00,1.502273082733154297e+00,1.477173686027526855e+00,1.453334808349609375e+00,1.430681824684143066e+00,1.409146547317504883e+00,1.388667106628417969e+00,1.369185328483581543e+00,1.350648283958435059e+00,1.333007454872131348e+00,1.316216945648193359e+00,1.300235271453857422e+00,1.285023570060729980e+00,1.270546793937683105e+00,1.256770849227905273e+00,1.243665218353271484e+00,1.231201171875000000e+00,1.219352126121520996e+00,1.208093643188476562e+00,1.197402596473693848e+00,1.187257528305053711e+00,1.177638649940490723e+00,1.168527603149414062e+00,1.159906983375549316e+00,1.151760816574096680e+00,1.144074320793151855e+00,1.136833667755126953e+00,1.130026102066040039e+00,1.123640179634094238e+00,1.117664217948913574e+00,1.112088561058044434e+00,1.106903672218322754e+00,1.102101325988769531e+00,1.097672939300537109e+00,1.093612313270568848e+00,1.089912056922912598e+00,1.086566567420959473e+00,1.083570837974548340e+00,1.080919623374938965e+00,1.078609347343444824e+00,1.076636314392089844e+00,1.074997067451477051e+00,1.073689460754394531e+00,1.072711348533630371e+00,1.072061419486999512e+00,1.071738481521606445e+00,esquerda
5.969448089599609375e+00,5.971287250518798828e+00,5.974947452545166016e+00,5.980435371398925781e+00,5.987759113311767578e+00,5.996929645538330078e+00,6.007961273193359375e+00,6.020870685577392578e+00,6.035678863525390625e+00,6.052407741546630859e+00,6.071084022521972656e+00,6.091737747192382812e+00,6.114400863647460938e+00,6.139111042022705078e+00,6.165906906127929688e+00,6.194833278656005859e+00,6.216887950897216797e+00,5.927595138549804688e+00,5.617964267730712891e+00,5.339547634124755859e+00,5.088994503021240234e+00,4.862554550170898438e+00,4.655554294586181641e+00,4.466485023498535156e+00,4.295217514038085938e+00,4.137233734130859375e+00,3.991184234619140625e+00,3.855379581451416016e+00,3.731095790863037109e+00,3.615183830261230469e+00,3.506449222564697266e+00,3.406044721603393555e+00,3.311635494232177734e+00,3.223047256469726562e+00,3.140626192092895508e+00,3.062393665313720703e+00,2.989816665649414062e+00,2.920642375946044922e+00,2.855742931365966797e+00,2.794548511505126953e+00,2.736359834671020508e+00,2.681550025939941406e+00,2.629754781723022461e+00,2.580424070358276367e+00,2.533824682235717773e+00,2.489456415176391602e+00,2.447863817214965820e+00,2.408360004425048828e+00,2.370820999145507812e+00,2.335134744644165039e+00,2.301197290420532227e+00,2.268913745880126953e+00,2.238196134567260742e+00,2.208962678909301758e+00,2.181138992309570312e+00,2.154655218124389648e+00,2.129447698593139648e+00,2.105457782745361328e+00,2.082629680633544922e+00,2.060911417007446289e+00,2.040257453918457031e+00,2.020622014999389648e+00,2.001965284347534180e+00,1.984248876571655273e+00,1.967437624931335449e+00,1.951497912406921387e+00,1.936399459838867188e+00,1.922114014625549316e+00,1.908614873886108398e+00,1.895877361297607422e+00,1.883878827095031738e+00,1.872597932815551758e+00,1.862015724182128906e+00,1.852112650871276855e+00,1.842873215675354004e+00,1.834281325340270996e+00,1.826322913169860840e+00,1.818985104560852051e+00,1.812255740165710449e+00,1.806124091148376465e+00,1.800580501556396484e+00,1.795615911483764648e+00,1.791222929954528809e+00,1.787394523620605469e+00,1.784124612808227539e+00,1.781408429145812988e+00,1.779241561889648438e+00,1.777620792388916016e+00,1.776543855667114258e+00,1.776008725166320801e+00,1.776014566421508789e+00,1.776561737060546875e+00,1.777650833129882812e+00,1.779283285140991211e+00,1.781462430953979492e+00,1.784190893173217773e+00,1.787472963333129883e+00,1.791313886642456055e+00,1.795719623565673828e+00,1.800696730613708496e+00,1.806253075599670410e+00,1.812397956848144531e+00,1.819140672683715820e+00,1.826492071151733398e+00,1.834464311599731445e+00,1.843070507049560547e+00,1.852324366569519043e+00,1.862241744995117188e+00,1.872839689254760742e+00,1.884136080741882324e+00,1.896150827407836914e+00,1.908905029296875000e+00,1.922420978546142578e+00,1.936724305152893066e+00,1.951840639114379883e+00,1.967799782752990723e+00,1.984630465507507324e+00,2.002367496490478516e+00,2.021045684814453125e+00,2.040702819824218750e+00,2.061379671096801758e+00,2.058218240737915039e+00,2.000993013381958008e+00,1.947290897369384766e+00,1.897319912910461426e+00,1.849882960319519043e+00,1.805868744850158691e+00,1.763910889625549316e+00,1.724539160728454590e+00,1.687407255172729492e+00,1.652092337608337402e+00,1.618819475173950195e+00,1.587368249893188477e+00,1.557404994964599609e+00,1.529090881347656250e+00,1.502273440361022949e+00,1.477174043655395508e+00,1.453334927558898926e+00,1.430682063102722168e+00,1.409146904945373535e+00,1.388667464256286621e+00,1.369185686111450195e+00,1.350648522377014160e+00,1.333007812500000000e+00,1.316217303276062012e+00,1.300235509872436523e+00,1.285023927688598633e+00,1.270547151565551758e+00,1.256771206855773926e+00,1.243665456771850586e+00,1.231201410293579102e+00,1.219352602958679199e+00,1.208093881607055664e+00,1.197402834892272949e+00,1.187257885932922363e+00,1.177639007568359375e+00,1.168527722358703613e+00,1.159907221794128418e+00,1.151761054992675781e+00,1.144074559211730957e+00,1.136833906173706055e+00,1.130026578903198242e+00,1.123640298843383789e+00,1.117664456367492676e+00,1.112088799476623535e+00,1.106903910636901855e+00,1.102101564407348633e+00,1.097673177719116211e+00,1.093612670898437500e+00,1.089912295341491699e+00,1.086566805839538574e+00,1.083571076393127441e+00,1.080919981002807617e+00,1.078609585762023926e+00,1.076636552810668945e+00,1.074997305870056152e+00,1.073689699172973633e+00,1.072711706161499023e+00,1.072061777114868164e+00,1.071738719940185547e+00,esquerda
5.969449520111083984e+00,5.971288681030273438e+00,5.974948883056640625e+00,5.980437278747558594e+00,5.987761020660400391e+00,5.996931076049804688e+00,6.007963180541992188e+00,6.020872592926025391e+00,6.035680770874023438e+00,6.052409648895263672e+00,6.071086406707763672e+00,6.091739654541015625e+00,6.114402770996093750e+00,6.139112949371337891e+00,6.165908336639404297e+00,6.194834232330322266e+00,6.216504096984863281e+00,5.915290355682373047e+00,5.606319904327392578e+00,5.328495025634765625e+00,5.078473567962646484e+00,4.852512359619140625e+00,4.645949363708496094e+00,4.457277774810791016e+00,4.286371231079101562e+00,4.128719329833984375e+00,3.982975721359252930e+00,3.847455263137817383e+00,3.723431587219238281e+00,3.607762813568115234e+00,3.499255418777465820e+00,3.399060964584350586e+00,3.304848432540893555e+00,3.216444730758666992e+00,3.134194374084472656e+00,3.056124925613403320e+00,2.983698844909667969e+00,2.914668321609497070e+00,2.849903345108032227e+00,2.788835525512695312e+00,2.730767488479614258e+00,2.676070928573608398e+00,2.624382257461547852e+00,2.575153589248657227e+00,2.528650283813476562e+00,2.484422445297241211e+00,2.442914009094238281e+00,2.403489828109741211e+00,2.366026878356933594e+00,2.330412864685058594e+00,2.296544075012207031e+00,2.264325618743896484e+00,2.233669996261596680e+00,2.204495668411254883e+00,2.176728725433349609e+00,2.150298118591308594e+00,2.125141620635986328e+00,2.101200103759765625e+00,2.078418254852294922e+00,2.056744098663330078e+00,2.036131620407104492e+00,2.016536235809326172e+00,1.997916936874389648e+00,1.980236530303955078e+00,1.963459253311157227e+00,1.947551608085632324e+00,1.932483911514282227e+00,1.918227314949035645e+00,1.904755234718322754e+00,1.892043471336364746e+00,1.880069375038146973e+00,1.868811488151550293e+00,1.858250498771667480e+00,1.848367452621459961e+00,1.839146614074707031e+00,1.830572009086608887e+00,1.822629809379577637e+00,1.815306663513183594e+00,1.808591246604919434e+00,1.802471756935119629e+00,1.796939373016357422e+00,1.791985034942626953e+00,1.787600755691528320e+00,1.783780097961425781e+00,1.780516862869262695e+00,1.777806162834167480e+00,1.775643467903137207e+00,1.774026274681091309e+00,1.772951364517211914e+00,1.772417306900024414e+00,1.772423267364501953e+00,1.772969245910644531e+00,1.774056196212768555e+00,1.775685310363769531e+00,1.777860045433044434e+00,1.780583024024963379e+00,1.783858418464660645e+00,1.787691712379455566e+00,1.792088389396667480e+00,1.797055363655090332e+00,1.802600622177124023e+00,1.808733224868774414e+00,1.815462112426757812e+00,1.822798609733581543e+00,1.830754876136779785e+00,1.839343309402465820e+00,1.848578691482543945e+00,1.858476042747497559e+00,1.869052648544311523e+00,1.880326032638549805e+00,1.892316460609436035e+00,1.905044794082641602e+00,1.918533802032470703e+00,1.932807922363281250e+00,1.947893857955932617e+00,1.963820695877075195e+00,1.980617284774780273e+00,1.998318433761596680e+00,2.016958713531494141e+00,2.036576032638549805e+00,2.057211399078369141e+00,2.058192729949951172e+00,2.000969171524047852e+00,1.947268009185791016e+00,1.897298574447631836e+00,1.849862694740295410e+00,1.805849432945251465e+00,1.763892650604248047e+00,1.724521875381469727e+00,1.687390923500061035e+00,1.652076721191406250e+00,1.618804693222045898e+00,1.587353825569152832e+00,1.557391166687011719e+00,1.529077887535095215e+00,1.502270579338073730e+00,1.477171063423156738e+00,1.453332424163818359e+00,1.430679440498352051e+00,1.409144520759582520e+00,1.388665080070495605e+00,1.369183421134948730e+00,1.350646138191223145e+00,1.333005428314208984e+00,1.316215157508850098e+00,1.300233483314514160e+00,1.285021662712097168e+00,1.270545125007629395e+00,1.256769180297851562e+00,1.243663430213928223e+00,1.231199622154235840e+00,1.219350695610046387e+00,1.208091855049133301e+00,1.197401046752929688e+00,1.187256097793579102e+00,1.177637100219726562e+00,1.168525815010070801e+00,1.159905433654785156e+00,1.151759266853332520e+00,1.144072771072387695e+00,1.136832118034362793e+00,1.130024790763854980e+00,1.123638629913330078e+00,1.117662787437438965e+00,1.112087249755859375e+00,1.106902241706848145e+00,1.102100014686584473e+00,1.097671627998352051e+00,1.093611001968383789e+00,1.089910626411437988e+00,1.086565256118774414e+00,1.083569526672363281e+00,1.080918431282043457e+00,1.078608155250549316e+00,1.076635003089904785e+00,1.074995756149291992e+00,1.073688268661499023e+00,1.072710156440734863e+00,1.072060227394104004e+00,1.071737289428710938e+00,esquerda
5.969450473785400391e+00,5.971289157867431641e+00,5.974949359893798828e+00,5.980437755584716797e+00,5.987761497497558594e+00,5.996931552886962891e+00,6.007963657379150391e+00,6.020873546600341797e+00,6.035681247711181641e+00,6.052410125732421875e+00,6.071086883544921875e+00,6.091740131378173828e+00,6.114403247833251953e+00,6.139113426208496094e+00,6.165908813476562500e+00,6.194835186004638672e+00,6.216120719909667969e+00,5.903017044067382812e+00,5.594704627990722656e+00,5.317470073699951172e+00,5.067978382110595703e+00,4.842495441436767578e+00,4.636367797851562500e+00,4.448094367980957031e+00,4.277546405792236328e+00,4.120225429534912109e+00,3.974786996841430664e+00,3.839550733566284180e+00,3.715786218643188477e+00,3.600358963012695312e+00,3.492077827453613281e+00,3.392091512680053711e+00,3.298075199127197266e+00,3.209855318069458008e+00,3.127775907516479492e+00,3.049867868423461914e+00,2.977591991424560547e+00,2.908704280853271484e+00,2.844073057174682617e+00,2.783132076263427734e+00,2.725183725357055664e+00,2.670599699020385742e+00,2.619017839431762695e+00,2.569890737533569336e+00,2.523483037948608398e+00,2.479392528533935547e+00,2.437967777252197266e+00,2.398623704910278320e+00,2.361236333847045898e+00,2.325694561004638672e+00,2.291893959045410156e+00,2.259741067886352539e+00,2.229147434234619141e+00,2.200031995773315430e+00,2.172321081161499023e+00,2.145944118499755859e+00,2.120838642120361328e+00,2.096945285797119141e+00,2.074209690093994141e+00,2.052579402923583984e+00,2.032008886337280273e+00,2.012452602386474609e+00,1.993871450424194336e+00,1.976226568222045898e+00,1.959483146667480469e+00,1.943607687950134277e+00,1.928570628166198730e+00,1.914342761039733887e+00,1.900898098945617676e+00,1.888212203979492188e+00,1.876262068748474121e+00,1.865027070045471191e+00,1.854487419128417969e+00,1.844624400138854980e+00,1.835422277450561523e+00,1.826864957809448242e+00,1.818938851356506348e+00,1.811630487442016602e+00,1.804928421974182129e+00,1.798821449279785156e+00,1.793300271034240723e+00,1.788355946540832520e+00,1.783980607986450195e+00,1.780167579650878906e+00,1.776911020278930664e+00,1.774205565452575684e+00,1.772047400474548340e+00,1.770433425903320312e+00,1.769360661506652832e+00,1.768827795982360840e+00,1.768833637237548828e+00,1.769378542900085449e+00,1.770463228225708008e+00,1.772089123725891113e+00,1.774259328842163086e+00,1.776976704597473145e+00,1.780245542526245117e+00,1.784070968627929688e+00,1.788458824157714844e+00,1.793415665626525879e+00,1.798949599266052246e+00,1.805069804191589355e+00,1.811785101890563965e+00,1.819106578826904297e+00,1.827046751976013184e+00,1.835617899894714355e+00,1.844834327697753906e+00,1.854711771011352539e+00,1.865266919136047363e+00,1.876517415046691895e+00,1.888483643531799316e+00,1.901186227798461914e+00,1.914647579193115234e+00,1.928892970085144043e+00,1.943948388099670410e+00,1.959842681884765625e+00,1.976605415344238281e+00,1.994270563125610352e+00,2.012873172760009766e+00,2.032450675964355469e+00,2.053044319152832031e+00,2.058177232742309570e+00,2.000954627990722656e+00,1.947254776954650879e+00,1.897285938262939453e+00,1.849851131439208984e+00,1.805838584899902344e+00,1.763882279396057129e+00,1.724512219429016113e+00,1.687381625175476074e+00,1.652068018913269043e+00,1.618796467781066895e+00,1.587346315383911133e+00,1.557384133338928223e+00,1.529071211814880371e+00,1.502269506454467773e+00,1.477170228958129883e+00,1.453331470489501953e+00,1.430678606033325195e+00,1.409143567085266113e+00,1.388664126396179199e+00,1.369182467460632324e+00,1.350645303726196289e+00,1.333004713058471680e+00,1.316214323043823242e+00,1.300232648849487305e+00,1.285020828247070312e+00,1.270544290542602539e+00,1.256768345832824707e+00,1.243662714958190918e+00,1.231198787689208984e+00,1.219349861145019531e+00,1.208091259002685547e+00,1.197400212287902832e+00,1.187255382537841797e+00,1.177636384963989258e+00,1.168525218963623047e+00,1.159904599189758301e+00,1.151758551597595215e+00,1.144071936607360840e+00,1.136831402778625488e+00,1.130024194717407227e+00,1.123637795448303223e+00,1.117662072181701660e+00,1.112086534500122070e+00,1.106901526451110840e+00,1.102099180221557617e+00,1.097670912742614746e+00,1.093610167503356934e+00,1.089909911155700684e+00,1.086564540863037109e+00,1.083568811416625977e+00,1.080917716026306152e+00,1.078607439994812012e+00,1.076634287834167480e+00,1.074995040893554688e+00,1.073687553405761719e+00,1.072709441184997559e+00,1.072059512138366699e+00,1.071736574172973633e+00,esquerda
5.969450473785400391e+00,5.971289157867431641e+00,5.974949359893798828e+00,5.980437278747558594e+00,5.987761020660400391e+00,5.996931552886962891e+00,6.007963657379150391e+00,6.020873069763183594e+00,6.035680770874023438e+00,6.052409648895263672e+00,6.071086406707763672e+00,6.091739654541015625e+00,6.114402770996093750e+00,6.139113426208496094e+00,6.165908813476562500e+00,6.194835662841796875e+00,6.215775966644287109e+00,5.892002105712890625e+00,5.584214687347412109e+00,5.307456970214843750e+00,5.058398723602294922e+00,4.833308696746826172e+00,4.627542972564697266e+00,4.439602851867675781e+00,4.269357681274414062e+00,4.112318038940429688e+00,3.967140674591064453e+00,3.832147121429443359e+00,3.708605766296386719e+00,3.593387126922607422e+00,3.485302448272705078e+00,3.385498285293579102e+00,3.291653394699096680e+00,3.203594923019409180e+00,3.121666193008422852e+00,3.043901205062866211e+00,2.971758604049682617e+00,2.902997970581054688e+00,2.838486194610595703e+00,2.777657747268676758e+00,2.719816446304321289e+00,2.665334224700927734e+00,2.613847494125366211e+00,2.564811706542968750e+00,2.518490076065063477e+00,2.474358320236206055e+00,2.433017969131469727e+00,2.393753290176391602e+00,2.356442213058471680e+00,2.320972442626953125e+00,2.287240743637084961e+00,2.255153179168701172e+00,2.224621295928955078e+00,2.195565223693847656e+00,2.167910337448120117e+00,2.141587257385253906e+00,2.116532325744628906e+00,2.092687845230102539e+00,2.069998264312744141e+00,2.048411846160888672e+00,2.027883052825927734e+00,2.008366823196411133e+00,1.989823222160339355e+00,1.972214102745056152e+00,1.955504775047302246e+00,1.939661622047424316e+00,1.924654841423034668e+00,1.910456061363220215e+00,1.897038698196411133e+00,1.884378314018249512e+00,1.872452735900878906e+00,1.861240506172180176e+00,1.850721955299377441e+00,1.840879321098327637e+00,1.831695675849914551e+00,1.823155760765075684e+00,1.815245747566223145e+00,1.807952284812927246e+00,1.801263809204101562e+00,1.795169353485107422e+00,1.789659142494201660e+00,1.784724950790405273e+00,1.780358552932739258e+00,1.776553153991699219e+00,1.773303270339965820e+00,1.770603418350219727e+00,1.768449664115905762e+00,1.766838788986206055e+00,1.765768408775329590e+00,1.765236377716064453e+00,1.765242218971252441e+00,1.765786051750183105e+00,1.766868591308593750e+00,1.768491148948669434e+00,1.770656943321228027e+00,1.773368954658508301e+00,1.776631116867065430e+00,1.780448675155639648e+00,1.784827589988708496e+00,1.789774298667907715e+00,1.795297026634216309e+00,1.801404953002929688e+00,1.808106541633605957e+00,1.815413355827331543e+00,1.823337316513061523e+00,1.831890821456909180e+00,1.841088771820068359e+00,1.850946068763732910e+00,1.861479759216308594e+00,1.872707605361938477e+00,1.884649515151977539e+00,1.897326231002807617e+00,1.910760283470153809e+00,1.924976587295532227e+00,1.940001487731933594e+00,1.955863595008850098e+00,1.972592234611511230e+00,1.990221738815307617e+00,2.008786439895629883e+00,2.028324365615844727e+00,2.048876047134399414e+00,2.057214498519897461e+00,2.000938415527343750e+00,1.947239279747009277e+00,1.897271752357482910e+00,1.849837660789489746e+00,1.805825710296630859e+00,1.763870477676391602e+00,1.724500894546508789e+00,1.687371134757995605e+00,1.652058005332946777e+00,1.618787050247192383e+00,1.587337255477905273e+00,1.557375550270080566e+00,1.529062986373901367e+00,1.502270579338073730e+00,1.477171063423156738e+00,1.453332185745239258e+00,1.430679440498352051e+00,1.409144282341003418e+00,1.388664841651916504e+00,1.369183063507080078e+00,1.350646018981933594e+00,1.333005309104919434e+00,1.316214799880981445e+00,1.300233244895935059e+00,1.285021543502807617e+00,1.270544886589050293e+00,1.256768941879272461e+00,1.243663072586059570e+00,1.231199264526367188e+00,1.219350457191467285e+00,1.208091616630554199e+00,1.197400808334350586e+00,1.187255740165710449e+00,1.177636861801147461e+00,1.168525576591491699e+00,1.159904956817626953e+00,1.151758909225463867e+00,1.144072294235229492e+00,1.136831641197204590e+00,1.130024433135986328e+00,1.123638153076171875e+00,1.117662310600280762e+00,1.112086653709411621e+00,1.106901764869689941e+00,1.102099537849426270e+00,1.097671151161193848e+00,1.093610525131225586e+00,1.089910030364990234e+00,1.086564660072326660e+00,1.083568930625915527e+00,1.080917835235595703e+00,1.078607678413391113e+00,1.076634526252746582e+00,1.074995279312133789e+00,1.073687672615051270e+00,1.072709679603576660e+00,1.072059750556945801e+00,1.071736693382263184e+00,esquerda
5.969451427459716797e+00,5.971290588378906250e+00,5.974950790405273438e+00,5.980438709259033203e+00,5.987762451171875000e+00,5.996932983398437500e+00,6.007964611053466797e+00,6.020874500274658203e+00,6.035682201385498047e+00,6.052411556243896484e+00,6.071087837219238281e+00,6.091741085052490234e+00,6.114404201507568359e+00,6.139114379882812500e+00,6.165909767150878906e+00,6.194836139678955078e+00,6.215392589569091797e+00,5.879730224609375000e+00,5.572601318359375000e+00,5.296433448791503906e+00,5.047904014587402344e+00,4.823291778564453125e+00,4.617962837219238281e+00,4.430418491363525391e+00,4.260533332824707031e+00,4.103824138641357422e+00,3.958952188491821289e+00,3.824242115020751953e+00,3.700959444046020508e+00,3.585982322692871094e+00,3.478123903274536133e+00,3.378528356552124023e+00,3.284879446029663086e+00,3.197004795074462891e+00,3.115246534347534180e+00,3.037643671035766602e+00,2.965650796890258789e+00,2.897032976150512695e+00,2.832655191421508789e+00,2.771952867507934570e+00,2.714231729507446289e+00,2.659862279891967773e+00,2.608482360839843750e+00,2.559547901153564453e+00,2.513322114944458008e+00,2.469326972961425781e+00,2.428070783615112305e+00,2.388885974884033203e+00,2.351650476455688477e+00,2.316252946853637695e+00,2.282589912414550781e+00,2.250567197799682617e+00,2.220097541809082031e+00,2.191100597381591797e+00,2.163502216339111328e+00,2.137232303619384766e+00,2.112228631973266602e+00,2.088432550430297852e+00,2.065788984298706055e+00,2.044246673583984375e+00,2.023759603500366211e+00,2.004282951354980469e+00,1.985776662826538086e+00,1.968203783035278320e+00,1.951528429985046387e+00,1.935717463493347168e+00,1.920741319656372070e+00,1.906571269035339355e+00,1.893181324005126953e+00,1.880546569824218750e+00,1.868645071983337402e+00,1.857455611228942871e+00,1.846958756446838379e+00,1.837135791778564453e+00,1.827970981597900391e+00,1.819448590278625488e+00,1.811554551124572754e+00,1.804275989532470703e+00,1.797600984573364258e+00,1.791519045829772949e+00,1.786020159721374512e+00,1.781095862388610840e+00,1.776738405227661133e+00,1.772940874099731445e+00,1.769697427749633789e+00,1.767002940177917480e+00,1.764853477478027344e+00,1.763246059417724609e+00,1.762177705764770508e+00,1.761646986007690430e+00,1.761652946472167969e+00,1.762195467948913574e+00,1.763275861740112305e+00,1.764895200729370117e+00,1.767056465148925781e+00,1.769762873649597168e+00,1.773018479347229004e+00,1.776828289031982422e+00,1.781198263168334961e+00,1.786135077476501465e+00,1.791646480560302734e+00,1.797741770744323730e+00,1.804429888725280762e+00,1.811721920967102051e+00,1.819629669189453125e+00,1.828166127204895020e+00,1.837345004081726074e+00,1.847182393074035645e+00,1.857694506645202637e+00,1.868899583816528320e+00,1.880817055702209473e+00,1.893468022346496582e+00,1.906874895095825195e+00,1.921062231063842773e+00,1.936056613922119141e+00,1.951886534690856934e+00,1.968581199645996094e+00,1.986174821853637695e+00,2.004701614379882812e+00,2.024199724197387695e+00,2.044709682464599609e+00,2.054007768630981445e+00,2.001008033752441406e+00,1.947302579879760742e+00,1.897329211235046387e+00,1.849889636039733887e+00,1.805873155593872070e+00,1.763913393020629883e+00,1.724539756774902344e+00,1.687406182289123535e+00,1.652089715003967285e+00,1.618815660476684570e+00,1.587362885475158691e+00,1.557398319244384766e+00,1.529083251953125000e+00,1.502267837524414062e+00,1.477168440818786621e+00,1.453329801559448242e+00,1.430676698684692383e+00,1.409141778945922852e+00,1.388662338256835938e+00,1.369180798530578613e+00,1.350643634796142578e+00,1.333002924919128418e+00,1.316212534904479980e+00,1.300230979919433594e+00,1.285019278526306152e+00,1.270542621612548828e+00,1.256766676902770996e+00,1.243661046028137207e+00,1.231197237968444824e+00,1.219348311424255371e+00,1.208089590072631836e+00,1.197398781776428223e+00,1.187253832817077637e+00,1.177634954452514648e+00,1.168523788452148438e+00,1.159903168678283691e+00,1.151757121086120605e+00,1.144070625305175781e+00,1.136829972267150879e+00,1.130022764205932617e+00,1.123636484146118164e+00,1.117660760879516602e+00,1.112084984779357910e+00,1.106900334358215332e+00,1.102097749710083008e+00,1.097669601440429688e+00,1.093608856201171875e+00,1.089908599853515625e+00,1.086563229560852051e+00,1.083567500114440918e+00,1.080916404724121094e+00,1.078606128692626953e+00,1.076632976531982422e+00,1.074993729591369629e+00,1.073686242103576660e+00,1.072708129882812500e+00,1.072058200836181641e+00,1.071735382080078125e+00,esquerda
5.969452381134033203e+00,5.971291542053222656e+00,5.974951744079589844e+00,5.980439662933349609e+00,5.987763881683349609e+00,5.996933937072753906e+00,6.007966041564941406e+00,6.020875453948974609e+00,6.035683155059814453e+00,6.052412509918212891e+00,6.071088790893554688e+00,6.091742515563964844e+00,6.114405632019042969e+00,6.139115333557128906e+00,6.165911197662353516e+00,6.194837093353271484e+00,6.211362361907958984e+00,5.867457866668701172e+00,5.560986995697021484e+00,5.285409450531005859e+00,5.037409782409667969e+00,4.813275337219238281e+00,4.608382701873779297e+00,4.421235561370849609e+00,4.251708984375000000e+00,4.095331192016601562e+00,3.950763940811157227e+00,3.816338062286376953e+00,3.693315267562866211e+00,3.578578948974609375e+00,3.470946311950683594e+00,3.371559381484985352e+00,3.278106451034545898e+00,3.190415382385253906e+00,3.108828067779541016e+00,3.031386852264404297e+00,2.959544181823730469e+00,2.891069412231445312e+00,2.826825618743896484e+00,2.766249418258666992e+00,2.708648204803466797e+00,2.654391527175903320e+00,2.603118181228637695e+00,2.554285049438476562e+00,2.508154869079589844e+00,2.464294910430908203e+00,2.423122644424438477e+00,2.384017944335937500e+00,2.346858501434326172e+00,2.311532974243164062e+00,2.277938365936279297e+00,2.245981216430664062e+00,2.215573549270629883e+00,2.186635971069335938e+00,2.159093379974365234e+00,2.132877588272094727e+00,2.107924699783325195e+00,2.084177255630493164e+00,2.061579942703247070e+00,2.040081262588500977e+00,2.019636154174804688e+00,2.000199079513549805e+00,1.981730937957763672e+00,1.964193463325500488e+00,1.947552204132080078e+00,1.931773424148559570e+00,1.916827678680419922e+00,1.902686595916748047e+00,1.889323949813842773e+00,1.876715064048767090e+00,1.864837884902954102e+00,1.853671312332153320e+00,1.843195796012878418e+00,1.833392858505249023e+00,1.824246764183044434e+00,1.815741539001464844e+00,1.807863593101501465e+00,1.800600051879882812e+00,1.793938755989074707e+00,1.787869095802307129e+00,1.782381415367126465e+00,1.777467250823974609e+00,1.773118495941162109e+00,1.769328832626342773e+00,1.766092061996459961e+00,1.763403177261352539e+00,1.761258125305175781e+00,1.759654045104980469e+00,1.758587718009948730e+00,1.758058071136474609e+00,1.758064031600952148e+00,1.758605480194091797e+00,1.759683609008789062e+00,1.761299729347229004e+00,1.763456583023071289e+00,1.766157507896423340e+00,1.769406676292419434e+00,1.773208618164062500e+00,1.777569651603698730e+00,1.782496571540832520e+00,1.787996649742126465e+00,1.794079661369323730e+00,1.800754189491271973e+00,1.808031201362609863e+00,1.815922975540161133e+00,1.824442148208618164e+00,1.833602190017700195e+00,1.843419551849365234e+00,1.853910565376281738e+00,1.865092635154724121e+00,1.876986026763916016e+00,1.889611244201660156e+00,1.902990579605102539e+00,1.917149305343627930e+00,1.932113051414489746e+00,1.947910666465759277e+00,1.964571356773376465e+00,1.982128977775573730e+00,2.000618219375610352e+00,2.020076751708984375e+00,2.040544986724853516e+00,2.050811767578125000e+00,2.001117467880249023e+00,1.947407126426696777e+00,1.897429347038269043e+00,1.849985599517822266e+00,1.805965185165405273e+00,1.764001727104187012e+00,1.724624872207641602e+00,1.687488079071044922e+00,1.652168512344360352e+00,1.618891954421997070e+00,1.587436437606811523e+00,1.557469725608825684e+00,1.529152274131774902e+00,1.502266883850097656e+00,1.477167367935180664e+00,1.453328847885131836e+00,1.430675864219665527e+00,1.409140825271606445e+00,1.388661503791809082e+00,1.369180083274841309e+00,1.350642919540405273e+00,1.333002209663391113e+00,1.316211700439453125e+00,1.300230145454406738e+00,1.285018563270568848e+00,1.270541787147521973e+00,1.256765842437744141e+00,1.243660330772399902e+00,1.231196284294128418e+00,1.219347357749938965e+00,1.208088994026184082e+00,1.197397828102111816e+00,1.187252998352050781e+00,1.177634239196777344e+00,1.168522953987121582e+00,1.159902453422546387e+00,1.151756286621093750e+00,1.144069790840148926e+00,1.136829257011413574e+00,1.130022048950195312e+00,1.123635649681091309e+00,1.117660164833068848e+00,1.112084269523620605e+00,1.106899499893188477e+00,1.102097034454345703e+00,1.097668886184692383e+00,1.093608140945434570e+00,1.089907884597778320e+00,1.086562514305114746e+00,1.083566784858703613e+00,1.080915689468383789e+00,1.078605413436889648e+00,1.076632261276245117e+00,1.074993014335632324e+00,1.073685526847839355e+00,1.072707414627075195e+00,1.072057485580444336e+00,1.071734666824340820e+00,esquerda
5.969452857971191406e+00,5.971292018890380859e+00,5.974952220916748047e+00,5.980440139770507812e+00,5.987764358520507812e+00,5.996934413909912109e+00,6.007966518402099609e+00,6.020875930786132812e+00,6.035684108734130859e+00,6.052412986755371094e+00,6.071089267730712891e+00,6.091742992401123047e+00,6.114406108856201172e+00,6.139115810394287109e+00,6.165911674499511719e+00,6.194837570190429688e+00,6.198319435119628906e+00,5.855158805847167969e+00,5.549346923828125000e+00,5.274361133575439453e+00,5.026892662048339844e+00,4.803236484527587891e+00,4.598779678344726562e+00,4.412031650543212891e+00,4.242865562438964844e+00,4.086818695068359375e+00,3.942558050155639648e+00,3.808414936065673828e+00,3.685652017593383789e+00,3.571158170700073242e+00,3.463752985000610352e+00,3.364576101303100586e+00,3.271319627761840820e+00,3.183813095092773438e+00,3.102397441864013672e+00,3.025118589401245117e+00,2.953426837921142578e+00,2.885095357894897461e+00,2.820985794067382812e+00,2.760536670684814453e+00,2.703055858612060547e+00,2.648912191390991211e+00,2.597745895385742188e+00,2.549014329910278320e+00,2.502980470657348633e+00,2.459261655807495117e+00,2.418174028396606445e+00,2.379148960113525391e+00,2.342065334320068359e+00,2.306811809539794922e+00,2.273286104202270508e+00,2.241394281387329102e+00,2.211048841476440430e+00,2.182170152664184570e+00,2.154683828353881836e+00,2.128521442413330078e+00,2.103619575500488281e+00,2.079920530319213867e+00,2.057369232177734375e+00,2.035914659500122070e+00,2.015511035919189453e+00,1.996114134788513184e+00,1.977683305740356445e+00,1.960181951522827148e+00,1.943574547767639160e+00,1.927827954292297363e+00,1.912913084030151367e+00,1.898800730705261230e+00,1.885465264320373535e+00,1.872882246971130371e+00,1.861029386520385742e+00,1.849885463714599609e+00,1.839431285858154297e+00,1.829648375511169434e+00,1.820520997047424316e+00,1.812033176422119141e+00,1.804171323776245117e+00,1.796922683715820312e+00,1.790274977684020996e+00,1.784217476844787598e+00,1.778741121292114258e+00,1.773836970329284668e+00,1.769497275352478027e+00,1.765715122222900391e+00,1.762485027313232422e+00,1.759801626205444336e+00,1.757660984992980957e+00,1.756060123443603516e+00,1.754996180534362793e+00,1.754467487335205078e+00,1.754473328590393066e+00,1.755013942718505859e+00,1.756089806556701660e+00,1.757702589035034180e+00,1.759855031967163086e+00,1.762550473213195801e+00,1.765792846679687500e+00,1.769587159156799316e+00,1.773939251899719238e+00,1.778856039047241211e+00,1.784345149993896484e+00,1.790415525436401367e+00,1.797076344490051270e+00,1.804338693618774414e+00,1.812214136123657227e+00,1.820715904235839844e+00,1.829857587814331055e+00,1.839654684066772461e+00,1.850124001502990723e+00,1.861283421516418457e+00,1.873152613639831543e+00,1.885751962661743164e+00,1.899104118347167969e+00,1.913233876228332520e+00,1.928166985511779785e+00,1.943932414054870605e+00,1.960559010505676270e+00,1.978080868721008301e+00,1.996532201766967773e+00,2.015951395034790039e+00,2.036377191543579102e+00,2.047582864761352539e+00,2.001098632812500000e+00,1.947389602661132812e+00,1.897412776947021484e+00,1.849970340728759766e+00,1.805950880050659180e+00,1.763988375663757324e+00,1.724612355232238770e+00,1.687476396560668945e+00,1.652157545089721680e+00,1.618881225585937500e+00,1.587426662445068359e+00,1.557460427284240723e+00,1.529143571853637695e+00,1.502266168594360352e+00,1.477166891098022461e+00,1.453328132629394531e+00,1.430675387382507324e+00,1.409140348434448242e+00,1.388660907745361328e+00,1.369179487228393555e+00,1.350642323493957520e+00,1.333001613616943359e+00,1.316211104393005371e+00,1.300229668617248535e+00,1.285017967224121094e+00,1.270541191101074219e+00,1.256765246391296387e+00,1.243659734725952148e+00,1.231195807456970215e+00,1.219347000122070312e+00,1.208088278770446777e+00,1.197397232055664062e+00,1.187252283096313477e+00,1.177633404731750488e+00,1.168522357940673828e+00,1.159901738166809082e+00,1.151755690574645996e+00,1.144069075584411621e+00,1.136828422546386719e+00,1.130021214485168457e+00,1.123635053634643555e+00,1.117659211158752441e+00,1.112083554267883301e+00,1.106898665428161621e+00,1.102096319198608398e+00,1.097668051719665527e+00,1.093607425689697266e+00,1.089907050132751465e+00,1.086561799049377441e+00,1.083566069602966309e+00,1.080914974212646484e+00,1.078604698181152344e+00,1.076631546020507812e+00,1.074992299079895020e+00,1.073684692382812500e+00,1.072706580162048340e+00,1.072056651115417480e+00,1.071733713150024414e+00,esquerda
5.969452857971191406e+00,5.971292018890380859e+00,5.974952220916748047e+00,5.980440139770507812e+00,5.987763881683349609e+00,5.996934413909912109e+00,6.007966041564941406e+00,6.020875453948974609e+00,6.035683631896972656e+00,6.052412509918212891e+00,6.071088790893554688e+00,6.091742515563964844e+00,6.114405632019042969e+00,6.139115810394287109e+00,6.165911674499511719e+00,6.194838047027587891e+00,6.186729431152343750e+00,5.844149589538574219e+00,5.538861274719238281e+00,5.264350414276123047e+00,5.017313003540039062e+00,4.794049739837646484e+00,4.589954853057861328e+00,4.403538227081298828e+00,4.234674453735351562e+00,4.078907966613769531e+00,3.934907674789428711e+00,3.801008224487304688e+00,3.678468465805053711e+00,3.564183950424194336e+00,3.456975460052490234e+00,3.357980251312255859e+00,3.264895915985107422e+00,3.177550792694091797e+00,3.096285581588745117e+00,3.019150495529174805e+00,2.947591543197631836e+00,2.879387140274047852e+00,2.815397024154663086e+00,2.755060672760009766e+00,2.697687387466430664e+00,2.643644809722900391e+00,2.592574119567871094e+00,2.543934106826782227e+00,2.497986555099487305e+00,2.454231023788452148e+00,2.413226842880249023e+00,2.374282121658325195e+00,2.337274074554443359e+00,2.302092552185058594e+00,2.268635511398315430e+00,2.236808776855468750e+00,2.206525564193725586e+00,2.177705764770507812e+00,2.150275945663452148e+00,2.124166727066040039e+00,2.099315881729125977e+00,2.075665235519409180e+00,2.053160190582275391e+00,2.031749486923217773e+00,2.011387586593627930e+00,1.992030143737792969e+00,1.973637461662292480e+00,1.956171512603759766e+00,1.939598202705383301e+00,1.923883795738220215e+00,1.908999204635620117e+00,1.894915819168090820e+00,1.881607651710510254e+00,1.869050264358520508e+00,1.857221722602844238e+00,1.846100568771362305e+00,1.835667729377746582e+00,1.825904846191406250e+00,1.816796064376831055e+00,1.808325767517089844e+00,1.800479888916015625e+00,1.793245911598205566e+00,1.786611914634704590e+00,1.780566811561584473e+00,1.775101542472839355e+00,1.770207405090332031e+00,1.765876531600952148e+00,1.762102246284484863e+00,1.758878588676452637e+00,1.756200909614562988e+00,1.754064559936523438e+00,1.752466797828674316e+00,1.751405000686645508e+00,1.750877380371093750e+00,1.750883221626281738e+00,1.751422524452209473e+00,1.752496480941772461e+00,1.754105806350708008e+00,1.756253957748413086e+00,1.758943796157836914e+00,1.762179374694824219e+00,1.765966057777404785e+00,1.770309329032897949e+00,1.775215744972229004e+00,1.780693531036376953e+00,1.786751747131347656e+00,1.793398737907409668e+00,1.800646185874938965e+00,1.808505773544311523e+00,1.816989898681640625e+00,1.826112866401672363e+00,1.835889935493469238e+00,1.846337914466857910e+00,1.857474565505981445e+00,1.869319200515747070e+00,1.881892919540405273e+00,1.895217537879943848e+00,1.909318327903747559e+00,1.924221158027648926e+00,1.939954042434692383e+00,1.956546664237976074e+00,1.974032640457153320e+00,1.992446184158325195e+00,2.011825561523437500e+00,2.032209873199462891e+00,2.044347047805786133e+00,2.001051187515258789e+00,1.947344779968261719e+00,1.897370457649230957e+00,1.849930047988891602e+00,1.805912613868713379e+00,1.763952016830444336e+00,1.724577665328979492e+00,1.687443256378173828e+00,1.652126073837280273e+00,1.618851184844970703e+00,1.587398052215576172e+00,1.557432770729064941e+00,1.529117226600646973e+00,1.502265334129333496e+00,1.477165937423706055e+00,1.453327417373657227e+00,1.430674433708190918e+00,1.409139394760131836e+00,1.388659954071044922e+00,1.369178533554077148e+00,1.350641369819641113e+00,1.333000779151916504e+00,1.316210269927978516e+00,1.300228714942932129e+00,1.285017132759094238e+00,1.270540356636047363e+00,1.256764411926269531e+00,1.243658781051635742e+00,1.231194972991943359e+00,1.219346165657043457e+00,1.208087563514709473e+00,1.197396516799926758e+00,1.187251687049865723e+00,1.177632927894592285e+00,1.168521523475646973e+00,1.159901022911071777e+00,1.151754975318908691e+00,1.144068479537963867e+00,1.136827826499938965e+00,1.130020499229431152e+00,1.123634338378906250e+00,1.117658495903015137e+00,1.112082839012145996e+00,1.106897950172424316e+00,1.102095723152160645e+00,1.097667336463928223e+00,1.093606710433959961e+00,1.089906334877014160e+00,1.086560964584350586e+00,1.083565235137939453e+00,1.080914139747619629e+00,1.078603863716125488e+00,1.076630830764770508e+00,1.074991464614868164e+00,1.073683977127075195e+00,1.072705864906311035e+00,1.072056055068969727e+00,1.071732997894287109e+00,esquerda
5.969454765319824219e+00,5.971293449401855469e+00,5.974953651428222656e+00,5.980442047119140625e+00,5.987765789031982422e+00,5.996935844421386719e+00,6.007967948913574219e+00,6.020877361297607422e+00,6.035685539245605469e+00,6.052414417266845703e+00,6.071091175079345703e+00,6.091744422912597656e+00,6.114407539367675781e+00,6.139117717742919922e+00,6.165913105010986328e+00,6.194839000701904297e+00,6.173701286315917969e+00,5.831865310668945312e+00,5.527237415313720703e+00,5.253319263458251953e+00,5.006813049316406250e+00,4.784029483795166016e+00,4.580371379852294922e+00,4.394353389739990234e+00,4.225849151611328125e+00,4.070414543151855469e+00,3.926720380783081055e+00,3.793105363845825195e+00,3.670824527740478516e+00,3.556781291961669922e+00,3.449799060821533203e+00,3.351012229919433594e+00,3.258123874664306641e+00,3.170962095260620117e+00,3.089867830276489258e+00,3.012894392013549805e+00,2.941485643386840820e+00,2.873424053192138672e+00,2.809567928314208984e+00,2.749357700347900391e+00,2.692104101181030273e+00,2.638175010681152344e+00,2.587210655212402344e+00,2.538671970367431641e+00,2.492820024490356445e+00,2.449197053909301758e+00,2.408277273178100586e+00,2.369411706924438477e+00,2.332480192184448242e+00,2.297371149063110352e+00,2.263982295989990234e+00,2.232220888137817383e+00,2.201999425888061523e+00,2.173238992691040039e+00,2.145865440368652344e+00,2.119809865951538086e+00,2.095010042190551758e+00,2.071407794952392578e+00,2.048948764801025391e+00,2.027582168579101562e+00,2.007261991500854492e+00,1.987944245338439941e+00,1.969589233398437500e+00,1.952159166336059570e+00,1.935619711875915527e+00,1.919937610626220703e+00,1.905083537101745605e+00,1.891029238700866699e+00,1.877748131752014160e+00,1.865216612815856934e+00,1.853412270545959473e+00,1.842313885688781738e+00,1.831902623176574707e+00,1.822159767150878906e+00,1.813069701194763184e+00,1.804616570472717285e+00,1.796786904335021973e+00,1.789567708969116211e+00,1.782947301864624023e+00,1.776914715766906738e+00,1.771460533142089844e+00,1.766576528549194336e+00,1.762254476547241211e+00,1.758487820625305176e+00,1.755270838737487793e+00,1.752598643302917480e+00,1.750466585159301758e+00,1.748872280120849609e+00,1.747812628746032715e+00,1.747286200523376465e+00,1.747292041778564453e+00,1.747830271720886230e+00,1.748901724815368652e+00,1.750507831573486328e+00,1.752651810646057129e+00,1.755335927009582520e+00,1.758564949035644531e+00,1.762343883514404297e+00,1.766678214073181152e+00,1.771574616432189941e+00,1.777041077613830566e+00,1.783086895942687988e+00,1.789720416069030762e+00,1.796952724456787109e+00,1.804796338081359863e+00,1.813262939453125000e+00,1.822367310523986816e+00,1.832124233245849609e+00,1.842550754547119141e+00,1.853664636611938477e+00,1.865484833717346191e+00,1.878032684326171875e+00,1.891330242156982422e+00,1.905402064323425293e+00,1.920274257659912109e+00,1.935974955558776855e+00,1.952533483505249023e+00,1.969983816146850586e+00,1.988359570503234863e+00,2.007699012756347656e+00,2.028041601181030273e+00,2.041123151779174805e+00,2.001057147979736328e+00,1.947350978851318359e+00,1.897376537322998047e+00,1.849936366081237793e+00,1.805919051170349121e+00,1.763958334922790527e+00,1.724584102630615234e+00,1.687449693679809570e+00,1.652132511138916016e+00,1.618857741355895996e+00,1.587404251098632812e+00,1.557439327239990234e+00,1.529123663902282715e+00,1.502263903617858887e+00,1.477164506912231445e+00,1.453325867652893066e+00,1.430673003196716309e+00,1.409137964248657227e+00,1.388658761978149414e+00,1.369177103042602539e+00,1.350640177726745605e+00,1.332999587059020996e+00,1.316209077835083008e+00,1.300227761268615723e+00,1.285016179084777832e+00,1.270539402961730957e+00,1.256763458251953125e+00,1.243657946586608887e+00,1.231194019317626953e+00,1.219345092773437500e+00,1.208086729049682617e+00,1.197395563125610352e+00,1.187250733375549316e+00,1.177631974220275879e+00,1.168520689010620117e+00,1.159900188446044922e+00,1.151754140853881836e+00,1.144067645072937012e+00,1.136827111244201660e+00,1.130019664764404297e+00,1.123633623123168945e+00,1.117657780647277832e+00,1.112082123756408691e+00,1.106897234916687012e+00,1.102095007896423340e+00,1.097666740417480469e+00,1.093606114387512207e+00,1.089905738830566406e+00,1.086560487747192383e+00,1.083564758300781250e+00,1.080913543701171875e+00,1.078603267669677734e+00,1.076630234718322754e+00,1.074990987777709961e+00,1.073683500289916992e+00,1.072705388069152832e+00,1.072055459022521973e+00,1.071732521057128906e+00,esquerda
5.969455242156982422e+00,5.971293926239013672e+00,5.974954128265380859e+00,5.980442523956298828e+00,5.987766265869140625e+00,5.996936321258544922e+00,6.007968425750732422e+00,6.020878314971923828e+00,6.035686016082763672e+00,6.052414894104003906e+00,6.071091651916503906e+00,6.091744899749755859e+00,6.114408016204833984e+00,6.139118194580078125e+00,6.165914058685302734e+00,6.194839954376220703e+00,6.160693168640136719e+00,5.819596767425537109e+00,5.515627861022949219e+00,5.242298603057861328e+00,4.996322154998779297e+00,4.774015903472900391e+00,4.570792675018310547e+00,4.385171413421630859e+00,4.217027187347412109e+00,4.061922550201416016e+00,3.918533325195312500e+00,3.785201787948608398e+00,3.663180351257324219e+00,3.549378156661987305e+00,3.442622184753417969e+00,3.344043970108032227e+00,3.251350879669189453e+00,3.164373159408569336e+00,3.083449363708496094e+00,3.006638288497924805e+00,2.935379028320312500e+00,2.867460489273071289e+00,2.803738117218017578e+00,2.743654251098632812e+00,2.686520338058471680e+00,2.632703781127929688e+00,2.581846237182617188e+00,2.533409118652343750e+00,2.487652540206909180e+00,2.444164991378784180e+00,2.403329133987426758e+00,2.364543676376342773e+00,2.327687740325927734e+00,2.292650699615478516e+00,2.259330749511718750e+00,2.227634668350219727e+00,2.197475671768188477e+00,2.168774127960205078e+00,2.141456842422485352e+00,2.115454912185668945e+00,2.090705633163452148e+00,2.067152261734008789e+00,2.044739484786987305e+00,2.023416757583618164e+00,2.003138303756713867e+00,1.983860254287719727e+00,1.965542674064636230e+00,1.948148727416992188e+00,1.931643486022949219e+00,1.915993452072143555e+00,1.901170134544372559e+00,1.887144327163696289e+00,1.873890757560729980e+00,1.861384868621826172e+00,1.849604725837707520e+00,1.838529348373413086e+00,1.828139424324035645e+00,1.818416595458984375e+00,1.809345126152038574e+00,1.800909519195556641e+00,1.793095946311950684e+00,1.785891652107238770e+00,1.779284834861755371e+00,1.773264646530151367e+00,1.767821788787841797e+00,1.762947678565979004e+00,1.758634448051452637e+00,1.754875659942626953e+00,1.751665472984313965e+00,1.748998522758483887e+00,1.746870994567871094e+00,1.745280027389526367e+00,1.744222521781921387e+00,1.743697166442871094e+00,1.743703126907348633e+00,1.744240164756774902e+00,1.745309472084045410e+00,1.746912360191345215e+00,1.749051809310913086e+00,1.751730561256408691e+00,1.754952907562255859e+00,1.758723855018615723e+00,1.763049244880676270e+00,1.767935872077941895e+00,1.773391246795654297e+00,1.779424428939819336e+00,1.786044478416442871e+00,1.793262124061584473e+00,1.801089286804199219e+00,1.809538841247558594e+00,1.818624377250671387e+00,1.828361392021179199e+00,1.838766574859619141e+00,1.849857330322265625e+00,1.861653447151184082e+00,1.874175667762756348e+00,1.887445688247680664e+00,1.901488780975341797e+00,1.916330337524414062e+00,1.931998848915100098e+00,1.948523402214050293e+00,1.965937852859497070e+00,1.984276175498962402e+00,2.003575801849365234e+00,2.023876428604125977e+00,2.037886381149291992e+00,2.000996589660644531e+00,1.947293519973754883e+00,1.897322058677673340e+00,1.849884629249572754e+00,1.805869936943054199e+00,1.763911604881286621e+00,1.724539637565612793e+00,1.687407255172729492e+00,1.652091741561889648e+00,1.618818879127502441e+00,1.587367057800292969e+00,1.557403683662414551e+00,1.529089450836181641e+00,1.502263426780700684e+00,1.477164149284362793e+00,1.453325390815734863e+00,1.430672526359558105e+00,1.409137487411499023e+00,1.388658285140991211e+00,1.369176745414733887e+00,1.350639581680297852e+00,1.332998991012573242e+00,1.316208481788635254e+00,1.300227046012878418e+00,1.285015463829040527e+00,1.270538687705993652e+00,1.256762862205505371e+00,1.243657112121582031e+00,1.231193304061889648e+00,1.219344377517700195e+00,1.208085894584655762e+00,1.197394847869873047e+00,1.187250018119812012e+00,1.177631139755249023e+00,1.168519973754882812e+00,1.159899592399597168e+00,1.151753544807434082e+00,1.144066929817199707e+00,1.136826395988464355e+00,1.130018949508666992e+00,1.123632907867431641e+00,1.117657065391540527e+00,1.112081527709960938e+00,1.106896519660949707e+00,1.102094292640686035e+00,1.097665905952453613e+00,1.093605399131774902e+00,1.089905023574829102e+00,1.086559653282165527e+00,1.083564043045043945e+00,1.080912828445434570e+00,1.078602552413940430e+00,1.076629400253295898e+00,1.074990153312683105e+00,1.073682665824890137e+00,1.072704553604125977e+00,1.072054624557495117e+00,1.071731686592102051e+00,esquerda
5.969455242156982422e+00,5.971293926239013672e+00,5.974954128265380859e+00,5.980442047119140625e+00,5.987765789031982422e+00,5.996936321258544922e+00,6.007967948913574219e+00,6.020877838134765625e+00,6.035685539245605469e+00,6.052414417266845703e+00,6.071091175079345703e+00,6.091744422912597656e+00,6.114407539367675781e+00,6.139118194580078125e+00,6.165914058685302734e+00,6.194840431213378906e+00,6.148187637329101562e+00,5.807735919952392578e+00,5.504344940185546875e+00,5.231540203094482422e+00,4.986038208007812500e+00,4.764162540435791016e+00,4.561335563659667969e+00,4.376077651977539062e+00,4.208264350891113281e+00,4.053465366363525391e+00,3.910360097885131836e+00,3.777299165725708008e+00,3.655535936355590820e+00,3.541975259780883789e+00,3.435445070266723633e+00,3.337075471878051758e+00,3.244578599929809570e+00,3.157784223556518555e+00,3.077031373977661133e+00,3.000381946563720703e+00,2.929272651672363281e+00,2.861496686935424805e+00,2.797908782958984375e+00,2.737951040267944336e+00,2.680937051773071289e+00,2.627233266830444336e+00,2.576482057571411133e+00,2.528146266937255859e+00,2.482485532760620117e+00,2.439131498336791992e+00,2.398380041122436523e+00,2.359674453735351562e+00,2.322894573211669922e+00,2.287929773330688477e+00,2.254678249359130859e+00,2.223047494888305664e+00,2.192950248718261719e+00,2.164308071136474609e+00,2.137047052383422852e+00,2.111098527908325195e+00,2.086400270462036133e+00,2.062895298004150391e+00,2.040528774261474609e+00,2.019249677658081055e+00,1.999013304710388184e+00,1.979774832725524902e+00,1.961495161056518555e+00,1.944136977195739746e+00,1.927665472030639648e+00,1.912047982215881348e+00,1.897254943847656250e+00,1.883258104324340820e+00,1.870031833648681641e+00,1.857551813125610352e+00,1.845795869827270508e+00,1.834743261337280273e+00,1.824374675750732422e+00,1.814671993255615234e+00,1.805619239807128906e+00,1.797200918197631836e+00,1.789403557777404785e+00,1.782213926315307617e+00,1.775620818138122559e+00,1.769613027572631836e+00,1.764181375503540039e+00,1.759317278861999512e+00,1.755013108253479004e+00,1.751262187957763672e+00,1.748058319091796875e+00,1.745396971702575684e+00,1.743273854255676270e+00,1.741685986518859863e+00,1.740630745887756348e+00,1.740106463432312012e+00,1.740112304687500000e+00,1.740648269653320312e+00,1.741715550422668457e+00,1.743314862251281738e+00,1.745450019836425781e+00,1.748123288154602051e+00,1.751339077949523926e+00,1.755102396011352539e+00,1.759418964385986328e+00,1.764295339584350586e+00,1.769739508628845215e+00,1.775760293006896973e+00,1.782366514205932617e+00,1.789569377899169922e+00,1.797380566596984863e+00,1.805812478065490723e+00,1.814879536628723145e+00,1.824596405029296875e+00,1.834980130195617676e+00,1.846048235893249512e+00,1.857820034027099609e+00,1.870316386222839355e+00,1.883559226989746094e+00,1.897573232650756836e+00,1.912384152412414551e+00,1.928020596504211426e+00,1.944511055946350098e+00,1.961889624595642090e+00,1.980190038681030273e+00,1.999449849128723145e+00,2.019709110260009766e+00,2.034665346145629883e+00,2.001011133193969727e+00,1.947307944297790527e+00,1.897336125373840332e+00,1.849898338317871094e+00,1.805883407592773438e+00,1.763924956321716309e+00,1.724552512168884277e+00,1.687420010566711426e+00,1.652104377746582031e+00,1.618831276893615723e+00,1.587379455566406250e+00,1.557415485382080078e+00,1.529101252555847168e+00,1.502263665199279785e+00,1.477164268493652344e+00,1.453325748443603516e+00,1.430672883987426758e+00,1.409137964248657227e+00,1.388658642768859863e+00,1.369176983833312988e+00,1.350640058517456055e+00,1.332999229431152344e+00,1.316208958625793457e+00,1.300227284431457520e+00,1.285015702247619629e+00,1.270539045333862305e+00,1.256763219833374023e+00,1.243657588958740234e+00,1.231193542480468750e+00,1.219344735145568848e+00,1.208086252212524414e+00,1.197395324707031250e+00,1.187250375747680664e+00,1.177631497383117676e+00,1.168520331382751465e+00,1.159899711608886719e+00,1.151753783226013184e+00,1.144067287445068359e+00,1.136826634407043457e+00,1.130019187927246094e+00,1.123633146286010742e+00,1.117657423019409180e+00,1.112081766128540039e+00,1.106896877288818359e+00,1.102094531059265137e+00,1.097666263580322266e+00,1.093605637550354004e+00,1.089905261993408203e+00,1.086560010910034180e+00,1.083564281463623047e+00,1.080913066864013672e+00,1.078602790832519531e+00,1.076629757881164551e+00,1.074990391731262207e+00,1.073682904243469238e+00,1.072704792022705078e+00,1.072054862976074219e+00,1.071731805801391602e+00,esquerda
5.969456672668457031e+00,5.971295833587646484e+00,5.974956035614013672e+00,5.980443954467773438e+00,5.987768173217773438e+00,5.996938228607177734e+00,6.007970333099365234e+00,6.020879745483398438e+00,6.035687446594238281e+00,6.052416801452636719e+00,6.071093082427978516e+00,6.091747283935546875e+00,6.114409923553466797e+00,6.139119625091552734e+00,6.165915966033935547e+00,6.194841384887695312e+00,6.136056423187255859e+00,5.796284675598144531e+00,5.493498802185058594e+00,5.221236705780029297e+00,4.976222038269042969e+00,4.754787445068359375e+00,4.552362918853759766e+00,4.367471694946289062e+00,4.199990272521972656e+00,4.045498371124267578e+00,3.902675867080688477e+00,3.769871711730957031e+00,3.648333787918090820e+00,3.534983396530151367e+00,3.428650856018066406e+00,3.330464363098144531e+00,3.238140344619750977e+00,3.151508808135986328e+00,3.070906877517700195e+00,2.994401216506958008e+00,2.923425912857055664e+00,2.855778455734252930e+00,2.792309999465942383e+00,2.732465267181396484e+00,2.675559520721435547e+00,2.621957302093505859e+00,2.571302413940429688e+00,2.523058176040649414e+00,2.477484226226806641e+00,2.434100866317749023e+00,2.393433332443237305e+00,2.354807376861572266e+00,2.318103313446044922e+00,2.283210515975952148e+00,2.250027656555175781e+00,2.218461990356445312e+00,2.188426971435546875e+00,2.159843444824218750e+00,2.132638692855834961e+00,2.106743812561035156e+00,2.082096576690673828e+00,2.058640241622924805e+00,2.036319732666015625e+00,2.015084505081176758e+00,1.994889736175537109e+00,1.975691080093383789e+00,1.957449078559875488e+00,1.940126538276672363e+00,1.923689007759094238e+00,1.908103704452514648e+00,1.893341183662414551e+00,1.879373311996459961e+00,1.866174340248107910e+00,1.853719949722290039e+00,1.841988325119018555e+00,1.830958366394042969e+00,1.820611000061035156e+00,1.810928225517272949e+00,1.801894307136535645e+00,1.793493390083312988e+00,1.785711884498596191e+00,1.778537154197692871e+00,1.771957635879516602e+00,1.765962243080139160e+00,1.760541677474975586e+00,1.755687713623046875e+00,1.751392364501953125e+00,1.747649073600769043e+00,1.744451999664306641e+00,1.741796016693115234e+00,1.739677309989929199e+00,1.738092780113220215e+00,1.737039566040039062e+00,1.736516475677490234e+00,1.736522197723388672e+00,1.737057089805603027e+00,1.738121986389160156e+00,1.739718317985534668e+00,1.741848945617675781e+00,1.744516491889953613e+00,1.747725605964660645e+00,1.751480937004089355e+00,1.755788564682006836e+00,1.760654926300048828e+00,1.766087889671325684e+00,1.772096276283264160e+00,1.778688907623291016e+00,1.785876750946044922e+00,1.793671846389770508e+00,1.802086472511291504e+00,1.811134576797485352e+00,1.820831418037414551e+00,1.831193804740905762e+00,1.842239022254943848e+00,1.853986620903015137e+00,1.866457223892211914e+00,1.879672527313232422e+00,1.893657684326171875e+00,1.908438205718994141e+00,1.924042105674743652e+00,1.940498590469360352e+00,1.957841277122497559e+00,1.976103901863098145e+00,1.995323896408081055e+00,2.015541076660156250e+00,2.031422853469848633e+00,2.000937223434448242e+00,1.947237968444824219e+00,1.897270083427429199e+00,1.849835634231567383e+00,1.805823445320129395e+00,1.763867855072021484e+00,1.724498152732849121e+00,1.687368035316467285e+00,1.652054667472839355e+00,1.618783712387084961e+00,1.587333798408508301e+00,1.557371973991394043e+00,1.529059290885925293e+00,1.502261042594909668e+00,1.477161645889282227e+00,1.453323125839233398e+00,1.430670499801635742e+00,1.409135460853576660e+00,1.388656139373779297e+00,1.369174599647521973e+00,1.350637435913085938e+00,1.332996964454650879e+00,1.316206693649291992e+00,1.300225138664245605e+00,1.285013437271118164e+00,1.270536899566650391e+00,1.256761074066162109e+00,1.243655323982238770e+00,1.231191635131835938e+00,1.219342827796936035e+00,1.208084225654602051e+00,1.197393298149108887e+00,1.187248349189758301e+00,1.177629590034484863e+00,1.168518304824829102e+00,1.159897923469543457e+00,1.151751875877380371e+00,1.144065380096435547e+00,1.136824846267700195e+00,1.130017518997192383e+00,1.123631477355957031e+00,1.117655634880065918e+00,1.112080097198486328e+00,1.106895089149475098e+00,1.102092862129211426e+00,1.097664594650268555e+00,1.093603849411010742e+00,1.089903593063354492e+00,1.086558222770690918e+00,1.083562493324279785e+00,1.080911397933959961e+00,1.078601241111755371e+00,1.076628088951110840e+00,1.074988842010498047e+00,1.073681354522705078e+00,1.072703242301940918e+00,1.072053313255310059e+00,1.071730375289916992e+00,esquerda
5.969457149505615234e+00,5.971296310424804688e+00,5.974956512451171875e+00,5.980444431304931641e+00,5.987768650054931641e+00,5.996938705444335938e+00,6.007970809936523438e+00,6.020880222320556641e+00,6.035688400268554688e+00,6.052417278289794922e+00,6.071093559265136719e+00,6.091747760772705078e+00,6.114410400390625000e+00,6.139120101928710938e+00,6.165916442871093750e+00,6.194841861724853516e+00,6.123051166534423828e+00,5.784018516540527344e+00,5.481890201568603516e+00,5.210217475891113281e+00,4.965732574462890625e+00,4.744774818420410156e+00,4.542786121368408203e+00,4.358292102813720703e+00,4.191169261932373047e+00,4.037007331848144531e+00,3.894490242004394531e+00,3.761968135833740234e+00,3.640689611434936523e+00,3.527580499649047852e+00,3.421474218368530273e+00,3.323496341705322266e+00,3.231367826461791992e+00,3.144919872283935547e+00,3.064489126205444336e+00,2.988145112991333008e+00,2.917320013046264648e+00,2.849815130233764648e+00,2.786480903625488281e+00,2.726762056350708008e+00,2.669976234436035156e+00,2.616487026214599609e+00,2.565938711166381836e+00,2.517795801162719727e+00,2.472317457199096680e+00,2.429069519042968750e+00,2.388485908508300781e+00,2.349940061569213867e+00,2.313311815261840820e+00,2.278491258621215820e+00,2.245377063751220703e+00,2.213876724243164062e+00,2.183903694152832031e+00,2.155379533767700195e+00,2.128231048583984375e+00,2.102389335632324219e+00,2.077793598175048828e+00,2.054385423660278320e+00,2.032111167907714844e+00,2.010919570922851562e+00,1.990766882896423340e+00,1.971607923507690430e+00,1.953403353691101074e+00,1.936116814613342285e+00,1.919713377952575684e+00,1.904159903526306152e+00,1.889428138732910156e+00,1.875489115715026855e+00,1.862317562103271484e+00,1.849888801574707031e+00,1.838181376457214355e+00,1.827174425125122070e+00,1.816848516464233398e+00,1.807185888290405273e+00,1.798170685768127441e+00,1.789786934852600098e+00,1.782021760940551758e+00,1.774861812591552734e+00,1.768295764923095703e+00,1.762312650680541992e+00,1.756903648376464844e+00,1.752059817314147949e+00,1.747773170471191406e+00,1.744037508964538574e+00,1.740846991539001465e+00,1.738196492195129395e+00,1.736082196235656738e+00,1.734500885009765625e+00,1.733450055122375488e+00,1.732928037643432617e+00,1.732933878898620605e+00,1.733467578887939453e+00,1.734530329704284668e+00,1.736123323440551758e+00,1.738249301910400391e+00,1.740911602973937988e+00,1.744114279747009277e+00,1.747861981391906738e+00,1.752160787582397461e+00,1.757017135620117188e+00,1.762438654899597168e+00,1.768434524536132812e+00,1.775013685226440430e+00,1.782186746597290039e+00,1.789965867996215820e+00,1.798362970352172852e+00,1.807392358779907227e+00,1.817069292068481445e+00,1.827410101890563965e+00,1.838432312011718750e+00,1.850155830383300781e+00,1.862600803375244141e+00,1.875788807868957520e+00,1.889745116233825684e+00,1.904495000839233398e+00,1.920066595077514648e+00,1.936489343643188477e+00,1.953796148300170898e+00,1.972021102905273438e+00,1.991201400756835938e+00,2.011376857757568359e+00,2.028227806091308594e+00,2.001046657562255859e+00,1.947339057922363281e+00,1.897363662719726562e+00,1.849922418594360352e+00,1.805904150009155273e+00,1.763942718505859375e+00,1.724567770957946777e+00,1.687432765960693359e+00,1.652114748954772949e+00,1.618839740753173828e+00,1.587385892868041992e+00,1.557420253753662109e+00,1.529104351997375488e+00,1.502260088920593262e+00,1.477160692214965820e+00,1.453322172164916992e+00,1.430669307708740234e+00,1.409134507179260254e+00,1.388655424118041992e+00,1.369173765182495117e+00,1.350636720657348633e+00,1.332996129989624023e+00,1.316205978393554688e+00,1.300224423408508301e+00,1.285012722015380859e+00,1.270536303520202637e+00,1.256760358810424805e+00,1.243654608726501465e+00,1.231190800666809082e+00,1.219342112541198730e+00,1.208083391189575195e+00,1.197392582893371582e+00,1.187247753143310547e+00,1.177628874778747559e+00,1.168517827987670898e+00,1.159897208213806152e+00,1.151751160621643066e+00,1.144064784049987793e+00,1.136824131011962891e+00,1.130016684532165527e+00,1.123630642890930176e+00,1.117654919624328613e+00,1.112079501152038574e+00,1.106894493103027344e+00,1.102092266082763672e+00,1.097663879394531250e+00,1.093603253364562988e+00,1.089902997016906738e+00,1.086557626724243164e+00,1.083561897277832031e+00,1.080910801887512207e+00,1.078600645065307617e+00,1.076627492904663086e+00,1.074988245964050293e+00,1.073680758476257324e+00,1.072702646255493164e+00,1.072052717208862305e+00,1.071729779243469238e+00,esquerda
5.969457149505615234e+00,5.971296310424804688e+00,5.974956512451171875e+00,5.980444431304931641e+00,5.987768173217773438e+00,5.996938228607177734e+00,6.007970333099365234e+00,6.020879745483398438e+00,6.035687923431396484e+00,6.052416801452636719e+00,6.071093082427978516e+00,6.091747283935546875e+00,6.114409923553466797e+00,6.139120101928710938e+00,6.165916442871093750e+00,6.194842338562011719e+00,6.110024929046630859e+00,5.771736621856689453e+00,5.470268249511718750e+00,5.199187755584716797e+00,4.955235004425048828e+00,4.734755992889404297e+00,4.533203601837158203e+00,4.349107742309570312e+00,4.182344913482666016e+00,4.028514862060546875e+00,3.886303424835205078e+00,3.754065513610839844e+00,3.633045673370361328e+00,3.520178079605102539e+00,3.414297819137573242e+00,3.316528558731079102e+00,3.224596023559570312e+00,3.138331174850463867e+00,3.058070898056030273e+00,2.981889247894287109e+00,2.911214351654052734e+00,2.843852043151855469e+00,2.780651569366455078e+00,2.721059083938598633e+00,2.664392709732055664e+00,2.611016511917114258e+00,2.560575008392333984e+00,2.512533187866210938e+00,2.467150688171386719e+00,2.424035787582397461e+00,2.383536338806152344e+00,2.345070362091064453e+00,2.308517932891845703e+00,2.273769378662109375e+00,2.240723848342895508e+00,2.209288835525512695e+00,2.179378032684326172e+00,2.150912761688232422e+00,2.123820781707763672e+00,2.098032951354980469e+00,2.073487520217895508e+00,2.050127983093261719e+00,2.027899980545043945e+00,2.006752490997314453e+00,1.986641287803649902e+00,1.967522144317626953e+00,1.949355363845825195e+00,1.932104587554931641e+00,1.915735125541687012e+00,1.900214076042175293e+00,1.885512828826904297e+00,1.871602654457092285e+00,1.858458161354064941e+00,1.846055388450622559e+00,1.834372282028198242e+00,1.823387980461120605e+00,1.813083648681640625e+00,1.803440809249877930e+00,1.794444322586059570e+00,1.786078095436096191e+00,1.778328776359558105e+00,1.771183729171752930e+00,1.764631390571594238e+00,1.758660793304443359e+00,1.753262758255004883e+00,1.748428821563720703e+00,1.744151115417480469e+00,1.740423321723937988e+00,1.737239480018615723e+00,1.734594583511352539e+00,1.732484579086303711e+00,1.730906605720520020e+00,1.729857802391052246e+00,1.729336857795715332e+00,1.729342579841613770e+00,1.729875206947326660e+00,1.730935692787170410e+00,1.732525587081909180e+00,1.734647274017333984e+00,1.737304091453552246e+00,1.740499854087829590e+00,1.744239807128906250e+00,1.748529553413391113e+00,1.753376007080078125e+00,1.758786439895629883e+00,1.764769911766052246e+00,1.771335363388061523e+00,1.778493523597717285e+00,1.786256432533264160e+00,1.794636249542236328e+00,1.803646922111511230e+00,1.813303828239440918e+00,1.823623299598693848e+00,1.834622740745544434e+00,1.846321702003479004e+00,1.858740806579589844e+00,1.871901512145996094e+00,1.885828971862792969e+00,1.900548338890075684e+00,1.916087746620178223e+00,1.932476282119750977e+00,1.949747323989868164e+00,1.967934489250183105e+00,1.987075090408325195e+00,2.007208585739135742e+00,2.024996519088745117e+00,2.001020193099975586e+00,1.947314500808715820e+00,1.897340655326843262e+00,1.849900603294372559e+00,1.805884003639221191e+00,1.763923764228820801e+00,1.724550008773803711e+00,1.687416076660156250e+00,1.652099251747131348e+00,1.618825078010559082e+00,1.587371945381164551e+00,1.557407140731811523e+00,1.529091954231262207e+00,1.502260923385620117e+00,1.477161526679992676e+00,1.453323006629943848e+00,1.430670261383056641e+00,1.409135341644287109e+00,1.388656020164489746e+00,1.369174361228942871e+00,1.350637435913085938e+00,1.332996726036071777e+00,1.316206455230712891e+00,1.300225019454956055e+00,1.285013318061828613e+00,1.270536780357360840e+00,1.256760954856872559e+00,1.243655204772949219e+00,1.231191396713256836e+00,1.219342589378356934e+00,1.208083987236022949e+00,1.197393178939819336e+00,1.187248229980468750e+00,1.177629232406616211e+00,1.168518185615539551e+00,1.159897565841674805e+00,1.151751637458801270e+00,1.144065022468566895e+00,1.136824369430541992e+00,1.130017042160034180e+00,1.123630881309509277e+00,1.117655277252197266e+00,1.112079620361328125e+00,1.106894731521606445e+00,1.102092385292053223e+00,1.097664117813110352e+00,1.093603372573852539e+00,1.089903116226196289e+00,1.086557745933532715e+00,1.083562016487121582e+00,1.080910921096801758e+00,1.078600764274597168e+00,1.076627731323242188e+00,1.074988365173339844e+00,1.073680877685546875e+00,1.072702765464782715e+00,1.072052836418151855e+00,1.071729898452758789e+00,esquerda
5.969458103179931641e+00,5.971297264099121094e+00,5.974957466125488281e+00,5.980445384979248047e+00,5.987769603729248047e+00,5.996939659118652344e+00,6.007971763610839844e+00,6.020881175994873047e+00,6.035689353942871094e+00,6.052418231964111328e+00,6.071094512939453125e+00,6.091748714447021484e+00,6.114411354064941406e+00,6.139121532440185547e+00,6.165917396545410156e+00,6.194842815399169922e+00,6.098423480987548828e+00,5.760716915130615234e+00,5.459774017333984375e+00,5.189169406890869141e+00,4.945648193359375000e+00,4.725563049316406250e+00,4.524372577667236328e+00,4.340610027313232422e+00,4.174149513244628906e+00,4.020600318908691406e+00,3.878649234771728516e+00,3.746655225753784180e+00,3.625859022140502930e+00,3.513200521469116211e+00,3.407517194747924805e+00,3.309929847717285156e+00,3.218169689178466797e+00,3.132066726684570312e+00,3.051957130432128906e+00,2.975918054580688477e+00,2.905376911163330078e+00,2.838142156600952148e+00,2.775061130523681641e+00,2.715581417083740234e+00,2.659023046493530273e+00,2.605747699737548828e+00,2.555401802062988281e+00,2.507451534271240234e+00,2.462154865264892578e+00,2.419002771377563477e+00,2.378587245941162109e+00,2.340201139450073242e+00,2.303724765777587891e+00,2.269048213958740234e+00,2.236071348190307617e+00,2.204701423645019531e+00,2.174852609634399414e+00,2.146446704864501953e+00,2.119410514831542969e+00,2.093676328659057617e+00,2.069181919097900391e+00,2.045871019363403320e+00,2.023689031600952148e+00,2.002585411071777344e+00,1.982516050338745117e+00,1.963436365127563477e+00,1.945307493209838867e+00,1.928092598915100098e+00,1.911756873130798340e+00,1.896268129348754883e+00,1.881597161293029785e+00,1.867716073989868164e+00,1.854598879814147949e+00,1.842221736907958984e+00,1.830562949180603027e+00,1.819601416587829590e+00,1.809318542480468750e+00,1.799695849418640137e+00,1.790717720985412598e+00,1.782368779182434082e+00,1.774635672569274902e+00,1.767505407333374023e+00,1.760966658592224121e+00,1.755008459091186523e+00,1.749621629714965820e+00,1.744797825813293457e+00,1.740528941154479980e+00,1.736808776855468750e+00,1.733631610870361328e+00,1.730992197990417480e+00,1.728886485099792480e+00,1.727311849594116211e+00,1.726265192031860352e+00,1.725745201110839844e+00,1.725751042366027832e+00,1.726282596588134766e+00,1.727340936660766602e+00,1.728927135467529297e+00,1.731044411659240723e+00,1.733695745468139648e+00,1.736884951591491699e+00,1.740617275238037109e+00,1.744898200035095215e+00,1.749734282493591309e+00,1.755133390426635742e+00,1.761104583740234375e+00,1.767656326293945312e+00,1.774799704551696777e+00,1.782546281814575195e+00,1.790908694267272949e+00,1.799900650978088379e+00,1.809537649154663086e+00,1.819835543632507324e+00,1.830812096595764160e+00,1.842486739158630371e+00,1.854879856109619141e+00,1.868013501167297363e+00,1.881911873817443848e+00,1.896600604057312012e+00,1.912107825279235840e+00,1.928462147712707520e+00,1.945697426795959473e+00,1.963846683502197266e+00,1.982947468757629395e+00,2.003039360046386719e+00,2.021778821945190430e+00,2.001054763793945312e+00,1.947347998619079590e+00,1.897373080253601074e+00,1.849932312965393066e+00,1.805914521217346191e+00,1.763953208923339844e+00,1.724578738212585449e+00,1.687444090843200684e+00,1.652126312255859375e+00,1.618851542472839355e+00,1.587397813796997070e+00,1.557432651519775391e+00,1.529116630554199219e+00,1.502258539199829102e+00,1.477159142494201660e+00,1.453320741653442383e+00,1.430667877197265625e+00,1.409133076667785645e+00,1.388653874397277832e+00,1.369172334671020508e+00,1.350635409355163574e+00,1.332994699478149414e+00,1.316204309463500977e+00,1.300222873687744141e+00,1.285011291503906250e+00,1.270534634590148926e+00,1.256758809089660645e+00,1.243653297424316406e+00,1.231189489364624023e+00,1.219340682029724121e+00,1.208082079887390137e+00,1.197391152381896973e+00,1.187246203422546387e+00,1.177627444267272949e+00,1.168516516685485840e+00,1.159895658493041992e+00,1.151749849319458008e+00,1.144063353538513184e+00,1.136822700500488281e+00,1.130015492439270020e+00,1.123629331588745117e+00,1.117653608322143555e+00,1.112077832221984863e+00,1.106893181800842285e+00,1.102090597152709961e+00,1.097662448883056641e+00,1.093601822853088379e+00,1.089901566505432129e+00,1.086556196212768555e+00,1.083560466766357422e+00,1.080909252166748047e+00,1.078599095344543457e+00,1.076626062393188477e+00,1.074986815452575684e+00,1.073679208755493164e+00,1.072701096534729004e+00,1.072051167488098145e+00,1.071728229522705078e+00,esquerda
5.969459533691406250e+00,5.971298217773437500e+00,5.974958419799804688e+00,5.980446815490722656e+00,5.987770557403564453e+00,5.996940612792968750e+00,6.007972717285156250e+00,6.020882606506347656e+00,6.035690307617187500e+00,6.052419185638427734e+00,6.071095943450927734e+00,6.091749668121337891e+00,6.114412307739257812e+00,6.139122486114501953e+00,6.165918350219726562e+00,6.194844245910644531e+00,6.085418224334716797e+00,5.748452663421630859e+00,5.448165893554687500e+00,5.178151130676269531e+00,4.935159206390380859e+00,4.715549945831298828e+00,4.514795303344726562e+00,4.331429004669189453e+00,4.165328025817871094e+00,4.012109279632568359e+00,3.870463848114013672e+00,3.738752126693725586e+00,3.618215084075927734e+00,3.505797624588012695e+00,3.400340318679809570e+00,3.302962064743041992e+00,3.211397409439086914e+00,3.125478029251098633e+00,3.045538902282714844e+00,2.969662189483642578e+00,2.899270534515380859e+00,2.832178115844726562e+00,2.769231557846069336e+00,2.709877729415893555e+00,2.653439044952392578e+00,2.600276947021484375e+00,2.550037384033203125e+00,2.502188444137573242e+00,2.456987857818603516e+00,2.413970232009887695e+00,2.373638868331909180e+00,2.335332870483398438e+00,2.298932075500488281e+00,2.264328002929687500e+00,2.231419801712036133e+00,2.200115203857421875e+00,2.170328617095947266e+00,2.141981601715087891e+00,2.115001916885375977e+00,2.089320898056030273e+00,2.064877986907958984e+00,2.041615247726440430e+00,2.019479513168334961e+00,1.998419880867004395e+00,1.978392124176025391e+00,1.959352374076843262e+00,1.941261053085327148e+00,1.924081921577453613e+00,1.907780289649963379e+00,1.892323970794677734e+00,1.877683520317077637e+00,1.863831043243408203e+00,1.850741386413574219e+00,1.838389754295349121e+00,1.826755285263061523e+00,1.815816640853881836e+00,1.805554986000061035e+00,1.795952439308166504e+00,1.786993026733398438e+00,1.778661608695983887e+00,1.770944476127624512e+00,1.763829112052917480e+00,1.757303953170776367e+00,1.751358270645141602e+00,1.745982646942138672e+00,1.741168737411499023e+00,1.736909031867980957e+00,1.733196496963500977e+00,1.730025887489318848e+00,1.727392077445983887e+00,1.725290775299072266e+00,1.723719358444213867e+00,1.722674965858459473e+00,1.722156047821044922e+00,1.722161769866943359e+00,1.722692489624023438e+00,1.723748445510864258e+00,1.725331425666809082e+00,1.727444529533386230e+00,1.730090141296386719e+00,1.733272910118103027e+00,1.736997365951538086e+00,1.741269350051879883e+00,1.746095418930053711e+00,1.751483321189880371e+00,1.757442116737365723e+00,1.763980269432067871e+00,1.771108746528625488e+00,1.778839349746704102e+00,1.787184357643127441e+00,1.796157717704772949e+00,1.805774450302124023e+00,1.816051125526428223e+00,1.827004909515380859e+00,1.838655352592468262e+00,1.851022839546203613e+00,1.864128947257995605e+00,1.877998471260070801e+00,1.892656564712524414e+00,1.908131599426269531e+00,1.924451947212219238e+00,1.941651344299316406e+00,1.959763050079345703e+00,1.978824138641357422e+00,1.998874425888061523e+00,2.018534183502197266e+00,2.000963211059570312e+00,1.947260856628417969e+00,1.897290706634521484e+00,1.849853754043579102e+00,1.805839776992797852e+00,1.763882398605346680e+00,1.724510908126831055e+00,1.687379360198974609e+00,1.652064800262451172e+00,1.618792176246643066e+00,1.587340950965881348e+00,1.557377934455871582e+00,1.529064178466796875e+00,1.502257227897644043e+00,1.477157831192016602e+00,1.453319430351257324e+00,1.430666685104370117e+00,1.409131646156311035e+00,1.388652563095092773e+00,1.369171261787414551e+00,1.350634098052978516e+00,1.332993626594543457e+00,1.316203236579895020e+00,1.300221681594848633e+00,1.285010218620300293e+00,1.270533561706542969e+00,1.256757736206054688e+00,1.243652343750000000e+00,1.231188416481018066e+00,1.219339489936828613e+00,1.208081126213073730e+00,1.197390198707580566e+00,1.187245249748229980e+00,1.177626609802246094e+00,1.168515563011169434e+00,1.159894943237304688e+00,1.151748895645141602e+00,1.144062399864196777e+00,1.136821866035461426e+00,1.130014657974243164e+00,1.123628377914428711e+00,1.117652893066406250e+00,1.112077116966247559e+00,1.106892466545104980e+00,1.102089881896972656e+00,1.097661852836608887e+00,1.093601107597351074e+00,1.089900851249694824e+00,1.086555480957031250e+00,1.083559751510620117e+00,1.080908656120300293e+00,1.078598380088806152e+00,1.076625347137451172e+00,1.074986100196838379e+00,1.073678612709045410e+00,1.072700500488281250e+00,1.072050571441650391e+00,1.071727752685546875e+00,esquerda
5.969460010528564453e+00,5.971298694610595703e+00,5.974958896636962891e+00,5.980447292327880859e+00,5.987771034240722656e+00,5.996941566467285156e+00,6.007973194122314453e+00,6.020883083343505859e+00,6.035690784454345703e+00,6.052419662475585938e+00,6.071096420288085938e+00,6.091750144958496094e+00,6.114413261413574219e+00,6.139122962951660156e+00,6.165918827056884766e+00,6.194845199584960938e+00,6.072380542755126953e+00,5.736156940460205078e+00,5.436529636383056641e+00,5.167105674743652344e+00,4.924643993377685547e+00,4.705513954162597656e+00,4.505195617675781250e+00,4.322227954864501953e+00,4.156486511230468750e+00,4.003598690032958984e+00,3.862258911132812500e+00,3.730832576751708984e+00,3.610555648803710938e+00,3.498380422592163086e+00,3.393150091171264648e+00,3.295981168746948242e+00,3.204612970352172852e+00,3.118878364562988281e+00,3.039110660552978516e+00,2.963396549224853516e+00,2.893155097961425781e+00,2.826206684112548828e+00,2.763393878936767578e+00,2.704167127609252930e+00,2.647848367691040039e+00,2.594799518585205078e+00,2.544666767120361328e+00,2.496919631958007812e+00,2.451814889907836914e+00,2.408939838409423828e+00,2.368692398071289062e+00,2.330466032028198242e+00,2.294141292572021484e+00,2.259608983993530273e+00,2.226769447326660156e+00,2.195529699325561523e+00,2.165805578231811523e+00,2.137517452239990234e+00,2.110593795776367188e+00,2.084966421127319336e+00,2.060574293136596680e+00,2.037360191345214844e+00,2.015270471572875977e+00,1.994254946708679199e+00,1.974268794059753418e+00,1.955268502235412598e+00,1.937215089797973633e+00,1.920071482658386230e+00,1.903804063796997070e+00,1.888379573822021484e+00,1.873769879341125488e+00,1.859946370124816895e+00,1.846883773803710938e+00,1.834558129310607910e+00,1.822947740554809570e+00,1.812031865119934082e+00,1.801791667938232422e+00,1.792209029197692871e+00,1.783268451690673828e+00,1.774954199790954590e+00,1.767253279685974121e+00,1.760152697563171387e+00,1.753641009330749512e+00,1.747707605361938477e+00,1.742343306541442871e+00,1.737539410591125488e+00,1.733288407325744629e+00,1.729583859443664551e+00,1.726419687271118164e+00,1.723791241645812988e+00,1.721694469451904297e+00,1.720126152038574219e+00,1.719083786010742188e+00,1.718566179275512695e+00,1.718572020530700684e+00,1.719101190567016602e+00,1.720155119895935059e+00,1.721735000610351562e+00,1.723843455314636230e+00,1.726483702659606934e+00,1.729659676551818848e+00,1.733376264572143555e+00,1.737639307975769043e+00,1.742455482482910156e+00,1.747832059860229492e+00,1.753778338432312012e+00,1.760303020477294922e+00,1.767416596412658691e+00,1.775130748748779297e+00,1.783458709716796875e+00,1.792413115501403809e+00,1.802009701728820801e+00,1.812265038490295410e+00,1.823195934295654297e+00,1.834822058677673340e+00,1.847163796424865723e+00,1.860242486000061035e+00,1.874083161354064941e+00,1.888710856437683105e+00,1.904153585433959961e+00,1.920439839363098145e+00,1.937603235244750977e+00,1.955677032470703125e+00,1.974698424339294434e+00,1.994706869125366211e+00,2.015332937240600586e+00,2.001059770584106445e+00,1.947353482246398926e+00,1.897379398345947266e+00,1.849938988685607910e+00,1.805921792984008789e+00,1.763961195945739746e+00,1.724587082862854004e+00,1.687452673912048340e+00,1.652135610580444336e+00,1.618860840797424316e+00,1.587407588958740234e+00,1.557442426681518555e+00,1.529126882553100586e+00,1.502256631851196289e+00,1.477157354354858398e+00,1.453318953514099121e+00,1.430666208267211914e+00,1.409131288528442383e+00,1.388651967048645020e+00,1.369170546531677246e+00,1.350633502006530762e+00,1.332993030548095703e+00,1.316202640533447266e+00,1.300221204757690430e+00,1.285009860992431641e+00,1.270532965660095215e+00,1.256757140159606934e+00,1.243651747703552246e+00,1.231187820434570312e+00,1.219339013099670410e+00,1.208080530166625977e+00,1.197389602661132812e+00,1.187244653701782227e+00,1.177625894546508789e+00,1.168514847755432129e+00,1.159894347190856934e+00,1.151748299598693848e+00,1.144061684608459473e+00,1.136821150779724121e+00,1.130013942718505859e+00,1.123627781867980957e+00,1.117652058601379395e+00,1.112076401710510254e+00,1.106891512870788574e+00,1.102089285850524902e+00,1.097661018371582031e+00,1.093600392341613770e+00,1.089900016784667969e+00,1.086554765701293945e+00,1.083559036254882812e+00,1.080907940864562988e+00,1.078597664833068848e+00,1.076624631881713867e+00,1.074985384941101074e+00,1.073677778244018555e+00,1.072699785232543945e+00,1.072049856185913086e+00,1.071726799011230469e+00,esquerda
5.969460010528564453e+00,5.971298694610595703e+00,5.974958896636962891e+00,5.980446815490722656e+00,5.987771034240722656e+00,5.996941089630126953e+00,6.007972717285156250e+00,6.020882606506347656e+00,6.035690307617187500e+00,6.052419185638427734e+00,6.071095943450927734e+00,6.091749668121337891e+00,6.114412784576416016e+00,6.139122962951660156e+00,6.165918827056884766e+00,6.194845676422119141e+00,6.059379100799560547e+00,5.723895072937011719e+00,5.424924373626708984e+00,5.156090259552001953e+00,4.914157390594482422e+00,4.695505142211914062e+00,4.495621681213378906e+00,4.313050270080566406e+00,4.147667884826660156e+00,3.995110511779785156e+00,3.854075670242309570e+00,3.722931861877441406e+00,3.602913379669189453e+00,3.490979909896850586e+00,3.385975360870361328e+00,3.289014816284179688e+00,3.197842359542846680e+00,3.112290859222412109e+00,3.032693862915039062e+00,2.957141637802124023e+00,2.887050628662109375e+00,2.820244550704956055e+00,2.757565975189208984e+00,2.698465347290039062e+00,2.642266988754272461e+00,2.589330434799194336e+00,2.539304494857788086e+00,2.491658687591552734e+00,2.446649551391601562e+00,2.403906822204589844e+00,2.363743543624877930e+00,2.325597047805786133e+00,2.289348125457763672e+00,2.254888296127319336e+00,2.222116947174072266e+00,2.190943002700805664e+00,2.161280393600463867e+00,2.133051633834838867e+00,2.106184244155883789e+00,2.080610513687133789e+00,2.056269168853759766e+00,2.033103466033935547e+00,2.011059999465942383e+00,1.990088224411010742e+00,1.970144152641296387e+00,1.951183319091796875e+00,1.933167815208435059e+00,1.916059970855712891e+00,1.899826526641845703e+00,1.884434342384338379e+00,1.869854807853698730e+00,1.856060385704040527e+00,1.843025088310241699e+00,1.830725312232971191e+00,1.819139122962951660e+00,1.808246016502380371e+00,1.798027276992797852e+00,1.788464546203613281e+00,1.779542446136474609e+00,1.771245718002319336e+00,1.763560891151428223e+00,1.756475210189819336e+00,1.749977111816406250e+00,1.744056224822998047e+00,1.738702893257141113e+00,1.733909130096435547e+00,1.729667186737060547e+00,1.725970149040222168e+00,1.722812652587890625e+00,1.720189690589904785e+00,1.718097329139709473e+00,1.716532349586486816e+00,1.715492367744445801e+00,1.714975595474243164e+00,1.714981317520141602e+00,1.715509533882141113e+00,1.716561317443847656e+00,1.718137741088867188e+00,1.720241904258728027e+00,1.722876429557800293e+00,1.726045846939086914e+00,1.729754805564880371e+00,1.734008908271789551e+00,1.738814949989318848e+00,1.744180321693420410e+00,1.750114202499389648e+00,1.756625056266784668e+00,1.763723969459533691e+00,1.771422028541564941e+00,1.779732227325439453e+00,1.788668274879455566e+00,1.798244833946228027e+00,1.808478593826293945e+00,1.819386839866638184e+00,1.830988645553588867e+00,1.843304514884948730e+00,1.856355905532836914e+00,1.870167613029479980e+00,1.884764790534973145e+00,1.900174975395202637e+00,1.916427493095397949e+00,1.933555126190185547e+00,1.951591134071350098e+00,1.970572710037231445e+00,1.990539193153381348e+00,2.011533975601196289e+00,2.000131130218505859e+00,1.947325229644775391e+00,1.897352933883666992e+00,1.849914312362670898e+00,1.805898666381835938e+00,1.763939499855041504e+00,1.724566698074340820e+00,1.687433600425720215e+00,1.652117371559143066e+00,1.618843913078308105e+00,1.587391495704650879e+00,1.557427406311035156e+00,1.529112696647644043e+00,1.502255678176879883e+00,1.477156400680541992e+00,1.453317999839782715e+00,1.430665254592895508e+00,1.409130334854125977e+00,1.388651013374328613e+00,1.369169712066650391e+00,1.350632667541503906e+00,1.332992076873779297e+00,1.316201686859130859e+00,1.300220370292663574e+00,1.285008788108825684e+00,1.270532131195068359e+00,1.256756305694580078e+00,1.243650794029235840e+00,1.231187105178833008e+00,1.219338297843933105e+00,1.208079814910888672e+00,1.197388768196105957e+00,1.187243938446044922e+00,1.177625298500061035e+00,1.168514013290405273e+00,1.159893512725830078e+00,1.151747465133666992e+00,1.144061088562011719e+00,1.136820316314697266e+00,1.130013227462768555e+00,1.123627066612243652e+00,1.117651343345642090e+00,1.112075567245483398e+00,1.106890797615051270e+00,1.102088570594787598e+00,1.097660183906555176e+00,1.093599677085876465e+00,1.089899301528930664e+00,1.086554050445556641e+00,1.083558320999145508e+00,1.080907106399536133e+00,1.078596830368041992e+00,1.076623916625976562e+00,1.074984550476074219e+00,1.073677062988281250e+00,1.072698950767517090e+00,1.072049140930175781e+00,1.071726202964782715e+00,esquerda
5.969461441040039062e+00,5.971300601959228516e+00,5.974960803985595703e+00,5.980448722839355469e+00,5.987772941589355469e+00,5.996942996978759766e+00,6.007975101470947266e+00,6.020884513854980469e+00,6.035692214965820312e+00,6.052421569824218750e+00,6.071097850799560547e+00,6.091752052307128906e+00,6.114414691925048828e+00,6.139124393463134766e+00,6.165920734405517578e+00,6.194846630096435547e+00,6.047749996185302734e+00,5.712852478027343750e+00,5.414410114288330078e+00,5.146055221557617188e+00,4.904556751251220703e+00,4.686299800872802734e+00,4.486779689788818359e+00,4.304543018341064453e+00,4.139464378356933594e+00,3.987189292907714844e+00,3.846416711807250977e+00,3.715517044067382812e+00,3.595723152160644531e+00,3.483998537063598633e+00,3.379191398620605469e+00,3.282413244247436523e+00,3.191412925720214844e+00,3.106023311614990234e+00,3.026577711105346680e+00,2.951168537139892578e+00,2.881210565567016602e+00,2.814532279968261719e+00,2.751972675323486328e+00,2.692985296249389648e+00,2.636894226074218750e+00,2.584059238433837891e+00,2.534129142761230469e+00,2.486574888229370117e+00,2.441652059555053711e+00,2.398874521255493164e+00,2.358795404434204102e+00,2.320728778839111328e+00,2.284555673599243164e+00,2.250167846679687500e+00,2.217465400695800781e+00,2.186356544494628906e+00,2.156755924224853516e+00,2.128586530685424805e+00,2.101775169372558594e+00,2.076255083084106445e+00,2.051964759826660156e+00,2.028847694396972656e+00,2.006850004196166992e+00,1.985922217369079590e+00,1.966019749641418457e+00,1.947098851203918457e+00,1.929120779037475586e+00,1.912049174308776855e+00,1.895849585533142090e+00,1.880489587783813477e+00,1.865940570831298828e+00,1.852174997329711914e+00,1.839167118072509766e+00,1.826892852783203125e+00,1.815331101417541504e+00,1.804460644721984863e+00,1.794263362884521484e+00,1.784720778465270996e+00,1.775817275047302246e+00,1.767538070678710938e+00,1.759869098663330078e+00,1.752798318862915039e+00,1.746313810348510742e+00,1.740405321121215820e+00,1.735063314437866211e+00,1.730279564857482910e+00,1.726046323776245117e+00,1.722357153892517090e+00,1.719206333160400391e+00,1.716588735580444336e+00,1.714500784873962402e+00,1.712939143180847168e+00,1.711901187896728516e+00,1.711385488510131836e+00,1.711391210556030273e+00,1.711918473243713379e+00,1.712967991828918457e+00,1.714541077613830566e+00,1.716640830039978027e+00,1.719269871711730957e+00,1.722432613372802734e+00,1.726133823394775391e+00,1.730379104614257812e+00,1.735175013542175293e+00,1.740529298782348633e+00,1.746450662612915039e+00,1.752947926521301270e+00,1.760031819343566895e+00,1.767714023590087891e+00,1.776006817817687988e+00,1.784924030303955078e+00,1.794480562210083008e+00,1.804692864418029785e+00,1.815578222274780273e+00,1.827155828475952148e+00,1.839445710182189941e+00,1.852470040321350098e+00,1.866252779960632324e+00,1.880819082260131836e+00,1.896197438240051270e+00,1.912415742874145508e+00,1.929507374763488770e+00,1.947505831718444824e+00,1.966447710990905762e+00,1.986372351646423340e+00,2.007323265075683594e+00,1.998493552207946777e+00,1.947211742401123047e+00,1.897244811058044434e+00,1.849811911582946777e+00,1.805800914764404297e+00,1.763846397399902344e+00,1.724477648735046387e+00,1.687348246574401855e+00,1.652035951614379883e+00,1.618765711784362793e+00,1.587316513061523438e+00,1.557355403900146484e+00,1.529043316841125488e+00,1.502254128456115723e+00,1.477154970169067383e+00,1.453316569328308105e+00,1.430663824081420898e+00,1.409128904342651367e+00,1.388649821281433105e+00,1.369168519973754883e+00,1.350631475448608398e+00,1.332990884780883789e+00,1.316200613975524902e+00,1.300219297409057617e+00,1.285007834434509277e+00,1.270531177520751953e+00,1.256755352020263672e+00,1.243649959564208984e+00,1.231186032295227051e+00,1.219337224960327148e+00,1.208078861236572266e+00,1.197387814521789551e+00,1.187243103981018066e+00,1.177624344825744629e+00,1.168513178825378418e+00,1.159892797470092773e+00,1.151746749877929688e+00,1.144060254096984863e+00,1.136819720268249512e+00,1.130012273788452148e+00,1.123626470565795898e+00,1.117650508880615234e+00,1.112075090408325195e+00,1.106890082359313965e+00,1.102087974548339844e+00,1.097659587860107422e+00,1.093599081039428711e+00,1.089898705482482910e+00,1.086553454399108887e+00,1.083557724952697754e+00,1.080906629562377930e+00,1.078596353530883789e+00,1.076623320579528809e+00,1.074984073638916016e+00,1.073676586151123047e+00,1.072698473930358887e+00,1.072048544883728027e+00,1.071725606918334961e+00,esquerda
5.969461917877197266e+00,5.971301078796386719e+00,5.974961280822753906e+00,5.980449199676513672e+00,5.987773418426513672e+00,5.996943473815917969e+00,6.007975578308105469e+00,6.020884990692138672e+00,6.035693168640136719e+00,6.052422046661376953e+00,6.071098327636718750e+00,6.091752529144287109e+00,6.114415168762207031e+00,6.139124870300292969e+00,6.165921211242675781e+00,6.194847106933593750e+00,6.034748077392578125e+00,5.700590133666992188e+00,5.402804851531982422e+00,5.135039329528808594e+00,4.894070148468017578e+00,4.676289558410644531e+00,4.477205276489257812e+00,4.295364856719970703e+00,4.130645275115966797e+00,3.978701114654541016e+00,3.838232755661010742e+00,3.707616329193115234e+00,3.588081121444702148e+00,3.476597547531127930e+00,3.372016429901123047e+00,3.275446891784667969e+00,3.184642553329467773e+00,3.099436521530151367e+00,3.020160913467407227e+00,2.944913864135742188e+00,2.875105857849121094e+00,2.808569908142089844e+00,2.746144771575927734e+00,2.687283277511596680e+00,2.631311893463134766e+00,2.578589916229248047e+00,2.528766155242919922e+00,2.481313228607177734e+00,2.436486244201660156e+00,2.393841505050659180e+00,2.353846549987792969e+00,2.315859556198120117e+00,2.279762506484985352e+00,2.245446920394897461e+00,2.212812900543212891e+00,2.181769132614135742e+00,2.152231216430664062e+00,2.124120473861694336e+00,2.097365617752075195e+00,2.071898937225341797e+00,2.047659635543823242e+00,2.024590969085693359e+00,2.002639770507812500e+00,1.981755733489990234e+00,1.961894869804382324e+00,1.943013668060302734e+00,1.925073504447937012e+00,1.908037424087524414e+00,1.891871809959411621e+00,1.876544356346130371e+00,1.862025856971740723e+00,1.848289132118225098e+00,1.835308313369750977e+00,1.823059916496276855e+00,1.811522364616394043e+00,1.800674796104431152e+00,1.790498852729797363e+00,1.780976414680480957e+00,1.772091627120971680e+00,1.763829588890075684e+00,1.756177067756652832e+00,1.749120831489562988e+00,1.742650032043457031e+00,1.736753940582275391e+00,1.731423020362854004e+00,1.726649284362792969e+00,1.722424983978271484e+00,1.718743562698364258e+00,1.715599179267883301e+00,1.712987303733825684e+00,1.710903525352478027e+00,1.709345221519470215e+00,1.708309531211853027e+00,1.707794904708862305e+00,1.707800626754760742e+00,1.708326697349548340e+00,1.709374070167541504e+00,1.710943818092346191e+00,1.713039278984069824e+00,1.715662837028503418e+00,1.718818783760070801e+00,1.722512245178222656e+00,1.726748585700988770e+00,1.731534481048583984e+00,1.736877560615539551e+00,1.742786526679992676e+00,1.749269962310791016e+00,1.756339192390441895e+00,1.764005064964294434e+00,1.772280693054199219e+00,1.781179189682006836e+00,1.790715813636779785e+00,1.800906538963317871e+00,1.811769127845764160e+00,1.823322296142578125e+00,1.835586667060852051e+00,1.848583459854125977e+00,1.862337231636047363e+00,1.876873254776000977e+00,1.892219066619873047e+00,1.908403396606445312e+00,1.925459384918212891e+00,1.943419694900512695e+00,1.962321996688842773e+00,1.982204914093017578e+00,2.003111839294433594e+00,1.997016787528991699e+00,1.947342038154602051e+00,1.897366642951965332e+00,1.849925637245178223e+00,1.805907607078552246e+00,1.763946294784545898e+00,1.724571228027343750e+00,1.687436342239379883e+00,1.652118563652038574e+00,1.618843555450439453e+00,1.587389588356018066e+00,1.557424187660217285e+00,1.529108166694641113e+00,1.502253293991088867e+00,1.477154254913330078e+00,1.453315854072570801e+00,1.430662989616394043e+00,1.409128069877624512e+00,1.388648986816406250e+00,1.369167566299438477e+00,1.350630640983581543e+00,1.332990169525146484e+00,1.316199779510498047e+00,1.300218462944030762e+00,1.285006999969482422e+00,1.270530343055725098e+00,1.256754517555236816e+00,1.243649125099182129e+00,1.231185317039489746e+00,1.219336509704589844e+00,1.208078145980834961e+00,1.197387218475341797e+00,1.187242388725280762e+00,1.177623748779296875e+00,1.168512463569641113e+00,1.159892082214355469e+00,1.151746034622192383e+00,1.144059538841247559e+00,1.136819124221801758e+00,1.130011677742004395e+00,1.123625755310058594e+00,1.117649912834167480e+00,1.112074375152587891e+00,1.106889486312866211e+00,1.102087378501892090e+00,1.097658991813659668e+00,1.093598365783691406e+00,1.089898109436035156e+00,1.086552858352661133e+00,1.083557128906250000e+00,1.080906033515930176e+00,1.078595757484436035e+00,1.076622843742370605e+00,1.074983477592468262e+00,1.073675990104675293e+00,1.072697877883911133e+00,1.072047948837280273e+00,1.071725010871887207e+00,esquerda
5.969461917877197266e+00,5.971301078796386719e+00,5.974961280822753906e+00,5.980449199676513672e+00,5.987772941589355469e+00,5.996942996978759766e+00,6.007975101470947266e+00,6.020884513854980469e+00,6.035692691802978516e+00,6.052421569824218750e+00,6.071097850799560547e+00,6.091752052307128906e+00,6.114414691925048828e+00,6.139124870300292969e+00,6.165921211242675781e+00,6.194847583770751953e+00,6.021746158599853516e+00,5.688327789306640625e+00,5.391199588775634766e+00,5.124023437500000000e+00,4.883583545684814453e+00,4.666279792785644531e+00,4.467630863189697266e+00,4.286187171936035156e+00,4.121826171875000000e+00,3.970212459564208984e+00,3.830049276351928711e+00,3.699715852737426758e+00,3.580439567565917969e+00,3.469197273254394531e+00,3.364841699600219727e+00,3.268480062484741211e+00,3.177871465682983398e+00,3.092849016189575195e+00,3.013744354248046875e+00,2.938658952713012695e+00,2.869000911712646484e+00,2.802608013153076172e+00,2.740316629409790039e+00,2.681581020355224609e+00,2.625729560852050781e+00,2.573120117187500000e+00,2.523402929306030273e+00,2.476051330566406250e+00,2.431319952011108398e+00,2.388807773590087891e+00,2.348896980285644531e+00,2.310990095138549805e+00,2.274968624114990234e+00,2.240725517272949219e+00,2.208159923553466797e+00,2.177181959152221680e+00,2.147705554962158203e+00,2.119654417037963867e+00,2.092955589294433594e+00,2.067542791366577148e+00,2.043354034423828125e+00,2.020334005355834961e+00,1.998428940773010254e+00,1.977588891983032227e+00,1.957770228385925293e+00,1.938928604125976562e+00,1.921026229858398438e+00,1.904025793075561523e+00,1.887894392013549805e+00,1.872598886489868164e+00,1.858111023902893066e+00,1.844403266906738281e+00,1.831449747085571289e+00,1.819227099418640137e+00,1.807713866233825684e+00,1.796889185905456543e+00,1.786734580993652344e+00,1.777232050895690918e+00,1.768366098403930664e+00,1.760121464729309082e+00,1.752484798431396484e+00,1.745443701744079590e+00,1.738986372947692871e+00,1.733102679252624512e+00,1.727783083915710449e+00,1.723019480705261230e+00,1.718804001808166504e+00,1.715130329132080078e+00,1.711992621421813965e+00,1.709386229515075684e+00,1.707306861877441406e+00,1.705751776695251465e+00,1.704718232154846191e+00,1.704204797744750977e+00,1.704210519790649414e+00,1.704735517501831055e+00,1.705780744552612305e+00,1.707347273826599121e+00,1.709438204765319824e+00,1.712056398391723633e+00,1.715205788612365723e+00,1.718891501426696777e+00,1.723118901252746582e+00,1.727894663810729980e+00,1.733226537704467773e+00,1.739123106002807617e+00,1.745593190193176270e+00,1.752647280693054199e+00,1.760297298431396484e+00,1.768555402755737305e+00,1.777435183525085449e+00,1.786951661109924316e+00,1.797121047973632812e+00,1.807960748672485352e+00,1.819489717483520508e+00,1.831728339195251465e+00,1.844697833061218262e+00,1.858422875404357910e+00,1.872928142547607422e+00,1.888242006301879883e+00,1.904392242431640625e+00,1.921412229537963867e+00,1.939335107803344727e+00,1.958197593688964844e+00,1.978038668632507324e+00,1.998901605606079102e+00,1.995432257652282715e+00,1.947309255599975586e+00,1.897336006164550781e+00,1.849896788597106934e+00,1.805880308151245117e+00,1.763920664787292480e+00,1.724547266960144043e+00,1.687413811683654785e+00,1.652097225189208984e+00,1.618823289871215820e+00,1.587370395660400391e+00,1.557405948638916016e+00,1.529090881347656250e+00,1.502254128456115723e+00,1.477154970169067383e+00,1.453316569328308105e+00,1.430663824081420898e+00,1.409128904342651367e+00,1.388649821281433105e+00,1.369168162345886230e+00,1.350631356239318848e+00,1.332990765571594238e+00,1.316200375556945801e+00,1.300219058990478516e+00,1.285007596015930176e+00,1.270530819892883301e+00,1.256755232810974121e+00,1.243649601936340332e+00,1.231185793876647949e+00,1.219336986541748047e+00,1.208078622817993164e+00,1.197387695312500000e+00,1.187242746353149414e+00,1.177624106407165527e+00,1.168512821197509766e+00,1.159892320632934570e+00,1.151746511459350586e+00,1.144059896469116211e+00,1.136819481849670410e+00,1.130012035369873047e+00,1.123625993728637695e+00,1.117650151252746582e+00,1.112074732780456543e+00,1.106889724731445312e+00,1.102087616920471191e+00,1.097659230232238770e+00,1.093598723411560059e+00,1.089898347854614258e+00,1.086552977561950684e+00,1.083557367324829102e+00,1.080906152725219727e+00,1.078595876693725586e+00,1.076622843742370605e+00,1.074983477592468262e+00,1.073675990104675293e+00,1.072697997093200684e+00,1.072048068046569824e+00,1.071725010871887207e+00,esquerda
5.969462871551513672e+00,5.971302032470703125e+00,5.974962234497070312e+00,5.980450153350830078e+00,5.987774372100830078e+00,5.996944427490234375e+00,6.007976531982421875e+00,6.020885944366455078e+00,6.035694122314453125e+00,6.052423000335693359e+00,6.071099281311035156e+00,6.091753482818603516e+00,6.114416122436523438e+00,6.139126300811767578e+00,6.165922164916992188e+00,6.194848060607910156e+00,6.009187221527099609e+00,5.676417827606201172e+00,5.379873275756835938e+00,5.113224029541015625e+00,4.873260498046875000e+00,4.656391143798828125e+00,4.458139896392822266e+00,4.277061939239501953e+00,4.113032817840576172e+00,3.961725950241088867e+00,3.821850776672363281e+00,3.691798210144042969e+00,3.572781324386596680e+00,3.461781501770019531e+00,3.357653141021728516e+00,3.261501073837280273e+00,3.171088933944702148e+00,3.086250543594360352e+00,3.007317066192626953e+00,2.932393789291381836e+00,2.862886428833007812e+00,2.796636581420898438e+00,2.734479904174804688e+00,2.675870656967163086e+00,2.620139598846435547e+00,2.567643404006958008e+00,2.518033266067504883e+00,2.470782995223999023e+00,2.426147222518920898e+00,2.383776664733886719e+00,2.343949556350708008e+00,2.306122779846191406e+00,2.270177364349365234e+00,2.236005783081054688e+00,2.203509092330932617e+00,2.172595977783203125e+00,2.143182277679443359e+00,2.115189790725708008e+00,2.088547229766845703e+00,2.063187837600708008e+00,2.039050102233886719e+00,2.016078710556030273e+00,1.994219541549682617e+00,1.973423480987548828e+00,1.953646302223205566e+00,1.934844493865966797e+00,1.916979551315307617e+00,1.900015234947204590e+00,1.883917450904846191e+00,1.868654251098632812e+00,1.854197025299072266e+00,1.840517878532409668e+00,1.827591896057128906e+00,1.815394997596740723e+00,1.803905844688415527e+00,1.793104052543640137e+00,1.782970666885375977e+00,1.773488283157348633e+00,1.764640927314758301e+00,1.756413698196411133e+00,1.748793005943298340e+00,1.741766691207885742e+00,1.735323190689086914e+00,1.729451656341552734e+00,1.724143385887145996e+00,1.719389677047729492e+00,1.715183019638061523e+00,1.711517095565795898e+00,1.708386182785034180e+00,1.705785036087036133e+00,1.703710198402404785e+00,1.702158451080322266e+00,1.701127052307128906e+00,1.700614571571350098e+00,1.700620293617248535e+00,1.701144099235534668e+00,1.702187061309814453e+00,1.703750133514404297e+00,1.705836653709411621e+00,1.708449363708496094e+00,1.711592078208923340e+00,1.715270042419433594e+00,1.719488739967346191e+00,1.724254488945007324e+00,1.729574918746948242e+00,1.735458970069885254e+00,1.741915464401245117e+00,1.748954772949218750e+00,1.756588459014892578e+00,1.764829158782958984e+00,1.773690223693847656e+00,1.783186554908752441e+00,1.793334841728210449e+00,1.804151535034179688e+00,1.815656304359436035e+00,1.827868938446044922e+00,1.840811014175415039e+00,1.854507088661193848e+00,1.868981838226318359e+00,1.884263396263122559e+00,1.900379538536071777e+00,1.917363643646240234e+00,1.935248851776123047e+00,1.954071521759033203e+00,1.973870873451232910e+00,1.994689822196960449e+00,1.993846416473388672e+00,1.947275638580322266e+00,1.897304415702819824e+00,1.849867224693298340e+00,1.805852770805358887e+00,1.763894438743591309e+00,1.724522590637207031e+00,1.687390446662902832e+00,1.652075409889221191e+00,1.618802666664123535e+00,1.587350845336914062e+00,1.557387471199035645e+00,1.529073357582092285e+00,1.502251386642456055e+00,1.477152347564697266e+00,1.453313946723937988e+00,1.430661201477050781e+00,1.409126400947570801e+00,1.388647317886352539e+00,1.369165897369384766e+00,1.350628852844238281e+00,1.332988381385803223e+00,1.316198348999023438e+00,1.300216913223266602e+00,1.285005211830139160e+00,1.270528912544250488e+00,1.256753087043762207e+00,1.243647456169128418e+00,1.231183767318725586e+00,1.219334959983825684e+00,1.208076477050781250e+00,1.197385549545288086e+00,1.187240839004516602e+00,1.177621960639953613e+00,1.168510913848876953e+00,1.159890532493591309e+00,1.151744604110717773e+00,1.144058108329772949e+00,1.136817574501037598e+00,1.130010128021240234e+00,1.123624324798583984e+00,1.117648482322692871e+00,1.112073063850402832e+00,1.106887936592102051e+00,1.102085828781127930e+00,1.097657561302185059e+00,1.093596935272216797e+00,1.089896798133850098e+00,1.086551427841186523e+00,1.083555698394775391e+00,1.080904603004455566e+00,1.078594326972961426e+00,1.076621294021606445e+00,1.074982047080993652e+00,1.073674559593200684e+00,1.072696447372436523e+00,1.072046518325805664e+00,1.071723580360412598e+00,esquerda
5.969464302062988281e+00,5.971302986145019531e+00,5.974963188171386719e+00,5.980451583862304688e+00,5.987775325775146484e+00,5.996945381164550781e+00,6.007977485656738281e+00,6.020887374877929688e+00,6.035695075988769531e+00,6.052423954010009766e+00,6.071100711822509766e+00,6.091754436492919922e+00,6.114417076110839844e+00,6.139127731323242188e+00,6.165923118591308594e+00,6.194849491119384766e+00,5.997096061706542969e+00,5.665003776550292969e+00,5.369060039520263672e+00,5.102951526641845703e+00,4.863474845886230469e+00,4.647044181823730469e+00,4.449193954467773438e+00,4.268481731414794922e+00,4.104784011840820312e+00,3.953782796859741211e+00,3.814185857772827148e+00,3.684380769729614258e+00,3.565588712692260742e+00,3.454797983169555664e+00,3.350866794586181641e+00,3.254897832870483398e+00,3.164658069610595703e+00,3.079981565475463867e+00,3.001199245452880859e+00,2.926419734954833984e+00,2.857045650482177734e+00,2.790923595428466797e+00,2.728886365890502930e+00,2.670390367507934570e+00,2.614766836166381836e+00,2.562372207641601562e+00,2.512857913970947266e+00,2.465699434280395508e+00,2.421150207519531250e+00,2.378744840621948242e+00,2.339002132415771484e+00,2.301254749298095703e+00,2.265385389328002930e+00,2.231286287307739258e+00,2.198858022689819336e+00,2.168010473251342773e+00,2.138658523559570312e+00,2.110725164413452148e+00,2.084139108657836914e+00,2.058833122253417969e+00,2.034746170043945312e+00,2.011823177337646484e+00,1.990010619163513184e+00,1.969258427619934082e+00,1.949522852897644043e+00,1.930760741233825684e+00,1.912933468818664551e+00,1.896005034446716309e+00,1.879941344261169434e+00,1.864710330963134766e+00,1.850283622741699219e+00,1.836633443832397461e+00,1.823734760284423828e+00,1.811563372611999512e+00,1.800098776817321777e+00,1.789319753646850586e+00,1.779207825660705566e+00,1.769745469093322754e+00,1.760916829109191895e+00,1.752706885337829590e+00,1.745102524757385254e+00,1.738091111183166504e+00,1.731660962104797363e+00,1.725801944732666016e+00,1.720504760742187500e+00,1.715761184692382812e+00,1.711563587188720703e+00,1.707905411720275879e+00,1.704780817031860352e+00,1.702185392379760742e+00,1.700114965438842773e+00,1.698566317558288574e+00,1.697537064552307129e+00,1.697025775909423828e+00,1.697031497955322266e+00,1.697554230690002441e+00,1.698595046997070312e+00,1.700155019760131836e+00,1.702237129211425781e+00,1.704844236373901367e+00,1.707980394363403320e+00,1.711650609970092773e+00,1.715860366821289062e+00,1.720615983009338379e+00,1.725925207138061523e+00,1.731797218322753906e+00,1.738239765167236328e+00,1.745264291763305664e+00,1.752881884574890137e+00,1.761105179786682129e+00,1.769947767257690430e+00,1.779424190521240234e+00,1.789550662040710449e+00,1.800344586372375488e+00,1.811825037002563477e+00,1.824012160301208496e+00,1.836927175521850586e+00,1.850594282150268555e+00,1.865038275718688965e+00,1.880287647247314453e+00,1.896369934082031250e+00,1.913318395614624023e+00,1.931165456771850586e+00,1.949948549270629883e+00,1.969706058502197266e+00,1.990481257438659668e+00,1.992261290550231934e+00,1.947241187095642090e+00,1.897272109985351562e+00,1.849836826324462891e+00,1.805823922157287598e+00,1.763867616653442383e+00,1.724497079849243164e+00,1.687366366386413574e+00,1.652052879333496094e+00,1.618781208992004395e+00,1.587330698966979980e+00,1.557368397712707520e+00,1.529055356979370117e+00,1.502250313758850098e+00,1.477151155471801758e+00,1.453312873840332031e+00,1.430660128593444824e+00,1.409125566482543945e+00,1.388646364212036133e+00,1.369164943695068359e+00,1.350628018379211426e+00,1.332987546920776367e+00,1.316197514533996582e+00,1.300216078758239746e+00,1.285004377365112305e+00,1.270528078079223633e+00,1.256752252578735352e+00,1.243646621704101562e+00,1.231183052062988281e+00,1.219334244728088379e+00,1.208075642585754395e+00,1.197384953498840332e+00,1.187240123748779297e+00,1.177621245384216309e+00,1.168510317802429199e+00,1.159889817237854004e+00,1.151743769645690918e+00,1.144057273864746094e+00,1.136816859245300293e+00,1.130009531974792480e+00,1.123623371124267578e+00,1.117647647857666016e+00,1.112072229385375977e+00,1.106887340545654297e+00,1.102085113525390625e+00,1.097656846046447754e+00,1.093596220016479492e+00,1.089895963668823242e+00,1.086550712585449219e+00,1.083554983139038086e+00,1.080903887748718262e+00,1.078593611717224121e+00,1.076620578765869141e+00,1.074981331825256348e+00,1.073673844337463379e+00,1.072695732116699219e+00,1.072045803070068359e+00,1.071722865104675293e+00,esquerda
5.969464302062988281e+00,5.971302986145019531e+00,5.974963188171386719e+00,5.980451107025146484e+00,5.987774848937988281e+00,5.996945381164550781e+00,6.007977008819580078e+00,6.020886898040771484e+00,6.035694599151611328e+00,6.052423477172851562e+00,6.071100234985351562e+00,6.091753959655761719e+00,6.114416599273681641e+00,6.139127731323242188e+00,6.165923118591308594e+00,6.194849967956542969e+00,5.984079837799072266e+00,5.652729988098144531e+00,5.357446193695068359e+00,5.091928958892822266e+00,4.852982997894287109e+00,4.637030601501464844e+00,4.439617633819580078e+00,4.259302139282226562e+00,4.095963954925537109e+00,3.945293664932250977e+00,3.806002616882324219e+00,3.676480770111083984e+00,3.557946920394897461e+00,3.447397708892822266e+00,3.343692779541015625e+00,3.247931718826293945e+00,3.157887458801269531e+00,3.073394775390625000e+00,2.994782924652099609e+00,2.920165061950683594e+00,2.850940942764282227e+00,2.784961462020874023e+00,2.723058223724365234e+00,2.664688348770141602e+00,2.609184503555297852e+00,2.556902647018432617e+00,2.507494688034057617e+00,2.460437297821044922e+00,2.415983915328979492e+00,2.373711347579956055e+00,2.334052801132202148e+00,2.296385288238525391e+00,2.260591745376586914e+00,2.226564645767211914e+00,2.194205045700073242e+00,2.163422584533691406e+00,2.134132862091064453e+00,2.106258392333984375e+00,2.079728603363037109e+00,2.054476261138916016e+00,2.030440568923950195e+00,2.007565975189208984e+00,1.985799193382263184e+00,1.965090870857238770e+00,1.945397377014160156e+00,1.926674723625183105e+00,1.908885240554809570e+00,1.891992688179016113e+00,1.875962853431701660e+00,1.860764026641845703e+00,1.846367955207824707e+00,1.832746624946594238e+00,1.819875121116638184e+00,1.807729601860046387e+00,1.796289205551147461e+00,1.785532951354980469e+00,1.775442242622375488e+00,1.765999913215637207e+00,1.757189989089965820e+00,1.748997449874877930e+00,1.741409063339233398e+00,1.734412312507629395e+00,1.727995872497558594e+00,1.722149372100830078e+00,1.716863274574279785e+00,1.712129712104797363e+00,1.707941055297851562e+00,1.704290509223937988e+00,1.701172590255737305e+00,1.698582649230957031e+00,1.696516394615173340e+00,1.694971203804016113e+00,1.693944215774536133e+00,1.693434000015258789e+00,1.693439722061157227e+00,1.693961262702941895e+00,1.694999814033508301e+00,1.696556448936462402e+00,1.698634147644042969e+00,1.701235651969909668e+00,1.704365134239196777e+00,1.708027482032775879e+00,1.712228417396545410e+00,1.716973900794982910e+00,1.722271919250488281e+00,1.728131294250488281e+00,1.734560489654541016e+00,1.741569876670837402e+00,1.749171495437622070e+00,1.757377386093139648e+00,1.766201138496398926e+00,1.775657534599304199e+00,1.785762429237365723e+00,1.796533703804016113e+00,1.807989835739135742e+00,1.820150971412658691e+00,1.833038449287414551e+00,1.846676707267761230e+00,1.861090421676635742e+00,1.876307368278503418e+00,1.892355561256408691e+00,1.909267902374267578e+00,1.927077651023864746e+00,1.945820808410644531e+00,1.965536355972290039e+00,1.986267685890197754e+00,1.990752696990966797e+00,1.947326898574829102e+00,1.897354483604431152e+00,1.849915862083435059e+00,1.805900454521179199e+00,1.763941287994384766e+00,1.724568724632263184e+00,1.687435626983642578e+00,1.652119636535644531e+00,1.618846297264099121e+00,1.587393641471862793e+00,1.557429671287536621e+00,1.529114961624145508e+00,1.502251148223876953e+00,1.477152109146118164e+00,1.453313589096069336e+00,1.430661082267761230e+00,1.409126162528991699e+00,1.388647079467773438e+00,1.369165539741516113e+00,1.350628733634948730e+00,1.332988262176513672e+00,1.316197872161865234e+00,1.300216555595397949e+00,1.285004973411560059e+00,1.270528554916381836e+00,1.256752848625183105e+00,1.243647217750549316e+00,1.231183409690856934e+00,1.219334721565246582e+00,1.208076238632202148e+00,1.197385430335998535e+00,1.187240362167358398e+00,1.177621603012084961e+00,1.168510556221008301e+00,1.159890174865722656e+00,1.151744127273559570e+00,1.144057631492614746e+00,1.136817097663879395e+00,1.130009770393371582e+00,1.123623728752136230e+00,1.117648124694824219e+00,1.112072348594665527e+00,1.106887578964233398e+00,1.102085232734680176e+00,1.097657084465026855e+00,1.093596458435058594e+00,1.089896082878112793e+00,1.086550831794738770e+00,1.083555102348327637e+00,1.080904006958007812e+00,1.078593730926513672e+00,1.076620817184448242e+00,1.074981570243835449e+00,1.073673963546752930e+00,1.072695851325988770e+00,1.072045922279357910e+00,1.071722984313964844e+00,esquerda
5.969465255737304688e+00,5.971304416656494141e+00,5.974964618682861328e+00,5.980452537536621094e+00,5.987776279449462891e+00,5.996946811676025391e+00,6.007978439331054688e+00,6.020888328552246094e+00,6.035696029663085938e+00,6.052425384521484375e+00,6.071102142333984375e+00,6.091755390167236328e+00,6.114418983459472656e+00,6.139128684997558594e+00,6.165924072265625000e+00,6.194850444793701172e+00,5.971083641052246094e+00,5.640471935272216797e+00,5.345845699310302734e+00,5.080916404724121094e+00,4.842499732971191406e+00,4.627023696899414062e+00,4.430044651031494141e+00,4.250126838684082031e+00,4.087146759033203125e+00,3.936807155609130859e+00,3.797821283340454102e+00,3.668582677841186523e+00,3.550307273864746094e+00,3.439999103546142578e+00,3.336519718170166016e+00,3.240967035293579102e+00,3.151118516921997070e+00,3.066809177398681641e+00,2.988367557525634766e+00,2.913911819458007812e+00,2.844837665557861328e+00,2.779000759124755859e+00,2.717231035232543945e+00,2.658987283706665039e+00,2.603603363037109375e+00,2.551434040069580078e+00,2.502132654190063477e+00,2.455176353454589844e+00,2.410818815231323242e+00,2.368680238723754883e+00,2.329105615615844727e+00,2.291517972946166992e+00,2.255800485610961914e+00,2.221845388412475586e+00,2.189554452896118164e+00,2.158837080001831055e+00,2.129609346389770508e+00,2.101794242858886719e+00,2.075320720672607422e+00,2.050121545791625977e+00,2.026136875152587891e+00,2.003310918807983398e+00,1.981590270996093750e+00,1.960925936698913574e+00,1.941273808479309082e+00,1.922591090202331543e+00,1.904839515686035156e+00,1.887982606887817383e+00,1.871986746788024902e+00,1.856820106506347656e+00,1.842454433441162109e+00,1.828862071037292480e+00,1.816017866134643555e+00,1.803898096084594727e+00,1.792481780052185059e+00,1.781748294830322266e+00,1.771679282188415527e+00,1.762256860733032227e+00,1.753465533256530762e+00,1.745290517807006836e+00,1.737718105316162109e+00,1.730736136436462402e+00,1.724333405494689941e+00,1.718499183654785156e+00,1.713224411010742188e+00,1.708500981330871582e+00,1.704320907592773438e+00,1.700678110122680664e+00,1.697566986083984375e+00,1.694982409477233887e+00,1.692920684814453125e+00,1.691378831863403320e+00,1.690353870391845703e+00,1.689844727516174316e+00,1.689850330352783203e+00,1.690370917320251465e+00,1.691407203674316406e+00,1.692960619926452637e+00,1.695033907890319824e+00,1.697629928588867188e+00,1.700752735137939453e+00,1.704407215118408203e+00,1.708599209785461426e+00,1.713334679603576660e+00,1.718621611595153809e+00,1.724468588829040527e+00,1.730883836746215820e+00,1.737878680229187012e+00,1.745464086532592773e+00,1.753652691841125488e+00,1.762457609176635742e+00,1.771893978118896484e+00,1.781977772712707520e+00,1.792725801467895508e+00,1.804157733917236328e+00,1.816293120384216309e+00,1.829153418540954590e+00,1.842762827873229980e+00,1.857145786285400391e+00,1.872330427169799805e+00,1.888344645500183105e+00,1.905221104621887207e+00,1.922993063926696777e+00,1.941696405410766602e+00,1.961370348930358887e+00,1.982057452201843262e+00,1.989218950271606445e+00,1.947369098663330078e+00,1.897392153739929199e+00,1.849949717521667480e+00,1.805930256843566895e+00,1.763967990875244141e+00,1.724591851234436035e+00,1.687456011772155762e+00,1.652137517929077148e+00,1.618861436843872070e+00,1.587406516075134277e+00,1.557440519332885742e+00,1.529123902320861816e+00,1.502248883247375488e+00,1.477149844169616699e+00,1.453311324119567871e+00,1.430658817291259766e+00,1.409124016761779785e+00,1.388644814491271973e+00,1.369163393974304199e+00,1.350626587867736816e+00,1.332985997200012207e+00,1.316195845603942871e+00,1.300214529037475586e+00,1.285002946853637695e+00,1.270526528358459473e+00,1.256750702857971191e+00,1.243645310401916504e+00,1.231181502342224121e+00,1.219332814216613770e+00,1.208074331283569336e+00,1.197383403778076172e+00,1.187238574028015137e+00,1.177619814872741699e+00,1.168509006500244141e+00,1.159888386726379395e+00,1.151742339134216309e+00,1.144055962562561035e+00,1.136815309524536133e+00,1.130008220672607422e+00,1.123622059822082520e+00,1.117646455764770508e+00,1.112070679664611816e+00,1.106886029243469238e+00,1.102083563804626465e+00,1.097655415534973145e+00,1.093594789505004883e+00,1.089894533157348633e+00,1.086549162864685059e+00,1.083553552627563477e+00,1.080902338027954102e+00,1.078592061996459961e+00,1.076619029045104980e+00,1.074979901313781738e+00,1.073672175407409668e+00,1.072694182395935059e+00,1.072044253349304199e+00,1.071721315383911133e+00,esquerda
5.969466209411621094e+00,5.971305370330810547e+00,5.974965572357177734e+00,5.980453491210937500e+00,5.987777709960937500e+00,5.996947765350341797e+00,6.007979869842529297e+00,6.020889282226562500e+00,6.035697460174560547e+00,6.052426338195800781e+00,6.071103096008300781e+00,6.091756820678710938e+00,6.114419937133789062e+00,6.139129638671875000e+00,6.165925502777099609e+00,6.194851398468017578e+00,5.959457397460937500e+00,5.629431247711181641e+00,5.335331439971923828e+00,5.070880889892578125e+00,4.832896709442138672e+00,4.617815494537353516e+00,4.421199321746826172e+00,4.241615295410156250e+00,4.078939437866210938e+00,3.928880929946899414e+00,3.790156602859497070e+00,3.661161899566650391e+00,3.543110847473144531e+00,3.433012723922729492e+00,3.329730987548828125e+00,3.234360694885253906e+00,3.144685268402099609e+00,3.060537576675415039e+00,2.982247114181518555e+00,2.907935142517089844e+00,2.838994503021240234e+00,2.773284912109375000e+00,2.711635351181030273e+00,2.653504610061645508e+00,2.598228454589843750e+00,2.546160697937011719e+00,2.496955394744873047e+00,2.450090885162353516e+00,2.405819416046142578e+00,2.363647460937500000e+00,2.324156761169433594e+00,2.286648750305175781e+00,2.251007318496704102e+00,2.217124462127685547e+00,2.184901952743530273e+00,2.154249906539916992e+00,2.125084400177001953e+00,2.097328424453735352e+00,2.070910930633544922e+00,2.045765399932861328e+00,2.021831750869750977e+00,1.999054193496704102e+00,1.977379679679870605e+00,1.956759333610534668e+00,1.937149167060852051e+00,1.918506026268005371e+00,1.900792002677917480e+00,1.883970856666564941e+00,1.868009090423583984e+00,1.852874755859375000e+00,1.838539481163024902e+00,1.824976086616516113e+00,1.812159061431884766e+00,1.800065159797668457e+00,1.788673162460327148e+00,1.777962565422058105e+00,1.767914891242980957e+00,1.758512496948242188e+00,1.749739766120910645e+00,1.741581797599792480e+00,1.734025597572326660e+00,1.727058649063110352e+00,1.720669507980346680e+00,1.714847683906555176e+00,1.709584116935729980e+00,1.704870700836181641e+00,1.700699567794799805e+00,1.697064638137817383e+00,1.693960070610046387e+00,1.691380977630615234e+00,1.689323663711547852e+00,1.687784790992736816e+00,1.686761975288391113e+00,1.686254024505615234e+00,1.686259746551513672e+00,1.686779141426086426e+00,1.687813162803649902e+00,1.689363241195678711e+00,1.691432237625122070e+00,1.694022774696350098e+00,1.697139024734497070e+00,1.700785756111145020e+00,1.704968810081481934e+00,1.709694385528564453e+00,1.714969754219055176e+00,1.720804214477539062e+00,1.727206110954284668e+00,1.734185934066772461e+00,1.741755247116088867e+00,1.749926447868347168e+00,1.758712649345397949e+00,1.768128991127014160e+00,1.778191208839416504e+00,1.788916826248168945e+00,1.800324320793151855e+00,1.812433838844299316e+00,1.825266718864440918e+00,1.838847160339355469e+00,1.853199720382690430e+00,1.868352293968200684e+00,1.884332180023193359e+00,1.901173114776611328e+00,1.918907046318054199e+00,1.937570929527282715e+00,1.957202911376953125e+00,1.977846026420593262e+00,1.987630128860473633e+00,1.947330594062805176e+00,1.897356271743774414e+00,1.849915862083435059e+00,1.805898547172546387e+00,1.763938069343566895e+00,1.724563717842102051e+00,1.687429428100585938e+00,1.652112126350402832e+00,1.618837356567382812e+00,1.587384104728698730e+00,1.557419180870056152e+00,1.529103517532348633e+00,1.502247452735900879e+00,1.477148294448852539e+00,1.453310012817382812e+00,1.430657386779785156e+00,1.409122586250305176e+00,1.388643622398376465e+00,1.369162321090698242e+00,1.350625395774841309e+00,1.332985043525695801e+00,1.316194653511047363e+00,1.300213456153869629e+00,1.285001993179321289e+00,1.270525336265563965e+00,1.256749629974365234e+00,1.243644237518310547e+00,1.231180548667907715e+00,1.219331860542297363e+00,1.208073377609252930e+00,1.197382688522338867e+00,1.187237739562988281e+00,1.177618980407714844e+00,1.168508052825927734e+00,1.159887433052062988e+00,1.151741623878479004e+00,1.144055008888244629e+00,1.136814594268798828e+00,1.130007386207580566e+00,1.123621225357055664e+00,1.117645740509033203e+00,1.112069964408874512e+00,1.106885313987731934e+00,1.102082848548889160e+00,1.097654700279235840e+00,1.093594074249267578e+00,1.089893817901611328e+00,1.086548447608947754e+00,1.083552718162536621e+00,1.080901741981506348e+00,1.078591465950012207e+00,1.076618432998657227e+00,1.074979186058044434e+00,1.073671579360961914e+00,1.072693586349487305e+00,1.072043657302856445e+00,1.071720838546752930e+00,esquerda
5.969466686248779297e+00,5.971305847167968750e+00,5.974966049194335938e+00,5.980453968048095703e+00,5.987778186798095703e+00,5.996948242187500000e+00,6.007980346679687500e+00,6.020889759063720703e+00,6.035697937011718750e+00,6.052426815032958984e+00,6.071103572845458984e+00,6.091757297515869141e+00,6.114420413970947266e+00,6.139130115509033203e+00,6.165925979614257812e+00,6.194851875305175781e+00,5.946427822113037109e+00,5.617142677307128906e+00,5.323701381683349609e+00,5.059841156005859375e+00,4.822388172149658203e+00,4.607784748077392578e+00,4.411604881286621094e+00,4.232418060302734375e+00,4.070102214813232422e+00,3.920374631881713867e+00,3.781955718994140625e+00,3.653245210647583008e+00,3.535454511642456055e+00,3.425598382949829102e+00,3.322543859481811523e+00,3.227382898330688477e+00,3.137903213500976562e+00,3.053940057754516602e+00,2.975821256637573242e+00,2.901671409606933594e+00,2.832881450653076172e+00,2.767315387725830078e+00,2.705799818038940430e+00,2.647795915603637695e+00,2.592639923095703125e+00,2.540685176849365234e+00,2.491586446762084961e+00,2.444823980331420898e+00,2.400648593902587891e+00,2.358615875244140625e+00,2.319209337234497070e+00,2.281781673431396484e+00,2.246215581893920898e+00,2.212404966354370117e+00,2.180251121520996094e+00,2.149664163589477539e+00,2.120560884475708008e+00,2.092863798141479492e+00,2.066502571105957031e+00,2.041410923004150391e+00,2.017528057098388672e+00,1.994799017906188965e+00,1.973170638084411621e+00,1.952594041824340820e+00,1.933025479316711426e+00,1.914422273635864258e+00,1.896745800971984863e+00,1.879960536956787109e+00,1.864032745361328125e+00,1.848930597305297852e+00,1.834626078605651855e+00,1.821091175079345703e+00,1.808301448822021484e+00,1.796233415603637695e+00,1.784865498542785645e+00,1.774177789688110352e+00,1.764151453971862793e+00,1.754768967628479004e+00,1.746015071868896484e+00,1.737874507904052734e+00,1.730334520339965820e+00,1.723382472991943359e+00,1.717006683349609375e+00,1.711197257041931152e+00,1.705944895744323730e+00,1.701241374015808105e+00,1.697079300880432129e+00,1.693452000617980957e+00,1.690353989601135254e+00,1.687780499458312988e+00,1.685727357864379883e+00,1.684191942214965820e+00,1.683171629905700684e+00,1.682664513587951660e+00,1.682670116424560547e+00,1.683188557624816895e+00,1.684220433235168457e+00,1.685767173767089844e+00,1.687831759452819824e+00,1.690416812896728516e+00,1.693526268005371094e+00,1.697165250778198242e+00,1.701339483261108398e+00,1.706054925918579102e+00,1.711319327354431152e+00,1.717141270637512207e+00,1.723529458045959473e+00,1.730494618415832520e+00,1.738047838211059570e+00,1.746201276779174805e+00,1.754969000816345215e+00,1.764365315437316895e+00,1.774405956268310547e+00,1.785108685493469238e+00,1.796491980552673340e+00,1.808575868606567383e+00,1.821381568908691406e+00,1.834932804107666016e+00,1.849254965782165527e+00,1.864375114440917969e+00,1.880321264266967773e+00,1.897126078605651855e+00,1.914822220802307129e+00,1.933446407318115234e+00,1.953036546707153320e+00,1.973635911941528320e+00,1.986041188240051270e+00,1.947291135787963867e+00,1.897319197654724121e+00,1.849881172180175781e+00,1.805865883827209473e+00,1.763907194137573242e+00,1.724534869194030762e+00,1.687402009963989258e+00,1.652086257934570312e+00,1.618813157081604004e+00,1.587361097335815430e+00,1.557397246360778809e+00,1.529082775115966797e+00,1.502246499061584473e+00,1.477147340774536133e+00,1.453309297561645508e+00,1.430656433105468750e+00,1.409121632575988770e+00,1.388642668724060059e+00,1.369161486625671387e+00,1.350624680519104004e+00,1.332984089851379395e+00,1.316193819046020508e+00,1.300212740898132324e+00,1.285001277923583984e+00,1.270524501800537109e+00,1.256748914718627930e+00,1.243643641471862793e+00,1.231179594993591309e+00,1.219331026077270508e+00,1.208072543144226074e+00,1.197381734848022461e+00,1.187237024307250977e+00,1.177618026733398438e+00,1.168507337570190430e+00,1.159886717796325684e+00,1.151740789413452148e+00,1.144054412841796875e+00,1.136813759803771973e+00,1.130006670951843262e+00,1.123620510101318359e+00,1.117644906044006348e+00,1.112069129943847656e+00,1.106884479522705078e+00,1.102082252502441406e+00,1.097653985023498535e+00,1.093593358993530273e+00,1.089893102645874023e+00,1.086547851562500000e+00,1.083552122116088867e+00,1.080901026725769043e+00,1.078590750694274902e+00,1.076617717742919922e+00,1.074978590011596680e+00,1.073670864105224609e+00,1.072692871093750000e+00,1.072043061256408691e+00,1.071720123291015625e+00,esquerda
5.969467163085937500e+00,5.971306324005126953e+00,5.974966526031494141e+00,5.980454444885253906e+00,5.987778663635253906e+00,5.996948719024658203e+00,6.007980823516845703e+00,6.020890235900878906e+00,6.035698413848876953e+00,6.052427291870117188e+00,6.071104049682617188e+00,6.091757774353027344e+00,6.114420890808105469e+00,6.139131069183349609e+00,6.165926456451416016e+00,6.194852352142333984e+00,5.933432579040527344e+00,5.604886054992675781e+00,5.312100887298583984e+00,5.048830032348632812e+00,4.811903953552246094e+00,4.597778320312500000e+00,4.402033329010009766e+00,4.223242759704589844e+00,4.061285495758056641e+00,3.911888360977172852e+00,3.773774147033691406e+00,3.645346641540527344e+00,3.527814388275146484e+00,3.418199062347412109e+00,3.315370321273803711e+00,3.220417737960815430e+00,3.131133794784545898e+00,3.047353982925415039e+00,2.969405412673950195e+00,2.895417213439941406e+00,2.826777219772338867e+00,2.761353969573974609e+00,2.699972391128540039e+00,2.642094373703002930e+00,2.587058067321777344e+00,2.535216093063354492e+00,2.486223936080932617e+00,2.439562320709228516e+00,2.395482540130615234e+00,2.353581666946411133e+00,2.314259290695190430e+00,2.276911258697509766e+00,2.241421461105346680e+00,2.207682847976684570e+00,2.175597667694091797e+00,2.145076274871826172e+00,2.116034746170043945e+00,2.088397026062011719e+00,2.062092065811157227e+00,2.037054061889648438e+00,2.013222217559814453e+00,1.990541577339172363e+00,1.968959450721740723e+00,1.948426723480224609e+00,1.928900241851806641e+00,1.910336494445800781e+00,1.892697930335998535e+00,1.875948429107666016e+00,1.860054731369018555e+00,1.844985008239746094e+00,1.830710649490356445e+00,1.817204833030700684e+00,1.804442524909973145e+00,1.792400121688842773e+00,1.781056761741638184e+00,1.770391702651977539e+00,1.760386705398559570e+00,1.751024484634399414e+00,1.742289185523986816e+00,1.734166264533996582e+00,1.726642251014709473e+00,1.719704985618591309e+00,1.713342785835266113e+00,1.707545757293701172e+00,1.702304601669311523e+00,1.697611331939697266e+00,1.693458080291748047e+00,1.689838528633117676e+00,1.686747074127197266e+00,1.684179067611694336e+00,1.682130455970764160e+00,1.680598378181457520e+00,1.679580092430114746e+00,1.679074048995971680e+00,1.679079651832580566e+00,1.679597020149230957e+00,1.680626749992370605e+00,1.682170271873474121e+00,1.684230446815490723e+00,1.686809897422790527e+00,1.689912676811218262e+00,1.693544030189514160e+00,1.697709321975708008e+00,1.702414751052856445e+00,1.707667946815490723e+00,1.713477373123168945e+00,1.719852089881896973e+00,1.726802229881286621e+00,1.734339237213134766e+00,1.742475867271423340e+00,1.751224517822265625e+00,1.760600686073303223e+00,1.770620226860046387e+00,1.781300067901611328e+00,1.792659044265747070e+00,1.804717183113098145e+00,1.817495465278625488e+00,1.831018090248107910e+00,1.845309495925903320e+00,1.860397338867187500e+00,1.876309514045715332e+00,1.893078446388244629e+00,1.910737156867980957e+00,1.929321408271789551e+00,1.948870062828063965e+00,1.969425320625305176e+00,1.984452009201049805e+00,1.947251558303833008e+00,1.897282004356384277e+00,1.849846482276916504e+00,1.805833339691162109e+00,1.763876438140869141e+00,1.724505782127380371e+00,1.687374711036682129e+00,1.652060627937316895e+00,1.618788838386535645e+00,1.587337970733642578e+00,1.557375550270080566e+00,1.529062151908874512e+00,1.502246022224426270e+00,1.477146983146667480e+00,1.453308582305908203e+00,1.430656194686889648e+00,1.409121394157409668e+00,1.388642191886901855e+00,1.369160890579223633e+00,1.350624084472656250e+00,1.332983732223510742e+00,1.316193342208862305e+00,1.300212144851684570e+00,1.285000681877136230e+00,1.270524144172668457e+00,1.256748437881469727e+00,1.243643045425415039e+00,1.231179237365722656e+00,1.219330430030822754e+00,1.208072185516357422e+00,1.197381138801574707e+00,1.187236428260803223e+00,1.177617669105529785e+00,1.168506622314453125e+00,1.159886121749877930e+00,1.151740193367004395e+00,1.144053697586059570e+00,1.136813163757324219e+00,1.130005955696105957e+00,1.123619914054870605e+00,1.117644190788269043e+00,1.112068533897399902e+00,1.106883764266967773e+00,1.102081418037414551e+00,1.097653269767761230e+00,1.093592762947082520e+00,1.089892387390136719e+00,1.086547136306762695e+00,1.083551406860351562e+00,1.080900311470031738e+00,1.078590035438537598e+00,1.076617002487182617e+00,1.074977874755859375e+00,1.073670148849487305e+00,1.072692155838012695e+00,1.072042226791381836e+00,1.071719288825988770e+00,esquerda
5.969467639923095703e+00,5.971306800842285156e+00,5.974967002868652344e+00,5.980455398559570312e+00,5.987779140472412109e+00,5.996949195861816406e+00,6.007981300354003906e+00,6.020890712738037109e+00,6.035698890686035156e+00,6.052427768707275391e+00,6.071105003356933594e+00,6.091758251190185547e+00,6.114421367645263672e+00,6.139131546020507812e+00,6.165926933288574219e+00,6.194852828979492188e+00,5.920421600341796875e+00,5.592618465423583984e+00,5.300491809844970703e+00,5.037811279296875000e+00,4.801416397094726562e+00,4.587768554687500000e+00,4.392459392547607422e+00,4.214066982269287109e+00,4.052468299865722656e+00,3.903402090072631836e+00,3.765593528747558594e+00,3.637448787689208984e+00,3.520175218582153320e+00,3.410801172256469727e+00,3.308198213577270508e+00,3.213453769683837891e+00,3.124365329742431641e+00,3.040768861770629883e+00,2.962990999221801758e+00,2.889164447784423828e+00,2.820673942565917969e+00,2.755393266677856445e+00,2.694145679473876953e+00,2.636393547058105469e+00,2.581476926803588867e+00,2.529747486114501953e+00,2.480861663818359375e+00,2.434301614761352539e+00,2.390317440032958984e+00,2.348550796508789062e+00,2.309312105178833008e+00,2.272043943405151367e+00,2.236630201339721680e+00,2.202963590621948242e+00,2.170946836471557617e+00,2.140490531921386719e+00,2.111511468887329102e+00,2.083932638168334961e+00,2.057683944702148438e+00,2.032699108123779297e+00,2.008918285369873047e+00,1.986286163330078125e+00,1.964750409126281738e+00,1.944261431694030762e+00,1.924776434898376465e+00,1.906252384185791016e+00,1.888651609420776367e+00,1.871937990188598633e+00,1.856078147888183594e+00,1.841040492057800293e+00,1.826796770095825195e+00,1.813319921493530273e+00,1.800584793090820312e+00,1.788568258285522461e+00,1.777248859405517578e+00,1.766606569290161133e+00,1.756623029708862305e+00,1.747280836105346680e+00,1.738564014434814453e+00,1.730458498001098633e+00,1.722950577735900879e+00,1.716027975082397461e+00,1.709679603576660156e+00,1.703894853591918945e+00,1.698664903640747070e+00,1.693981528282165527e+00,1.689837217330932617e+00,1.686225533485412598e+00,1.683140635490417480e+00,1.680578112602233887e+00,1.678533792495727539e+00,1.677004933357238770e+00,1.675988793373107910e+00,1.675484061241149902e+00,1.675489664077758789e+00,1.676005959510803223e+00,1.677033185958862305e+00,1.678573369979858398e+00,1.680629014968872070e+00,1.683202981948852539e+00,1.686299443244934082e+00,1.689923048019409180e+00,1.694079041481018066e+00,1.698774337768554688e+00,1.704016447067260742e+00,1.709813475608825684e+00,1.716174364089965820e+00,1.723109722137451172e+00,1.730630874633789062e+00,1.738749623298645020e+00,1.747479796409606934e+00,1.756835818290710449e+00,1.766833901405334473e+00,1.777490973472595215e+00,1.788825511932373047e+00,1.800858020782470703e+00,1.813609004020690918e+00,1.827102422714233398e+00,1.841363430023193359e+00,1.856418848037719727e+00,1.872297167778015137e+00,1.889030218124389648e+00,1.906651020050048828e+00,1.925195574760437012e+00,1.944702148437500000e+00,1.965213656425476074e+00,1.982861161231994629e+00,1.947210431098937988e+00,1.897243618965148926e+00,1.849810242652893066e+00,1.805799126625061035e+00,1.763844370841979980e+00,1.724475622177124023e+00,1.687346339225769043e+00,1.652033686637878418e+00,1.618763685226440430e+00,1.587314128875732422e+00,1.557352781295776367e+00,1.529040813446044922e+00,1.502244472503662109e+00,1.477145552635192871e+00,1.453307271003723145e+00,1.430654764175415039e+00,1.409119963645935059e+00,1.388640999794006348e+00,1.369159579277038574e+00,1.350622892379760742e+00,1.332982540130615234e+00,1.316192269325256348e+00,1.300210952758789062e+00,1.284999728202819824e+00,1.270522952079772949e+00,1.256747245788574219e+00,1.243642091751098633e+00,1.231178283691406250e+00,1.219329476356506348e+00,1.208071231842041016e+00,1.197380185127258301e+00,1.187235474586486816e+00,1.177616715431213379e+00,1.168505668640136719e+00,1.159885406494140625e+00,1.151739478111267090e+00,1.144052863121032715e+00,1.136812567710876465e+00,1.130005121231079102e+00,1.123619198799133301e+00,1.117643475532531738e+00,1.112067937850952148e+00,1.106883049011230469e+00,1.102080821990966797e+00,1.097652673721313477e+00,1.093591928482055664e+00,1.089891791343688965e+00,1.086546421051025391e+00,1.083550691604614258e+00,1.080899715423583984e+00,1.078589439392089844e+00,1.076616287231445312e+00,1.074977159500122070e+00,1.073669552803039551e+00,1.072691559791564941e+00,1.072041749954223633e+00,1.071718811988830566e+00,esquerda
5.969469070434570312e+00,5.971307754516601562e+00,5.974967956542968750e+00,5.980456352233886719e+00,5.987780094146728516e+00,5.996950626373291016e+00,6.007982254028320312e+00,6.020892143249511719e+00,6.035699844360351562e+00,6.052428722381591797e+00,6.071105957031250000e+00,6.091759204864501953e+00,6.114422321319580078e+00,6.139132499694824219e+00,6.165927886962890625e+00,6.194854259490966797e+00,5.908787250518798828e+00,5.581568241119384766e+00,5.289970874786376953e+00,5.027768135070800781e+00,4.791807651519775391e+00,4.578555107116699219e+00,4.383610248565673828e+00,4.205551147460937500e+00,4.044256687164306641e+00,3.895472764968872070e+00,3.757925033569335938e+00,3.630025386810302734e+00,3.512976408004760742e+00,3.403811931610107422e+00,3.301406145095825195e+00,3.206845283508300781e+00,3.117929458618164062e+00,3.034495592117309570e+00,2.956868648529052734e+00,2.883186101913452148e+00,2.814829587936401367e+00,2.749676465988159180e+00,2.688548326492309570e+00,2.630909681320190430e+00,2.576100826263427734e+00,2.524473190307617188e+00,2.475683689117431641e+00,2.429214954376220703e+00,2.385317325592041016e+00,2.343519449234008789e+00,2.304365158081054688e+00,2.267176628112792969e+00,2.231838703155517578e+00,2.198244333267211914e+00,2.166296243667602539e+00,2.135905265808105469e+00,2.106987953186035156e+00,2.079468488693237305e+00,2.053275823593139648e+00,2.028344631195068359e+00,2.004614591598510742e+00,1.982031106948852539e+00,1.960541009902954102e+00,1.940096139907836914e+00,1.920653223991394043e+00,1.902168631553649902e+00,1.884605646133422852e+00,1.867927670478820801e+00,1.852101922035217285e+00,1.837096452713012695e+00,1.822883367538452148e+00,1.809435248374938965e+00,1.796727538108825684e+00,1.784736514091491699e+00,1.773441433906555176e+00,1.762821912765502930e+00,1.752860069274902344e+00,1.743537783622741699e+00,1.734839558601379395e+00,1.726751327514648438e+00,1.719259500503540039e+00,1.712351918220520020e+00,1.706017017364501953e+00,1.700244784355163574e+00,1.695025920867919922e+00,1.690352678298950195e+00,1.686217188835144043e+00,1.682613134384155273e+00,1.679534912109375000e+00,1.676977753639221191e+00,1.674937963485717773e+00,1.673412442207336426e+00,1.672398328781127930e+00,1.671894550323486328e+00,1.671900272369384766e+00,1.672415256500244141e+00,1.673440575599670410e+00,1.674977421760559082e+00,1.677028536796569824e+00,1.679597139358520508e+00,1.682687044143676758e+00,1.686302661895751953e+00,1.690449953079223633e+00,1.695135235786437988e+00,1.700365900993347168e+00,1.706150770187377930e+00,1.712498068809509277e+00,1.719418406486511230e+00,1.726923227310180664e+00,1.735024809837341309e+00,1.743736267089843750e+00,1.753072381019592285e+00,1.763048887252807617e+00,1.773683071136474609e+00,1.784993648529052734e+00,1.797000050544738770e+00,1.809723615646362305e+00,1.823188304901123047e+00,1.837418794631958008e+00,1.852442145347595215e+00,1.868286132812500000e+00,1.884983420372009277e+00,1.902566552162170410e+00,1.921071290969848633e+00,1.940536141395568848e+00,1.961003422737121582e+00,1.981402993202209473e+00,1.947368383407592773e+00,1.897392153739929199e+00,1.849949598312377930e+00,1.805930614471435547e+00,1.763968110084533691e+00,1.724592447280883789e+00,1.687456607818603516e+00,1.652138113975524902e+00,1.618862152099609375e+00,1.587407588958740234e+00,1.557441473007202148e+00,1.529124855995178223e+00,1.502243638038635254e+00,1.477144718170166016e+00,1.453306317329406738e+00,1.430653810501098633e+00,1.409119009971618652e+00,1.388640046119689941e+00,1.369158744812011719e+00,1.350621938705444336e+00,1.332981586456298828e+00,1.316191315650939941e+00,1.300210118293762207e+00,1.284998655319213867e+00,1.270522117614746094e+00,1.256746530532836914e+00,1.243641138076782227e+00,1.231177449226379395e+00,1.219328641891479492e+00,1.208070397377014160e+00,1.197379469871520996e+00,1.187234759330749512e+00,1.177616000175476074e+00,1.168504953384399414e+00,1.159884572029113770e+00,1.151738643646240234e+00,1.144052267074584961e+00,1.136811733245849609e+00,1.130004405975341797e+00,1.123618602752685547e+00,1.117642760276794434e+00,1.112067222595214844e+00,1.106882333755493164e+00,1.102080225944519043e+00,1.097651958465576172e+00,1.093591332435607910e+00,1.089891076087951660e+00,1.086545825004577637e+00,1.083550095558166504e+00,1.080899119377136230e+00,1.078588724136352539e+00,1.076615691184997559e+00,1.074976563453674316e+00,1.073668837547302246e+00,1.072690844535827637e+00,1.072041034698486328e+00,1.071718096733093262e+00,esquerda
5.969469070434570312e+00,5.971307754516601562e+00,5.974967956542968750e+00,5.980455875396728516e+00,5.987780094146728516e+00,5.996950149536132812e+00,6.007981777191162109e+00,6.020891666412353516e+00,6.035699367523193359e+00,6.052428245544433594e+00,6.071105480194091797e+00,6.091758728027343750e+00,6.114422321319580078e+00,6.139132499694824219e+00,6.165927886962890625e+00,6.194854736328125000e+00,5.895792961120605469e+00,5.569314002990722656e+00,5.278371810913085938e+00,5.016758441925048828e+00,4.781325817108154297e+00,4.568549633026123047e+00,4.374039173126220703e+00,4.196376323699951172e+00,4.035440921783447266e+00,3.886986970901489258e+00,3.749744176864624023e+00,3.622127294540405273e+00,3.505336999893188477e+00,3.396413803100585938e+00,3.294233560562133789e+00,3.199881076812744141e+00,3.111160993576049805e+00,3.027910232543945312e+00,2.950453758239746094e+00,2.876932859420776367e+00,2.808725833892822266e+00,2.743715524673461914e+00,2.682721376419067383e+00,2.625209093093872070e+00,2.570519685745239258e+00,2.519004821777343750e+00,2.470321655273437500e+00,2.423954010009765625e+00,2.380152225494384766e+00,2.338485717773437500e+00,2.299415349960327148e+00,2.262307167053222656e+00,2.227044582366943359e+00,2.193522691726684570e+00,2.161643505096435547e+00,2.131317615509033203e+00,2.102462530136108398e+00,2.075001955032348633e+00,2.048865795135498047e+00,2.023988246917724609e+00,2.000308990478515625e+00,1.977774143218994141e+00,1.956330418586730957e+00,1.935929536819458008e+00,1.916527986526489258e+00,1.898083567619323730e+00,1.880558013916015625e+00,1.863915920257568359e+00,1.848124265670776367e+00,1.833151102066040039e+00,1.818968415260314941e+00,1.805549383163452148e+00,1.792868733406066895e+00,1.780903697013854980e+00,1.769632935523986816e+00,1.759036302566528320e+00,1.749095678329467773e+00,1.739793181419372559e+00,1.731114029884338379e+00,1.723043203353881836e+00,1.715567350387573242e+00,1.708674550056457520e+00,1.702353239059448242e+00,1.696593523025512695e+00,1.691385865211486816e+00,1.686722636222839355e+00,1.682596087455749512e+00,1.678999781608581543e+00,1.675928235054016113e+00,1.673376679420471191e+00,1.671341061592102051e+00,1.669818758964538574e+00,1.668807029724121094e+00,1.668304443359375000e+00,1.668310046195983887e+00,1.668823957443237305e+00,1.669847130775451660e+00,1.671380519866943359e+00,1.673427462577819824e+00,1.675990581512451172e+00,1.679073572158813477e+00,1.682681679725646973e+00,1.686819911003112793e+00,1.691495299339294434e+00,1.696714639663696289e+00,1.702487111091613770e+00,1.708820819854736328e+00,1.715726375579833984e+00,1.723215341567993164e+00,1.731299400329589844e+00,1.739992022514343262e+00,1.749308228492736816e+00,1.759263396263122559e+00,1.769874572753906250e+00,1.781160950660705566e+00,1.793141603469848633e+00,1.805837869644165039e+00,1.819273829460144043e+00,1.833473443984985352e+00,1.848464608192443848e+00,1.864274740219116211e+00,1.880936145782470703e+00,1.898481607437133789e+00,1.916946530342102051e+00,1.936370015144348145e+00,1.956793189048767090e+00,1.978260874748229980e+00,1.947325825691223145e+00,1.897351861000061035e+00,1.849912047386169434e+00,1.805895328521728516e+00,1.763935089111328125e+00,1.724561214447021484e+00,1.687427282333374023e+00,1.652110338211059570e+00,1.618836045265197754e+00,1.587382912635803223e+00,1.557418107986450195e+00,1.529102802276611328e+00,1.502243161201477051e+00,1.477144122123718262e+00,1.453305840492248535e+00,1.430653333663940430e+00,1.409118652343750000e+00,1.388639569282531738e+00,1.369158267974853516e+00,1.350621342658996582e+00,1.332980990409851074e+00,1.316190719604492188e+00,1.300209522247314453e+00,1.284998059272766113e+00,1.270521521568298340e+00,1.256745815277099609e+00,1.243640422821044922e+00,1.231176733970642090e+00,1.219328045845031738e+00,1.208069562911987305e+00,1.197378754615783691e+00,1.187234044075012207e+00,1.177615284919738770e+00,1.168504238128662109e+00,1.159883856773376465e+00,1.151737928390502930e+00,1.144051551818847656e+00,1.136811017990112305e+00,1.130003809928894043e+00,1.123617649078369141e+00,1.117641925811767578e+00,1.112066626548767090e+00,1.106881618499755859e+00,1.102079510688781738e+00,1.097651243209838867e+00,1.093590617179870605e+00,1.089890360832214355e+00,1.086544990539550781e+00,1.083549380302429199e+00,1.080898284912109375e+00,1.078588008880615234e+00,1.076614856719970703e+00,1.074975728988647461e+00,1.073668003082275391e+00,1.072690129280090332e+00,1.072040200233459473e+00,1.071717262268066406e+00,esquerda
5.969470024108886719e+00,5.971309185028076172e+00,5.974969387054443359e+00,5.980457305908203125e+00,5.987781047821044922e+00,5.996951580047607422e+00,6.007983684539794922e+00,6.020893096923828125e+00,6.035700798034667969e+00,6.052430152893066406e+00,6.071106910705566406e+00,6.091760158538818359e+00,6.114423274993896484e+00,6.139133453369140625e+00,6.165929794311523438e+00,6.194855213165283203e+00,5.882769107818603516e+00,5.557030677795410156e+00,5.266746520996093750e+00,5.005722522735595703e+00,4.770820140838623047e+00,4.558521270751953125e+00,4.364447593688964844e+00,4.187182426452636719e+00,4.026605606079101562e+00,3.878482341766357422e+00,3.741545438766479492e+00,3.614212512969970703e+00,3.497682094573974609e+00,3.389001131057739258e+00,3.287047863006591797e+00,3.192904472351074219e+00,3.104380369186401367e+00,3.021314382553100586e+00,2.944028854370117188e+00,2.870670080184936523e+00,2.802613735198974609e+00,2.737746715545654297e+00,2.676886796951293945e+00,2.619500875473022461e+00,2.564931631088256836e+00,2.513530015945434570e+00,2.464953422546386719e+00,2.418687343597412109e+00,2.374981403350830078e+00,2.333452939987182617e+00,2.294466972351074219e+00,2.257438421249389648e+00,2.222251892089843750e+00,2.188801765441894531e+00,2.156991004943847656e+00,2.126730680465698242e+00,2.097937583923339844e+00,2.070536136627197266e+00,2.044456243515014648e+00,2.019632101058959961e+00,1.996003985404968262e+00,1.973517537117004395e+00,1.952120065689086914e+00,1.931762814521789551e+00,1.912402987480163574e+00,1.893998265266418457e+00,1.876510381698608398e+00,1.859904408454895020e+00,1.844146370887756348e+00,1.829205393791198730e+00,1.815053462982177734e+00,1.801662921905517578e+00,1.789009928703308105e+00,1.777070403099060059e+00,1.765823841094970703e+00,1.755250096321105957e+00,1.745330572128295898e+00,1.736048340797424316e+00,1.727387905120849609e+00,1.719334363937377930e+00,1.711874604225158691e+00,1.704996585845947266e+00,1.698688983917236328e+00,1.692941546440124512e+00,1.687745094299316406e+00,1.683091878890991211e+00,1.678974151611328125e+00,1.675385594367980957e+00,1.672320604324340820e+00,1.669774651527404785e+00,1.667743444442749023e+00,1.666224479675292969e+00,1.665214896202087402e+00,1.664713263511657715e+00,1.664718866348266602e+00,1.665231585502624512e+00,1.666252374649047852e+00,1.667782664299011230e+00,1.669825196266174316e+00,1.672382593154907227e+00,1.675459027290344238e+00,1.679059267044067383e+00,1.683188796043395996e+00,1.687853932380676270e+00,1.693062186241149902e+00,1.698822021484375000e+00,1.705142140388488770e+00,1.712032914161682129e+00,1.719505548477172852e+00,1.727572202682495117e+00,1.736246228218078613e+00,1.745542287826538086e+00,1.755475878715515137e+00,1.766064524650573730e+00,1.777326226234436035e+00,1.789281129837036133e+00,1.801950216293334961e+00,1.815357208251953125e+00,1.829526185989379883e+00,1.844485044479370117e+00,1.860261201858520508e+00,1.876886606216430664e+00,1.894394159317016602e+00,1.912819504737854004e+00,1.932200908660888672e+00,1.952580332756042480e+00,1.974001646041870117e+00,1.947281360626220703e+00,1.897310376167297363e+00,1.849872946739196777e+00,1.805858492851257324e+00,1.763900279998779297e+00,1.724528312683105469e+00,1.687396287918090820e+00,1.652081251144409180e+00,1.618808507919311523e+00,1.587357044219970703e+00,1.557393670082092285e+00,1.529079556465148926e+00,1.502242326736450195e+00,1.477143287658691406e+00,1.453305006027221680e+00,1.430652499198913574e+00,1.409117698669433594e+00,1.388638734817504883e+00,1.369157552719116211e+00,1.350620627403259277e+00,1.332980275154113770e+00,1.316190123558044434e+00,1.300208806991577148e+00,1.284997344017028809e+00,1.270520806312561035e+00,1.256745219230651855e+00,1.243639707565307617e+00,1.231176018714904785e+00,1.219327330589294434e+00,1.208068966865539551e+00,1.197378158569335938e+00,1.187233328819274902e+00,1.177614688873291016e+00,1.168503642082214355e+00,1.159883141517639160e+00,1.151737213134765625e+00,1.144050717353820801e+00,1.136810302734375000e+00,1.130003094673156738e+00,1.123617053031921387e+00,1.117641329765319824e+00,1.112065672874450684e+00,1.106880903244018555e+00,1.102078795433044434e+00,1.097650408744812012e+00,1.093589901924133301e+00,1.089889526367187500e+00,1.086544275283813477e+00,1.083548665046691895e+00,1.080897569656372070e+00,1.078587412834167480e+00,1.076614260673522949e+00,1.074975132942199707e+00,1.073667407035827637e+00,1.072689533233642578e+00,1.072039604187011719e+00,1.071716547012329102e+00,esquerda
5.969470977783203125e+00,5.971310138702392578e+00,5.974970340728759766e+00,5.980458259582519531e+00,5.987782478332519531e+00,5.996952533721923828e+00,6.007984638214111328e+00,6.020894050598144531e+00,6.035702228546142578e+00,6.052431106567382812e+00,6.071107864379882812e+00,6.091761589050292969e+00,6.114424705505371094e+00,6.139134407043457031e+00,6.165930747985839844e+00,6.194856166839599609e+00,5.870222091674804688e+00,5.545132160186767578e+00,5.255431175231933594e+00,4.994935512542724609e+00,4.760510444641113281e+00,4.548644542694091797e+00,4.354968070983886719e+00,4.178067684173583984e+00,4.017823696136474609e+00,3.870007753372192383e+00,3.733365535736083984e+00,3.606315851211547852e+00,3.490044116973876953e+00,3.381603956222534180e+00,3.279876470565795898e+00,3.185940742492675781e+00,3.097612619400024414e+00,3.014729499816894531e+00,2.937614440917968750e+00,2.864417314529418945e+00,2.796510934829711914e+00,2.731786489486694336e+00,2.671060085296630859e+00,2.613800048828125000e+00,2.559350728988647461e+00,2.508061885833740234e+00,2.459591388702392578e+00,2.413427114486694336e+00,2.369816541671752930e+00,2.328420877456665039e+00,2.289519071578979492e+00,2.252570390701293945e+00,2.217459678649902344e+00,2.184082031250000000e+00,2.152339696884155273e+00,2.122144460678100586e+00,2.093413591384887695e+00,2.066071033477783203e+00,2.040047407150268555e+00,2.015276908874511719e+00,1.991699695587158203e+00,1.969261646270751953e+00,1.947910308837890625e+00,1.927597045898437500e+00,1.908279061317443848e+00,1.889913797378540039e+00,1.872464060783386230e+00,1.855893492698669434e+00,1.840169668197631836e+00,1.825260758399963379e+00,1.811139345169067383e+00,1.797777771949768066e+00,1.785151839256286621e+00,1.773238301277160645e+00,1.762016057968139648e+00,1.751464843750000000e+00,1.741567134857177734e+00,1.732304692268371582e+00,1.723662853240966797e+00,1.715626716613769531e+00,1.708182930946350098e+00,1.701319932937622070e+00,1.695025920867919922e+00,1.689290761947631836e+00,1.684105753898620605e+00,1.679462432861328125e+00,1.675353527069091797e+00,1.671772718429565430e+00,1.668714404106140137e+00,1.666173815727233887e+00,1.664147138595581055e+00,1.662631273269653320e+00,1.661623835563659668e+00,1.661123394966125488e+00,1.661128997802734375e+00,1.661640644073486328e+00,1.662659287452697754e+00,1.664186120033264160e+00,1.666224241256713867e+00,1.668776273727416992e+00,1.671846032142639160e+00,1.675438523292541504e+00,1.679559111595153809e+00,1.684214234352111816e+00,1.689411163330078125e+00,1.695158600807189941e+00,1.701465249061584473e+00,1.708341002464294434e+00,1.715797662734985352e+00,1.723846793174743652e+00,1.732502102851867676e+00,1.741778135299682617e+00,1.751690387725830078e+00,1.762256145477294922e+00,1.773493647575378418e+00,1.785422801971435547e+00,1.798064470291137695e+00,1.811442375183105469e+00,1.825580954551696777e+00,1.840507745742797852e+00,1.856249570846557617e+00,1.872839331626892090e+00,1.890308976173400879e+00,1.908694624900817871e+00,1.928034305572509766e+00,1.948369741439819336e+00,1.969744801521301270e+00,1.947235703468322754e+00,1.897267460823059082e+00,1.849833011627197266e+00,1.805820703506469727e+00,1.763864994049072266e+00,1.724495291709899902e+00,1.687365174293518066e+00,1.652051448822021484e+00,1.618780493736267090e+00,1.587330460548400879e+00,1.557368516921997070e+00,1.529055714607238770e+00,1.502240657806396484e+00,1.477141618728637695e+00,1.453303456306457520e+00,1.430650949478149414e+00,1.409116506576538086e+00,1.388637423515319824e+00,1.369156002998352051e+00,1.350619316101074219e+00,1.332979083061218262e+00,1.316189050674438477e+00,1.300207614898681641e+00,1.284996151924133301e+00,1.270519852638244629e+00,1.256744146347045898e+00,1.243638634681701660e+00,1.231175065040588379e+00,1.219326376914978027e+00,1.208067893981933594e+00,1.197377204895019531e+00,1.187232494354248047e+00,1.177613615989685059e+00,1.168502688407897949e+00,1.159882307052612305e+00,1.151736378669738770e+00,1.144049882888793945e+00,1.136809468269348145e+00,1.130002260208129883e+00,1.123616218566894531e+00,1.117640495300292969e+00,1.112064957618713379e+00,1.106880187988281250e+00,1.102078080177307129e+00,1.097649812698364258e+00,1.093589186668395996e+00,1.089888930320739746e+00,1.086543679237365723e+00,1.083547949790954590e+00,1.080896854400634766e+00,1.078586697578430176e+00,1.076613545417785645e+00,1.074974417686462402e+00,1.073666810989379883e+00,1.072688817977905273e+00,1.072038888931274414e+00,1.071715950965881348e+00,esquerda
5.969470500946044922e+00,5.971309661865234375e+00,5.974969863891601562e+00,5.980457305908203125e+00,5.987781524658203125e+00,5.996951580047607422e+00,6.007983684539794922e+00,6.020893096923828125e+00,6.035700798034667969e+00,6.052430152893066406e+00,6.071106910705566406e+00,6.091760635375976562e+00,6.114423751831054688e+00,6.139133930206298828e+00,6.165930271148681641e+00,6.194856166839599609e+00,5.858118534088134766e+00,5.533708095550537109e+00,5.244611263275146484e+00,4.984658718109130859e+00,4.750720977783203125e+00,4.539295673370361328e+00,4.346021652221679688e+00,4.169487953186035156e+00,4.009575366973876953e+00,3.862065315246582031e+00,3.725695371627807617e+00,3.598890304565429688e+00,3.482842922210693359e+00,3.374613046646118164e+00,3.273083209991455078e+00,3.179330825805664062e+00,3.091175556182861328e+00,3.008454561233520508e+00,2.931491136550903320e+00,2.858438253402709961e+00,2.790665149688720703e+00,2.726068496704101562e+00,2.665462255477905273e+00,2.608315706253051758e+00,2.553974151611328125e+00,2.502786636352539062e+00,2.454412698745727539e+00,2.408339977264404297e+00,2.364815950393676758e+00,2.323387622833251953e+00,2.284569740295410156e+00,2.247700929641723633e+00,2.212666273117065430e+00,2.179360389709472656e+00,2.147687196731567383e+00,2.117557287216186523e+00,2.088888168334960938e+00,2.061605215072631836e+00,2.035637855529785156e+00,2.010920763015747070e+00,1.987394690513610840e+00,1.965005040168762207e+00,1.943699836730957031e+00,1.923430442810058594e+00,1.904154539108276367e+00,1.885828733444213867e+00,1.868416666984558105e+00,1.851881980895996094e+00,1.836192250251770020e+00,1.821315765380859375e+00,1.807224750518798828e+00,1.793892145156860352e+00,1.781293630599975586e+00,1.769405722618103027e+00,1.758207678794860840e+00,1.747679352760314941e+00,1.737802982330322266e+00,1.728560805320739746e+00,1.719937443733215332e+00,1.711918711662292480e+00,1.704491138458251953e+00,1.697642922401428223e+00,1.691362500190734863e+00,1.685639858245849609e+00,1.680465936660766602e+00,1.675832748413085938e+00,1.671732783317565918e+00,1.668159604072570801e+00,1.665107965469360352e+00,1.662572979927062988e+00,1.660550594329833984e+00,1.659037947654724121e+00,1.658032774925231934e+00,1.657533407211303711e+00,1.657539010047912598e+00,1.658049583435058594e+00,1.659066200256347656e+00,1.660589694976806641e+00,1.662623524665832520e+00,1.665169954299926758e+00,1.668233036994934082e+00,1.671817660331726074e+00,1.675929427146911621e+00,1.680574655532836914e+00,1.685760259628295898e+00,1.691495537757873535e+00,1.697788238525390625e+00,1.704649329185485840e+00,1.712089776992797852e+00,1.720121622085571289e+00,1.728758215904235840e+00,1.738014101982116699e+00,1.747905015945434570e+00,1.758448004722595215e+00,1.769661307334899902e+00,1.781564593315124512e+00,1.794178962707519531e+00,1.807528138160705566e+00,1.821636199951171875e+00,1.836530566215515137e+00,1.852238416671752930e+00,1.868792533874511719e+00,1.886224389076232910e+00,1.904570221900939941e+00,1.923868060111999512e+00,1.944159626960754395e+00,1.965488672256469727e+00,1.947347402572631836e+00,1.897371768951416016e+00,1.849930047988891602e+00,1.805911779403686523e+00,1.763949871063232422e+00,1.724574804306030273e+00,1.687439799308776855e+00,1.652121663093566895e+00,1.618846416473388672e+00,1.587392210960388184e+00,1.557426571846008301e+00,1.529110312461853027e+00,1.502241134643554688e+00,1.477142214775085449e+00,1.453304052352905273e+00,1.430651545524597168e+00,1.409116864204406738e+00,1.388637781143188477e+00,1.369156479835510254e+00,1.350619554519653320e+00,1.332979321479797363e+00,1.316189289093017578e+00,1.300207972526550293e+00,1.284996509552001953e+00,1.270520091056823730e+00,1.256744503974914551e+00,1.243638992309570312e+00,1.231175422668457031e+00,1.219326615333557129e+00,1.208068251609802246e+00,1.197377443313598633e+00,1.187232613563537598e+00,1.177614212036132812e+00,1.168503046035766602e+00,1.159882664680480957e+00,1.151736736297607422e+00,1.144050240516662598e+00,1.136809825897216797e+00,1.130002498626708984e+00,1.123616576194763184e+00,1.117640852928161621e+00,1.112065315246582031e+00,1.106880426406860352e+00,1.102078318595886230e+00,1.097650051116943359e+00,1.093589544296264648e+00,1.089889168739318848e+00,1.086544036865234375e+00,1.083548188209533691e+00,1.080897092819213867e+00,1.078586935997009277e+00,1.076613903045654297e+00,1.074974656105041504e+00,1.073667049407958984e+00,1.072689056396484375e+00,1.072039127349853516e+00,1.071716189384460449e+00,esquerda
5.969471931457519531e+00,5.971311092376708984e+00,5.974971294403076172e+00,5.980459213256835938e+00,5.987783432006835938e+00,5.996953487396240234e+00,6.007985591888427734e+00,6.020895004272460938e+00,6.035703182220458984e+00,6.052432060241699219e+00,6.071108818054199219e+00,6.091762542724609375e+00,6.114425659179687500e+00,6.139135837554931641e+00,6.165931701660156250e+00,6.190826892852783203e+00,5.845128536224365234e+00,5.521456718444824219e+00,5.233015060424804688e+00,4.973650455474853516e+00,4.740241050720214844e+00,4.529292106628417969e+00,4.336452484130859375e+00,4.160314559936523438e+00,4.000761032104492188e+00,3.853580474853515625e+00,3.717514991760253906e+00,3.590993165969848633e+00,3.475204706192016602e+00,3.367214918136596680e+00,3.265911340713500977e+00,3.172366857528686523e+00,3.084407329559326172e+00,3.001869678497314453e+00,2.925076484680175781e+00,2.852185487747192383e+00,2.784562110900878906e+00,2.720108509063720703e+00,2.659636020660400391e+00,2.602614879608154297e+00,2.548393487930297852e+00,2.497318267822265625e+00,2.449050903320312500e+00,2.403079271316528320e+00,2.359651088714599609e+00,2.318354129791259766e+00,2.279620409011840820e+00,2.242831468582153320e+00,2.207872629165649414e+00,2.174638986587524414e+00,2.143034219741821289e+00,2.112969398498535156e+00,2.084362745285034180e+00,2.057138681411743164e+00,2.031227350234985352e+00,2.006563901901245117e+00,1.983088850975036621e+00,1.960747718811035156e+00,1.939488410949707031e+00,1.919263243675231934e+00,1.900028824806213379e+00,1.881743073463439941e+00,1.864368319511413574e+00,1.847869634628295898e+00,1.832213759422302246e+00,1.817369461059570312e+00,1.803308963775634766e+00,1.790005207061767578e+00,1.777433991432189941e+00,1.765571713447570801e+00,1.754397988319396973e+00,1.743892550468444824e+00,1.734037518501281738e+00,1.724815368652343750e+00,1.716210603713989258e+00,1.708209276199340820e+00,1.700797796249389648e+00,1.693964362144470215e+00,1.687697529792785645e+00,1.681987285614013672e+00,1.676824569702148438e+00,1.672201275825500488e+00,1.668110251426696777e+00,1.664544820785522461e+00,1.661499738693237305e+00,1.658970117568969727e+00,1.656952261924743652e+00,1.655443072319030762e+00,1.654440045356750488e+00,1.653941631317138672e+00,1.653946995735168457e+00,1.654456615447998047e+00,1.655470848083496094e+00,1.656991243362426758e+00,1.659020543098449707e+00,1.661561369895935059e+00,1.664617896080017090e+00,1.668194770812988281e+00,1.672297596931457520e+00,1.676932573318481445e+00,1.682107090950012207e+00,1.687829732894897461e+00,1.694108963012695312e+00,1.700955033302307129e+00,1.708379387855529785e+00,1.716393828392028809e+00,1.725011706352233887e+00,1.734247684478759766e+00,1.744117021560668945e+00,1.754637122154235840e+00,1.765825986862182617e+00,1.777703523635864258e+00,1.790290594100952148e+00,1.803610563278198242e+00,1.817688345909118652e+00,1.832550287246704102e+00,1.848224163055419922e+00,1.864742159843444824e+00,1.882136344909667969e+00,1.900442481040954590e+00,1.919698476791381836e+00,1.939946174621582031e+00,1.961228728294372559e+00,1.947293996810913086e+00,1.897321581840515137e+00,1.849882960319519043e+00,1.805867195129394531e+00,1.763908147811889648e+00,1.724535226821899414e+00,1.687402367591857910e+00,1.652086257934570312e+00,1.618812799453735352e+00,1.587360382080078125e+00,1.557396292686462402e+00,1.529081583023071289e+00,1.502239346504211426e+00,1.477140307426452637e+00,1.453302145004272461e+00,1.430649638175964355e+00,1.409115076065063477e+00,1.388636112213134766e+00,1.369154810905456543e+00,1.350617885589599609e+00,1.332977652549743652e+00,1.316187381744384766e+00,1.300206184387207031e+00,1.284994840621948242e+00,1.270518302917480469e+00,1.256742835044860840e+00,1.243637204170227051e+00,1.231173634529113770e+00,1.219324946403503418e+00,1.208066701889038086e+00,1.197375655174255371e+00,1.187231063842773438e+00,1.177612304687500000e+00,1.168501377105712891e+00,1.159880876541137695e+00,1.151735067367553711e+00,1.144048571586608887e+00,1.136808156967163086e+00,1.130001068115234375e+00,1.123614788055419922e+00,1.117639303207397461e+00,1.112063646316528320e+00,1.106878995895385742e+00,1.102076530456542969e+00,1.097648382186889648e+00,1.093587756156921387e+00,1.089887499809265137e+00,1.086542248725891113e+00,1.083546638488769531e+00,1.080895423889160156e+00,1.078585267066955566e+00,1.076612114906311035e+00,1.074972987174987793e+00,1.073665261268615723e+00,1.072687387466430664e+00,1.072037458419799805e+00,1.071714401245117188e+00,esquerda
5.969473361968994141e+00,5.971312046051025391e+00,5.974972248077392578e+00,5.980460643768310547e+00,5.987784385681152344e+00,5.996954441070556641e+00,6.007986545562744141e+00,6.020896434783935547e+00,6.035704135894775391e+00,6.052433013916015625e+00,6.071110248565673828e+00,6.091763496398925781e+00,6.114426612854003906e+00,6.139136791229248047e+00,6.165932655334472656e+00,6.177803516387939453e+00,5.832140922546386719e+00,5.509206771850585938e+00,5.221421718597412109e+00,4.962645530700683594e+00,4.729763507843017578e+00,4.519290447235107422e+00,4.326885223388671875e+00,4.151144027709960938e+00,3.991947650909423828e+00,3.845096826553344727e+00,3.709335565567016602e+00,3.583096742630004883e+00,3.467566490173339844e+00,3.359817504882812500e+00,3.258739233016967773e+00,3.165403366088867188e+00,3.077639102935791016e+00,2.995285034179687500e+00,2.918662309646606445e+00,2.845932483673095703e+00,2.778459072113037109e+00,2.714147806167602539e+00,2.653809070587158203e+00,2.596914291381835938e+00,2.542812347412109375e+00,2.491850137710571289e+00,2.443688869476318359e+00,2.397818565368652344e+00,2.354485511779785156e+00,2.313323020935058594e+00,2.274672985076904297e+00,2.237964153289794922e+00,2.203081130981445312e+00,2.169919729232788086e+00,2.138383626937866211e+00,2.108383893966674805e+00,2.079839468002319336e+00,2.052674293518066406e+00,2.026819229125976562e+00,2.002209424972534180e+00,1.978785037994384766e+00,1.956492662429809570e+00,1.935279488563537598e+00,1.915098071098327637e+00,1.895905494689941406e+00,1.877659320831298828e+00,1.860322356224060059e+00,1.843859553337097168e+00,1.828237533569335938e+00,1.813425540924072266e+00,1.799395561218261719e+00,1.786120653152465820e+00,1.773576736450195312e+00,1.761740207672119141e+00,1.750590682029724121e+00,1.740108013153076172e+00,1.730274438858032227e+00,1.721072196960449219e+00,1.712486147880554199e+00,1.704502344131469727e+00,1.697106957435607910e+00,1.690288066864013672e+00,1.684035062789916992e+00,1.678337097167968750e+00,1.673185467720031738e+00,1.668572545051574707e+00,1.664490103721618652e+00,1.660932660102844238e+00,1.657894134521484375e+00,1.655369997024536133e+00,1.653356432914733887e+00,1.651850461959838867e+00,1.650849580764770508e+00,1.650352358818054199e+00,1.650357961654663086e+00,1.650866150856018066e+00,1.651878356933593750e+00,1.653395414352416992e+00,1.655420184135437012e+00,1.657955527305603027e+00,1.661005496978759766e+00,1.664574623107910156e+00,1.668668508529663086e+00,1.673293471336364746e+00,1.678456783294677734e+00,1.684166908264160156e+00,1.690432548522949219e+00,1.697263956069946289e+00,1.704671978950500488e+00,1.712669134140014648e+00,1.721268057823181152e+00,1.730484008789062500e+00,1.740332245826721191e+00,1.750829339027404785e+00,1.761994004249572754e+00,1.773845791816711426e+00,1.786405444145202637e+00,1.799696803092956543e+00,1.813743710517883301e+00,1.828573465347290039e+00,1.844213247299194336e+00,1.860695481300354004e+00,1.878051877021789551e+00,1.896318316459655762e+00,1.915532469749450684e+00,1.935736298561096191e+00,1.956972599029541016e+00,1.947239756584167480e+00,1.897270441055297852e+00,1.849835157394409180e+00,1.805822014808654785e+00,1.763865351676940918e+00,1.724494934082031250e+00,1.687364220619201660e+00,1.652050137519836426e+00,1.618778586387634277e+00,1.587327957153320312e+00,1.557365775108337402e+00,1.529052495956420898e+00,1.502237796783447266e+00,1.477138996124267578e+00,1.453300833702087402e+00,1.430648326873779297e+00,1.409113645553588867e+00,1.388634800910949707e+00,1.369153499603271484e+00,1.350616693496704102e+00,1.332976460456848145e+00,1.316186308860778809e+00,1.300204992294311523e+00,1.284993648529052734e+00,1.270517349243164062e+00,1.256741642951965332e+00,1.243636250495910645e+00,1.231172800064086914e+00,1.219324111938476562e+00,1.208065748214721680e+00,1.197374939918518066e+00,1.187230229377746582e+00,1.177611351013183594e+00,1.168500542640686035e+00,1.159880042076110840e+00,1.151734113693237305e+00,1.144047856330871582e+00,1.136807322502136230e+00,1.130000233650207520e+00,1.123614072799682617e+00,1.117638587951660156e+00,1.112062811851501465e+00,1.106878280639648438e+00,1.102075815200805664e+00,1.097647786140441895e+00,1.093587160110473633e+00,1.089886903762817383e+00,1.086541652679443359e+00,1.083545923233032227e+00,1.080894827842712402e+00,1.078584671020507812e+00,1.076611518859863281e+00,1.074972391128540039e+00,1.073664784431457520e+00,1.072686791419982910e+00,1.072036862373352051e+00,1.071714043617248535e+00,esquerda
5.969472408294677734e+00,5.971311569213867188e+00,5.974971771240234375e+00,5.980459690093994141e+00,5.987783432006835938e+00,5.996953964233398438e+00,6.007985591888427734e+00,6.020895004272460938e+00,6.035703182220458984e+00,6.052432060241699219e+00,6.071109294891357422e+00,6.091762542724609375e+00,6.114425659179687500e+00,6.139136314392089844e+00,6.165932178497314453e+00,6.166168689727783203e+00,5.820456504821777344e+00,5.498113155364990234e+00,5.210858821868896484e+00,4.952563762664794922e+00,4.720118999481201172e+00,4.510043621063232422e+00,4.318004131317138672e+00,4.142598628997802734e+00,3.983709096908569336e+00,3.837141752243041992e+00,3.701644420623779297e+00,3.575650691986083984e+00,3.460347175598144531e+00,3.352810144424438477e+00,3.251930952072143555e+00,3.158779144287109375e+00,3.071188211441040039e+00,2.988997936248779297e+00,2.912527084350585938e+00,2.839941740036010742e+00,2.772603273391723633e+00,2.708420038223266602e+00,2.648202180862426758e+00,2.591420888900756836e+00,2.537427425384521484e+00,2.486567497253417969e+00,2.438502788543701172e+00,2.392724514007568359e+00,2.349478721618652344e+00,2.308291912078857422e+00,2.269726037979125977e+00,2.233097076416015625e+00,2.198289632797241211e+00,2.165200710296630859e+00,2.133732795715332031e+00,2.103798627853393555e+00,2.075315952301025391e+00,2.048210144042968750e+00,2.022411346435546875e+00,1.997854828834533691e+00,1.974481463432312012e+00,1.952237367630004883e+00,1.931070685386657715e+00,1.910932898521423340e+00,1.891782045364379883e+00,1.873575568199157715e+00,1.856276512145996094e+00,1.839849352836608887e+00,1.824261426925659180e+00,1.809481501579284668e+00,1.795482039451599121e+00,1.782235980033874512e+00,1.769719362258911133e+00,1.757908701896667480e+00,1.746783494949340820e+00,1.736323475837707520e+00,1.726511240005493164e+00,1.717328906059265137e+00,1.708761811256408691e+00,1.700795173645019531e+00,1.693415880203247070e+00,1.686612010002136230e+00,1.680372357368469238e+00,1.674686908721923828e+00,1.669546604156494141e+00,1.664943575859069824e+00,1.660870194435119629e+00,1.657320261001586914e+00,1.654288411140441895e+00,1.651769757270812988e+00,1.649760603904724121e+00,1.648257851600646973e+00,1.647259235382080078e+00,1.646763086318969727e+00,1.646768569946289062e+00,1.647275805473327637e+00,1.648285746574401855e+00,1.649799346923828125e+00,1.651819705963134766e+00,1.654349684715270996e+00,1.657393097877502441e+00,1.660954475402832031e+00,1.665039300918579102e+00,1.669654250144958496e+00,1.674806237220764160e+00,1.680504083633422852e+00,1.686756014823913574e+00,1.693572521209716797e+00,1.700964450836181641e+00,1.708944201469421387e+00,1.717524647712707520e+00,1.726720333099365234e+00,1.736547112464904785e+00,1.747021555900573730e+00,1.758161783218383789e+00,1.769987821578979492e+00,1.782520174980163574e+00,1.795782446861267090e+00,1.809798955917358398e+00,1.824596643447875977e+00,1.840202331542968750e+00,1.856648564338684082e+00,1.873967409133911133e+00,1.892194032669067383e+00,1.911366343498229980e+00,1.931526184082031250e+00,1.952716469764709473e+00,1.947242856025695801e+00,1.897274374961853027e+00,1.849839568138122559e+00,1.805827021598815918e+00,1.763871073722839355e+00,1.724501252174377441e+00,1.687370896339416504e+00,1.652057170867919922e+00,1.618785977363586426e+00,1.587335586547851562e+00,1.557373642921447754e+00,1.529060840606689453e+00,1.502238273620605469e+00,1.477139353752136230e+00,1.453301191329956055e+00,1.430648684501647949e+00,1.409114003181457520e+00,1.388635158538818359e+00,1.369153857231140137e+00,1.350617170333862305e+00,1.332976818084716797e+00,1.316186666488647461e+00,1.300205469131469727e+00,1.284994125366210938e+00,1.270517587661743164e+00,1.256742000579833984e+00,1.243636727333068848e+00,1.231173038482666016e+00,1.219324350357055664e+00,1.208065986633300781e+00,1.197375297546386719e+00,1.187230467796325684e+00,1.177611827850341797e+00,1.168500900268554688e+00,1.159880399703979492e+00,1.151734590530395508e+00,1.144048094749450684e+00,1.136807560920715332e+00,1.130000472068786621e+00,1.123614311218261719e+00,1.117638826370239258e+00,1.112063169479370117e+00,1.106878519058227539e+00,1.102076053619384766e+00,1.097648024559020996e+00,1.093587398529052734e+00,1.089887261390686035e+00,1.086542010307312012e+00,1.083546280860900879e+00,1.080895185470581055e+00,1.078585028648376465e+00,1.076611876487731934e+00,1.074972748756408691e+00,1.073665142059326172e+00,1.072687149047851562e+00,1.072037220001220703e+00,1.071714282035827637e+00,esquerda
5.969474315643310547e+00,5.971313476562500000e+00,5.974973678588867188e+00,5.980461597442626953e+00,5.987785339355468750e+00,5.996955871582031250e+00,6.007987499237060547e+00,6.020897388458251953e+00,6.035705089569091797e+00,6.052434444427490234e+00,6.071111202239990234e+00,6.091764926910400391e+00,6.114428043365478516e+00,6.139137744903564453e+00,6.165933609008789062e+00,6.153143882751464844e+00,5.807468891143798828e+00,5.485863208770751953e+00,5.199264526367187500e+00,4.941557407379150391e+00,4.709640979766845703e+00,4.500042438507080078e+00,4.308436393737792969e+00,4.133427143096923828e+00,3.974895000457763672e+00,3.828658342361450195e+00,3.693465709686279297e+00,3.567754983901977539e+00,3.452709913253784180e+00,3.345413446426391602e+00,3.244759798049926758e+00,3.151816368103027344e+00,3.064420938491821289e+00,2.982413530349731445e+00,2.906113386154174805e+00,2.833689928054809570e+00,2.766500711441040039e+00,2.702460527420043945e+00,2.642376184463500977e+00,2.585720777511596680e+00,2.531847000122070312e+00,2.481099605560302734e+00,2.433141469955444336e+00,2.387464046478271484e+00,2.344314098358154297e+00,2.303260326385498047e+00,2.264778375625610352e+00,2.228229284286499023e+00,2.193497657775878906e+00,2.160480499267578125e+00,2.129081487655639648e+00,2.099212408065795898e+00,2.070791959762573242e+00,2.043745279312133789e+00,2.018002748489379883e+00,1.993499755859375000e+00,1.970177650451660156e+00,1.947981834411621094e+00,1.926861166954040527e+00,1.906767368316650391e+00,1.887658357620239258e+00,1.869491338729858398e+00,1.852229952812194824e+00,1.835838794708251953e+00,1.820284724235534668e+00,1.805537104606628418e+00,1.791568160057067871e+00,1.778351068496704102e+00,1.765861630439758301e+00,1.754076600074768066e+00,1.742975592613220215e+00,1.732538700103759766e+00,1.722747564315795898e+00,1.713585495948791504e+00,1.705036878585815430e+00,1.697087526321411133e+00,1.689724564552307129e+00,1.682935357093811035e+00,1.676709413528442383e+00,1.671036481857299805e+00,1.665907263755798340e+00,1.661314249038696289e+00,1.657249808311462402e+00,1.653707623481750488e+00,1.650682330131530762e+00,1.648169279098510742e+00,1.646164178848266602e+00,1.644664883613586426e+00,1.643668532371520996e+00,1.643173336982727051e+00,1.643178820610046387e+00,1.643684983253479004e+00,1.644692659378051758e+00,1.646203041076660156e+00,1.648219227790832520e+00,1.650743603706359863e+00,1.653780102729797363e+00,1.657333850860595703e+00,1.661409854888916016e+00,1.666014790534973145e+00,1.671155571937561035e+00,1.676840782165527344e+00,1.683079242706298828e+00,1.689880847930908203e+00,1.697256684303283691e+00,1.705219030380249023e+00,1.713780760765075684e+00,1.722956418991088867e+00,1.732761859893798828e+00,1.743213057518005371e+00,1.754329204559326172e+00,1.766129612922668457e+00,1.778634667396545410e+00,1.791867971420288086e+00,1.805853724479675293e+00,1.820619225502014160e+00,1.836191177368164062e+00,1.852601289749145508e+00,1.869882464408874512e+00,1.888069391250610352e+00,1.907199859619140625e+00,1.927315831184387207e+00,1.948459863662719727e+00,1.947270154953002930e+00,1.897298097610473633e+00,1.849859952926635742e+00,1.805844545364379883e+00,1.763885736465454102e+00,1.724513292312622070e+00,1.687380552291870117e+00,1.652064800262451172e+00,1.618791460990905762e+00,1.587339520454406738e+00,1.557375550270080566e+00,1.529061198234558105e+00,1.502236247062683105e+00,1.477137446403503418e+00,1.453299403190612793e+00,1.430646896362304688e+00,1.409112215042114258e+00,1.388633251190185547e+00,1.369152188301086426e+00,1.350615382194519043e+00,1.332975029945373535e+00,1.316184878349304199e+00,1.300203680992126465e+00,1.284992575645446777e+00,1.270515918731689453e+00,1.256740212440490723e+00,1.243635058403015137e+00,1.231171250343322754e+00,1.219322562217712402e+00,1.208064317703247070e+00,1.197373390197753906e+00,1.187228679656982422e+00,1.177609920501708984e+00,1.168498992919921875e+00,1.159878730773925781e+00,1.151732802391052246e+00,1.144046306610107422e+00,1.136805772781372070e+00,1.129998803138732910e+00,1.123612523078918457e+00,1.117637038230895996e+00,1.112061381340026855e+00,1.106876611709594727e+00,1.102074384689331055e+00,1.097646236419677734e+00,1.093585610389709473e+00,1.089885354042053223e+00,1.086540102958679199e+00,1.083544492721557617e+00,1.080893397331237793e+00,1.078583240509033203e+00,1.076610088348388672e+00,1.074970960617065430e+00,1.073663234710693359e+00,1.072685241699218750e+00,1.072035312652587891e+00,1.071712374687194824e+00,esquerda
5.969474792480468750e+00,5.971313953399658203e+00,5.974974155426025391e+00,5.980462074279785156e+00,5.987785816192626953e+00,5.996956348419189453e+00,6.007988452911376953e+00,6.020897865295410156e+00,6.035705566406250000e+00,6.052434921264648438e+00,6.071111679077148438e+00,6.091765403747558594e+00,6.114428520202636719e+00,6.139138221740722656e+00,6.165934562683105469e+00,6.140100955963134766e+00,5.794466018676757812e+00,5.473601341247558594e+00,5.187661647796630859e+00,4.930544376373291016e+00,4.699158191680908203e+00,4.490036964416503906e+00,4.298867225646972656e+00,4.124255180358886719e+00,3.966082334518432617e+00,3.820175886154174805e+00,3.685287952423095703e+00,3.559859991073608398e+00,3.445073127746582031e+00,3.338017940521240234e+00,3.237590074539184570e+00,3.144854307174682617e+00,3.057654619216918945e+00,2.975830316543579102e+00,2.899700403213500977e+00,2.827438354492187500e+00,2.760399341583251953e+00,2.696501255035400391e+00,2.636550664901733398e+00,2.580021381378173828e+00,2.526267290115356445e+00,2.475632667541503906e+00,2.427780628204345703e+00,2.382204771041870117e+00,2.339149951934814453e+00,2.298226833343505859e+00,2.259829521179199219e+00,2.223359823226928711e+00,2.188704490661621094e+00,2.155759572982788086e+00,2.124429225921630859e+00,2.094625473022460938e+00,2.066267013549804688e+00,2.039279222488403320e+00,2.013592958450317383e+00,1.989143610000610352e+00,1.965872406959533691e+00,1.943725228309631348e+00,1.922650694847106934e+00,1.902601003646850586e+00,1.883533596992492676e+00,1.865406632423400879e+00,1.848182797431945801e+00,1.831827282905578613e+00,1.816307425498962402e+00,1.801592111587524414e+00,1.787653565406799316e+00,1.774465441703796387e+00,1.762003302574157715e+00,1.750244140625000000e+00,1.739167332649230957e+00,1.728753328323364258e+00,1.718983411788940430e+00,1.709841370582580566e+00,1.701311588287353516e+00,1.693379640579223633e+00,1.686032533645629883e+00,1.679258465766906738e+00,1.673046112060546875e+00,1.667385339736938477e+00,1.662267446517944336e+00,1.657684564590454102e+00,1.653628945350646973e+00,1.650094509124755859e+00,1.647075891494750977e+00,1.644568324089050293e+00,1.642567753791809082e+00,1.641071677207946777e+00,1.640077352523803711e+00,1.639583468437194824e+00,1.639588952064514160e+00,1.640093922615051270e+00,1.641099452972412109e+00,1.642606735229492188e+00,1.644618272781372070e+00,1.647137165069580078e+00,1.650167226791381836e+00,1.653713107109069824e+00,1.657780289649963379e+00,1.662374973297119141e+00,1.667504429817199707e+00,1.673177480697631836e+00,1.679402232170104980e+00,1.686188936233520508e+00,1.693548798561096191e+00,1.701493620872497559e+00,1.710036754608154297e+00,1.719192504882812500e+00,1.728976368904113770e+00,1.739405035972595215e+00,1.750496864318847656e+00,1.762271404266357422e+00,1.774749159812927246e+00,1.787953734397888184e+00,1.801908969879150391e+00,1.816642165184020996e+00,1.832179903984069824e+00,1.848554611206054688e+00,1.865797758102416992e+00,1.883945107460021973e+00,1.903033852577209473e+00,1.923105597496032715e+00,1.944203495979309082e+00,1.947218537330627441e+00,1.897249460220336914e+00,1.849814414978027344e+00,1.805801749229431152e+00,1.763845443725585938e+00,1.724475264549255371e+00,1.687344789505004883e+00,1.652031064033508301e+00,1.618759632110595703e+00,1.587309241294860840e+00,1.557347178459167480e+00,1.529034256935119629e+00,1.502235412597656250e+00,1.477136492729187012e+00,1.453298449516296387e+00,1.430645942687988281e+00,1.409111499786376953e+00,1.388632535934448242e+00,1.369151234626770020e+00,1.350614666938781738e+00,1.332974195480346680e+00,1.316184163093566895e+00,1.300202846527099609e+00,1.284991502761840820e+00,1.270515203475952148e+00,1.256739616394042969e+00,1.243634223937988281e+00,1.231170535087585449e+00,1.219321966171264648e+00,1.208063721656799316e+00,1.197372794151306152e+00,1.187228083610534668e+00,1.177609443664550781e+00,1.168498277664184570e+00,1.159878015518188477e+00,1.151732087135314941e+00,1.144045710563659668e+00,1.136805295944213867e+00,1.129997968673706055e+00,1.123612046241760254e+00,1.117636442184448242e+00,1.112060785293579102e+00,1.106876015663146973e+00,1.102073788642883301e+00,1.097645521163940430e+00,1.093584895133972168e+00,1.089884757995605469e+00,1.086539387702941895e+00,1.083543777465820312e+00,1.080892682075500488e+00,1.078582406044006348e+00,1.076609373092651367e+00,1.074970245361328125e+00,1.073662519454956055e+00,1.072684645652770996e+00,1.072034716606140137e+00,1.071711778640747070e+00,esquerda
5.969475746154785156e+00,5.971314907073974609e+00,5.974975109100341797e+00,5.980463027954101562e+00,5.987787246704101562e+00,5.996957302093505859e+00,6.007989406585693359e+00,6.020898818969726562e+00,6.035707473754882812e+00,6.052436351776123047e+00,6.071112632751464844e+00,6.091766834259033203e+00,6.114429473876953125e+00,6.139139175415039062e+00,6.165935516357421875e+00,6.127079963684082031e+00,5.781480789184570312e+00,5.461353302001953125e+00,5.176069259643554688e+00,4.919539928436279297e+00,4.688681602478027344e+00,4.480035781860351562e+00,4.289300918579101562e+00,4.115084648132324219e+00,3.957269906997680664e+00,3.811692953109741211e+00,3.677109718322753906e+00,3.551964998245239258e+00,3.437436342239379883e+00,3.330621480941772461e+00,3.230418920516967773e+00,3.137891530990600586e+00,3.050887584686279297e+00,2.969246387481689453e+00,2.893286943435668945e+00,2.821186542510986328e+00,2.754297018051147461e+00,2.690541505813598633e+00,2.630724906921386719e+00,2.574321508407592773e+00,2.520686864852905273e+00,2.470165014266967773e+00,2.422419309616088867e+00,2.376944780349731445e+00,2.333985328674316406e+00,2.293195486068725586e+00,2.254882335662841797e+00,2.218492507934570312e+00,2.183913230895996094e+00,2.151040077209472656e+00,2.119778394699096680e+00,2.090039968490600586e+00,2.061743736267089844e+00,2.034815073013305664e+00,2.009184837341308594e+00,1.984789133071899414e+00,1.961568713188171387e+00,1.939470052719116211e+00,1.918441534042358398e+00,1.898435711860656738e+00,1.879410028457641602e+00,1.861322641372680664e+00,1.844136714935302734e+00,1.827817201614379883e+00,1.812331318855285645e+00,1.797648072242736816e+00,1.783740162849426270e+00,1.770580887794494629e+00,1.758145928382873535e+00,1.746412515640258789e+00,1.735360026359558105e+00,1.724968671798706055e+00,1.715220451354980469e+00,1.706098198890686035e+00,1.697587251663208008e+00,1.689672589302062988e+00,1.682341456413269043e+00,1.675582289695739746e+00,1.669383525848388672e+00,1.663735151290893555e+00,1.658628582954406738e+00,1.654055476188659668e+00,1.650008797645568848e+00,1.646482229232788086e+00,1.643470168113708496e+00,1.640967965126037598e+00,1.638972043991088867e+00,1.637479186058044434e+00,1.636487007141113281e+00,1.635994076728820801e+00,1.635999560356140137e+00,1.636503577232360840e+00,1.637506842613220215e+00,1.639010787010192871e+00,1.641018033027648926e+00,1.643531441688537598e+00,1.646554708480834961e+00,1.650092840194702148e+00,1.654151082038879395e+00,1.658735752105712891e+00,1.663854122161865234e+00,1.669514775276184082e+00,1.675725817680358887e+00,1.682497620582580566e+00,1.689841389656066895e+00,1.697768926620483398e+00,1.706293225288391113e+00,1.715428948402404785e+00,1.725191235542297363e+00,1.735597252845764160e+00,1.746664643287658691e+00,1.758413553237915039e+00,1.770864129066467285e+00,1.784039616584777832e+00,1.797964334487915039e+00,1.812665224075317383e+00,1.828168988227844238e+00,1.844507813453674316e+00,1.861713171005249023e+00,1.879820823669433594e+00,1.898867607116699219e+00,1.918895721435546875e+00,1.939947605133056641e+00,1.947284936904907227e+00,1.897313594818115234e+00,1.849876642227172852e+00,1.805862069129943848e+00,1.763904094696044922e+00,1.724532127380371094e+00,1.687400102615356445e+00,1.652084946632385254e+00,1.618812203407287598e+00,1.587360501289367676e+00,1.557397127151489258e+00,1.529083132743835449e+00,1.502233982086181641e+00,1.477135062217712402e+00,1.453297019004821777e+00,1.430644512176513672e+00,1.409109950065612793e+00,1.388631105422973633e+00,1.369149923324584961e+00,1.350613236427307129e+00,1.332973003387451172e+00,1.316182851791381836e+00,1.300201892852783203e+00,1.284990549087524414e+00,1.270513892173767090e+00,1.256738424301147461e+00,1.243633270263671875e+00,1.231169462203979492e+00,1.219320774078369141e+00,1.208062648773193359e+00,1.197371721267700195e+00,1.187227129936218262e+00,1.177608489990234375e+00,1.168497443199157715e+00,1.159877181053161621e+00,1.151731252670288086e+00,1.144044876098632812e+00,1.136804461479187012e+00,1.129997134208679199e+00,1.123611330986022949e+00,1.117635488510131836e+00,1.112060070037841797e+00,1.106875181198120117e+00,1.102073073387145996e+00,1.097644805908203125e+00,1.093584299087524414e+00,1.089884042739868164e+00,1.086538791656494141e+00,1.083543181419372559e+00,1.080892086029052734e+00,1.078581809997558594e+00,1.076608777046203613e+00,1.074969649314880371e+00,1.073662042617797852e+00,1.072684049606323242e+00,1.072034120559692383e+00,1.071711182594299316e+00,esquerda
5.969475746154785156e+00,5.971314907073974609e+00,5.974975109100341797e+00,5.980463027954101562e+00,5.987786769866943359e+00,5.996956825256347656e+00,6.007988929748535156e+00,6.020898342132568359e+00,6.035706520080566406e+00,6.052435874938964844e+00,6.071112155914306641e+00,6.091765880584716797e+00,6.114428997039794922e+00,6.139139175415039062e+00,6.165935516357421875e+00,6.115470409393310547e+00,5.769821166992187500e+00,5.450283527374267578e+00,5.165528774261474609e+00,4.909480571746826172e+00,4.679057598114013672e+00,4.470809459686279297e+00,4.280438899993896484e+00,4.106557846069335938e+00,3.949048280715942383e+00,3.803754568099975586e+00,3.669433355331420898e+00,3.544533252716064453e+00,3.430229902267456055e+00,3.323625564575195312e+00,3.223621606826782227e+00,3.131277561187744141e+00,3.044446229934692383e+00,2.962967634201049805e+00,2.887159824371337891e+00,2.815203666687011719e+00,2.748448371887207031e+00,2.684820890426635742e+00,2.625123977661132812e+00,2.568834304809570312e+00,2.515307664871215820e+00,2.464887380599975586e+00,2.417238235473632812e+00,2.371855258941650391e+00,2.328982591629028320e+00,2.288162469863891602e+00,2.249932765960693359e+00,2.213623046875000000e+00,2.179119586944580078e+00,2.146318674087524414e+00,2.115125417709350586e+00,2.085452318191528320e+00,2.057218074798583984e+00,2.030348539352416992e+00,2.004774808883666992e+00,1.980432391166687012e+00,1.957262992858886719e+00,1.935212850570678711e+00,1.914230585098266602e+00,1.894268751144409180e+00,1.875284671783447266e+00,1.857236981391906738e+00,1.840088725090026855e+00,1.823804736137390137e+00,1.808352828025817871e+00,1.793701767921447754e+00,1.779824376106262207e+00,1.766693949699401855e+00,1.754286408424377441e+00,1.742578744888305664e+00,1.731550455093383789e+00,1.721182107925415039e+00,1.711455106735229492e+00,1.702353119850158691e+00,1.693860650062561035e+00,1.685963392257690430e+00,1.678648471832275391e+00,1.671903967857360840e+00,1.665718793869018555e+00,1.660082817077636719e+00,1.654987335205078125e+00,1.650424480438232422e+00,1.646386623382568359e+00,1.642867803573608398e+00,1.639862179756164551e+00,1.637365579605102539e+00,1.635373830795288086e+00,1.633884310722351074e+00,1.632894396781921387e+00,1.632402420043945312e+00,1.632407903671264648e+00,1.632910728454589844e+00,1.633911848068237305e+00,1.635412335395812988e+00,1.637415170669555664e+00,1.639923095703125000e+00,1.642939686775207520e+00,1.646469950675964355e+00,1.650519371032714844e+00,1.655094027519226074e+00,1.660201072692871094e+00,1.665849328041076660e+00,1.672046661376953125e+00,1.678803563117980957e+00,1.686131238937377930e+00,1.694041371345520020e+00,1.702546954154968262e+00,1.711662650108337402e+00,1.721403598785400391e+00,1.731786489486694336e+00,1.742829680442810059e+00,1.754552602767944336e+00,1.766975760459899902e+00,1.780122399330139160e+00,1.794016599655151367e+00,1.808685064315795898e+00,1.824154853820800781e+00,1.840457677841186523e+00,1.857625484466552734e+00,1.875693202018737793e+00,1.894698262214660645e+00,1.914682269096374512e+00,1.935687780380249023e+00,1.947310924530029297e+00,1.897336483001708984e+00,1.849896073341369629e+00,1.805878520011901855e+00,1.763918042182922363e+00,1.724543809890747070e+00,1.687409639358520508e+00,1.652092337608337402e+00,1.618817806243896484e+00,1.587364315986633301e+00,1.557399272918701172e+00,1.529083728790283203e+00,1.502233624458312988e+00,1.477134704589843750e+00,1.453296542167663574e+00,1.430644154548645020e+00,1.409109592437744141e+00,1.388630628585815430e+00,1.369149446487426758e+00,1.350612759590148926e+00,1.332972526550292969e+00,1.316182374954223633e+00,1.300201177597045898e+00,1.284989953041076660e+00,1.270513534545898438e+00,1.256737947463989258e+00,1.243632555007934570e+00,1.231168746948242188e+00,1.219320297241210938e+00,1.208061933517456055e+00,1.197371125221252441e+00,1.187226414680480957e+00,1.177607893943786621e+00,1.168496727943420410e+00,1.159876465797424316e+00,1.151730537414550781e+00,1.144044160842895508e+00,1.136803627014160156e+00,1.129996657371520996e+00,1.123610377311706543e+00,1.117634892463684082e+00,1.112059473991394043e+00,1.106874585151672363e+00,1.102072358131408691e+00,1.097644090652465820e+00,1.093583703041076660e+00,1.089883446693420410e+00,1.086538076400756836e+00,1.083542466163635254e+00,1.080891370773315430e+00,1.078581094741821289e+00,1.076608061790466309e+00,1.074968934059143066e+00,1.073661208152770996e+00,1.072683334350585938e+00,1.072033405303955078e+00,1.071710348129272461e+00,esquerda
5.969476699829101562e+00,5.971315860748291016e+00,5.974976062774658203e+00,5.980464458465576172e+00,5.987788200378417969e+00,5.996958255767822266e+00,6.007990360260009766e+00,6.020899772644042969e+00,6.035708427429199219e+00,6.052437305450439453e+00,6.071114063262939453e+00,6.091767787933349609e+00,6.114430427551269531e+00,6.139140605926513672e+00,6.165936470031738281e+00,6.102416515350341797e+00,5.756803512573242188e+00,5.438006401062011719e+00,5.153908252716064453e+00,4.898450374603271484e+00,4.668556213378906250e+00,4.460784912109375000e+00,4.270850181579589844e+00,4.097366333007812500e+00,3.940215587615966797e+00,3.795252799987792969e+00,3.661237478256225586e+00,3.536622047424316406e+00,3.422577857971191406e+00,3.316215515136718750e+00,3.216438055038452148e+00,3.124303340911865234e+00,3.037667989730834961e+00,2.956373691558837891e+00,2.880736589431762695e+00,2.808942794799804688e+00,2.742337703704833984e+00,2.678853511810302734e+00,2.619290351867675781e+00,2.563127279281616211e+00,2.509720802307128906e+00,2.459413528442382812e+00,2.411870956420898438e+00,2.366589784622192383e+00,2.323812961578369141e+00,2.283129215240478516e+00,2.244983911514282227e+00,2.208753824234008789e+00,2.174326419830322266e+00,2.141597747802734375e+00,2.110472917556762695e+00,2.080865144729614258e+00,2.052693128585815430e+00,2.025882482528686523e+00,2.000365018844604492e+00,1.976076245307922363e+00,1.952957868576049805e+00,1.930956244468688965e+00,1.910019993782043457e+00,1.890102028846740723e+00,1.871159791946411133e+00,1.853151798248291016e+00,1.836041092872619629e+00,1.819793224334716797e+00,1.804375171661376953e+00,1.789756536483764648e+00,1.775909662246704102e+00,1.762808084487915039e+00,1.750427603721618652e+00,1.738745689392089844e+00,1.727741599082946777e+00,1.717395901679992676e+00,1.707690477371215820e+00,1.698608517646789551e+00,1.690134763717651367e+00,1.682254910469055176e+00,1.674955964088439941e+00,1.668226361274719238e+00,1.662054896354675293e+00,1.656431198120117188e+00,1.651346921920776367e+00,1.646793961524963379e+00,1.642765045166015625e+00,1.639253973960876465e+00,1.636255145072937012e+00,1.633764028549194336e+00,1.631776571273803711e+00,1.630290389060974121e+00,1.629302501678466797e+00,1.628811717033386230e+00,1.628817200660705566e+00,1.629318833351135254e+00,1.630317687988281250e+00,1.631814956665039062e+00,1.633813500404357910e+00,1.636315941810607910e+00,1.639325976371765137e+00,1.642848372459411621e+00,1.646888852119445801e+00,1.651453375816345215e+00,1.656549215316772461e+00,1.662185072898864746e+00,1.668368816375732422e+00,1.675110816955566406e+00,1.682422399520874023e+00,1.690315127372741699e+00,1.698801994323730469e+00,1.707897663116455078e+00,1.717617273330688477e+00,1.727977275848388672e+00,1.738996267318725586e+00,1.750693321228027344e+00,1.763089179992675781e+00,1.776206731796264648e+00,1.790070295333862305e+00,1.804706692695617676e+00,1.820142507553100586e+00,1.836409449577331543e+00,1.853539466857910156e+00,1.871567368507385254e+00,1.890530705451965332e+00,1.910470724105834961e+00,1.931429982185363770e+00,1.947255730628967285e+00,1.897284626960754395e+00,1.849847435951232910e+00,1.805833101272583008e+00,1.763875126838684082e+00,1.724503397941589355e+00,1.687371253967285156e+00,1.652056455612182617e+00,1.618783831596374512e+00,1.587332367897033691e+00,1.557368993759155273e+00,1.529055118560791016e+00,1.502232670783996582e+00,1.477133750915527344e+00,1.453295707702636719e+00,1.430643200874328613e+00,1.409108757972717285e+00,1.388629913330078125e+00,1.369148492813110352e+00,1.350611925125122070e+00,1.332971692085266113e+00,1.316181659698486328e+00,1.300200223922729492e+00,1.284989118576049805e+00,1.270512580871582031e+00,1.256737112998962402e+00,1.243631720542907715e+00,1.231168150901794434e+00,1.219319462776184082e+00,1.208061099052429199e+00,1.197370409965515137e+00,1.187225580215454102e+00,1.177607059478759766e+00,1.168496012687683105e+00,1.159875750541687012e+00,1.151729822158813477e+00,1.144043445587158203e+00,1.136802911758422852e+00,1.129995822906494141e+00,1.123609781265258789e+00,1.117634177207946777e+00,1.112058639526367188e+00,1.106873869895935059e+00,1.102071642875671387e+00,1.097643375396728516e+00,1.093582987785339355e+00,1.089882731437683105e+00,1.086537361145019531e+00,1.083541631698608398e+00,1.080890655517578125e+00,1.078580498695373535e+00,1.076607346534729004e+00,1.074968218803405762e+00,1.073660492897033691e+00,1.072682619094848633e+00,1.072032690048217773e+00,1.071709632873535156e+00,esquerda
5.969478130340576172e+00,5.971316814422607422e+00,5.974977016448974609e+00,5.980465412139892578e+00,5.987789154052734375e+00,5.996959686279296875e+00,6.007991313934326172e+00,6.020901203155517578e+00,6.035709381103515625e+00,6.052438259124755859e+00,6.071115016937255859e+00,6.091768741607666016e+00,6.114431858062744141e+00,6.139141559600830078e+00,6.165937423706054688e+00,6.089397907257080078e+00,5.743822097778320312e+00,5.425760746002197266e+00,5.142318725585937500e+00,4.887447834014892578e+00,4.658081531524658203e+00,4.450785636901855469e+00,4.261284828186035156e+00,4.088196754455566406e+00,3.931404590606689453e+00,3.786770820617675781e+00,3.653059720993041992e+00,3.528726816177368164e+00,3.414941310882568359e+00,3.308820009231567383e+00,3.209268093109130859e+00,3.117341041564941406e+00,3.030901193618774414e+00,2.949790239334106445e+00,2.874323606491088867e+00,2.802691459655761719e+00,2.736235857009887695e+00,2.672893762588500977e+00,2.613465309143066406e+00,2.557427644729614258e+00,2.504140853881835938e+00,2.453946113586425781e+00,2.406510114669799805e+00,2.361329793930053711e+00,2.318648815155029297e+00,2.278097629547119141e+00,2.240036249160766602e+00,2.203886270523071289e+00,2.169534444808959961e+00,2.136877775192260742e+00,2.105821847915649414e+00,2.076278924942016602e+00,2.048169136047363281e+00,2.021417617797851562e+00,1.995956659317016602e+00,1.971721053123474121e+00,1.948653817176818848e+00,1.926700592041015625e+00,1.905810594558715820e+00,1.885936379432678223e+00,1.867035984992980957e+00,1.849067687988281250e+00,1.831994891166687012e+00,1.815782546997070312e+00,1.800398468971252441e+00,1.785812020301818848e+00,1.771995782852172852e+00,1.758923053741455078e+00,1.746569991111755371e+00,1.734913706779479980e+00,1.723934054374694824e+00,1.713611125946044922e+00,1.703927159309387207e+00,1.694864988327026367e+00,1.686409831047058105e+00,1.678547263145446777e+00,1.671264648437500000e+00,1.664549708366394043e+00,1.658391952514648438e+00,1.652780532836914062e+00,1.647707462310791016e+00,1.643164753913879395e+00,1.639144539833068848e+00,1.635641217231750488e+00,1.632648944854736328e+00,1.630163192749023438e+00,1.628180384635925293e+00,1.626697301864624023e+00,1.625711679458618164e+00,1.625222086906433105e+00,1.625227451324462891e+00,1.625728130340576172e+00,1.626724720001220703e+00,1.628218650817871094e+00,1.630212783813476562e+00,1.632709622383117676e+00,1.635712981224060059e+00,1.639227747917175293e+00,1.643259406089782715e+00,1.647813796997070312e+00,1.652898430824279785e+00,1.658521890640258789e+00,1.664691925048828125e+00,1.671419262886047363e+00,1.678714513778686523e+00,1.686589837074279785e+00,1.695058107376098633e+00,1.704133749008178711e+00,1.713831663131713867e+00,1.724169015884399414e+00,1.735163688659667969e+00,1.746834874153137207e+00,1.759203553199768066e+00,1.772292137145996094e+00,1.786125421524047852e+00,1.800729274749755859e+00,1.816131114959716797e+00,1.832362294197082520e+00,1.849454283714294434e+00,1.867442727088928223e+00,1.886364102363586426e+00,1.906260251998901367e+00,1.927173376083374023e+00,1.946261644363403320e+00,1.897231221199035645e+00,1.849797368049621582e+00,1.805785894393920898e+00,1.763830780982971191e+00,1.724461555480957031e+00,1.687331914901733398e+00,1.652019143104553223e+00,1.618748545646667480e+00,1.587298870086669922e+00,1.557337403297424316e+00,1.529025197029113770e+00,1.502231121063232422e+00,1.477132201194763184e+00,1.453294277191162109e+00,1.430641770362854004e+00,1.409107446670532227e+00,1.388628602027893066e+00,1.369147300720214844e+00,1.350610733032226562e+00,1.332970499992370605e+00,1.316180467605590820e+00,1.300199389457702637e+00,1.284987926483154297e+00,1.270511627197265625e+00,1.256736159324645996e+00,1.243630766868591309e+00,1.231167197227478027e+00,1.219318628311157227e+00,1.208060145378112793e+00,1.197369575500488281e+00,1.187224864959716797e+00,1.177606105804443359e+00,1.168495178222656250e+00,1.159874796867370605e+00,1.151728987693786621e+00,1.144042611122131348e+00,1.136802315711975098e+00,1.129994988441467285e+00,1.123609066009521484e+00,1.117633342742919922e+00,1.112057924270629883e+00,1.106873035430908203e+00,1.102071046829223633e+00,1.097642779350280762e+00,1.093582272529602051e+00,1.089881896972656250e+00,1.086536765098571777e+00,1.083541035652160645e+00,1.080890059471130371e+00,1.078579664230346680e+00,1.076606750488281250e+00,1.074967622756958008e+00,1.073660016059875488e+00,1.072682023048400879e+00,1.072032094001770020e+00,1.071709156036376953e+00,esquerda
5.969477653503417969e+00,5.971316337585449219e+00,5.974976539611816406e+00,5.980464458465576172e+00,5.987788200378417969e+00,5.996958255767822266e+00,6.007990360260009766e+00,6.020900249481201172e+00,6.035708427429199219e+00,6.052437305450439453e+00,6.071114063262939453e+00,6.091767787933349609e+00,6.114430904388427734e+00,6.139141082763671875e+00,6.165936946868896484e+00,6.076846599578857422e+00,5.731238365173339844e+00,5.413832664489746094e+00,5.130978107452392578e+00,4.876637935638427734e+00,4.647751808166503906e+00,4.440892696380615234e+00,4.251792430877685547e+00,4.079071521759033203e+00,3.922612905502319336e+00,3.778292655944824219e+00,3.644883394241333008e+00,3.520833015441894531e+00,3.407306194305419922e+00,3.301425218582153320e+00,3.202098846435546875e+00,3.110379934310913086e+00,3.024135589599609375e+00,2.943207502365112305e+00,2.867911577224731445e+00,2.796440362930297852e+00,2.730134487152099609e+00,2.666935682296752930e+00,2.607640504837036133e+00,2.551728963851928711e+00,2.498561620712280273e+00,2.448479652404785156e+00,2.401149988174438477e+00,2.356070756912231445e+00,2.313485145568847656e+00,2.273066282272338867e+00,2.235089063644409180e+00,2.199018955230712891e+00,2.164742946624755859e+00,2.132158756256103516e+00,2.101171016693115234e+00,2.071693897247314453e+00,2.043645858764648438e+00,2.016953468322753906e+00,1.991548657417297363e+00,1.967366695404052734e+00,1.944350123405456543e+00,1.922445535659790039e+00,1.901601672172546387e+00,1.881771326065063477e+00,1.862912654876708984e+00,1.844984054565429688e+00,1.827948808670043945e+00,1.811772465705871582e+00,1.796422481536865234e+00,1.781868219375610352e+00,1.768082141876220703e+00,1.755038380622863770e+00,1.742712616920471191e+00,1.731082081794738770e+00,1.720126748085021973e+00,1.709826588630676270e+00,1.700163960456848145e+00,1.691121935844421387e+00,1.682685375213623047e+00,1.674840331077575684e+00,1.667573690414428711e+00,1.660873532295227051e+00,1.654729485511779785e+00,1.649130582809448242e+00,1.644068598747253418e+00,1.639535903930664062e+00,1.635524630546569824e+00,1.632028937339782715e+00,1.629043340682983398e+00,1.626563072204589844e+00,1.624584555625915527e+00,1.623105049133300781e+00,1.622121453285217285e+00,1.621632695198059082e+00,1.621638298034667969e+00,1.622137784957885742e+00,1.623132228851318359e+00,1.624622821807861328e+00,1.626612544059753418e+00,1.629103779792785645e+00,1.632100582122802734e+00,1.635607600212097168e+00,1.639630198478698730e+00,1.644174814224243164e+00,1.649248123168945312e+00,1.654858946800231934e+00,1.661015510559082031e+00,1.667727828025817871e+00,1.675007224082946777e+00,1.682865142822265625e+00,1.691314458847045898e+00,1.700370192527770996e+00,1.710046887397766113e+00,1.720361232757568359e+00,1.731331706047058105e+00,1.742977261543273926e+00,1.755318403244018555e+00,1.768378138542175293e+00,1.782180666923522949e+00,1.796752452850341797e+00,1.812120199203491211e+00,1.828315615653991699e+00,1.845370173454284668e+00,1.863318562507629395e+00,1.882198095321655273e+00,1.902050495147705078e+00,1.922917246818542480e+00,1.942217111587524414e+00,1.897365093231201172e+00,1.849923014640808105e+00,1.805904150009155273e+00,1.763942241668701172e+00,1.724566698074340820e+00,1.687431216239929199e+00,1.652112841606140137e+00,1.618837475776672363e+00,1.587383151054382324e+00,1.557417154312133789e+00,1.529100775718688965e+00,1.502231597900390625e+00,1.477132797241210938e+00,1.453294754028320312e+00,1.430642485618591309e+00,1.409107923507690430e+00,1.388628959655761719e+00,1.369147777557373047e+00,1.350610971450805664e+00,1.332970976829528809e+00,1.316180944442749023e+00,1.300199627876281738e+00,1.284988284111022949e+00,1.270512104034423828e+00,1.256736516952514648e+00,1.243631005287170410e+00,1.231167554855346680e+00,1.219318747520446777e+00,1.208060622215270996e+00,1.197369694709777832e+00,1.187225103378295898e+00,1.177606701850891113e+00,1.168495416641235352e+00,1.159875154495239258e+00,1.151729345321655273e+00,1.144042968750000000e+00,1.136802554130554199e+00,1.129995346069335938e+00,1.123609423637390137e+00,1.117633700370788574e+00,1.112058281898498535e+00,1.106873393058776855e+00,1.102071285247802734e+00,1.097643136978149414e+00,1.093582510948181152e+00,1.089882254600524902e+00,1.086537003517150879e+00,1.083541274070739746e+00,1.080890297889709473e+00,1.078580021858215332e+00,1.076606988906860352e+00,1.074967861175537109e+00,1.073660254478454590e+00,1.072682261466979980e+00,1.072032332420349121e+00,1.071709394454956055e+00,esquerda
5.969479084014892578e+00,5.971318244934082031e+00,5.974978446960449219e+00,5.980466365814208984e+00,5.987790107727050781e+00,5.996960639953613281e+00,6.007992744445800781e+00,6.020902156829833984e+00,6.035710334777832031e+00,6.052439689636230469e+00,6.071115970611572266e+00,6.091769695281982422e+00,6.114432811737060547e+00,6.139142513275146484e+00,6.165938854217529297e+00,6.064743995666503906e+00,5.719158172607421875e+00,5.402427196502685547e+00,5.120173454284667969e+00,4.866373538970947266e+00,4.637973308563232422e+00,4.431551933288574219e+00,4.242852210998535156e+00,4.070496559143066406e+00,3.914368152618408203e+00,3.770348072052001953e+00,3.637203931808471680e+00,3.513398885726928711e+00,3.400097131729125977e+00,3.294426918029785156e+00,3.195298671722412109e+00,3.103763341903686523e+00,3.017692089080810547e+00,2.936927318572998047e+00,2.861782550811767578e+00,2.790455818176269531e+00,2.724284172058105469e+00,2.661213159561157227e+00,2.602037906646728516e+00,2.546239852905273438e+00,2.493180990219116211e+00,2.443200588226318359e+00,2.395967245101928711e+00,2.350980043411254883e+00,2.308481216430664062e+00,2.268033266067504883e+00,2.230140209197998047e+00,2.194149732589721680e+00,2.159949541091918945e+00,2.127437591552734375e+00,2.096518516540527344e+00,2.067106485366821289e+00,2.039120674133300781e+00,2.012487649917602539e+00,1.987138748168945312e+00,1.963010549545288086e+00,1.940044879913330078e+00,1.918188810348510742e+00,1.897390961647033691e+00,1.877604842185974121e+00,1.858787775039672852e+00,1.840898871421813965e+00,1.823901414871215820e+00,1.807760834693908691e+00,1.792444825172424316e+00,1.777922749519348145e+00,1.764167308807373047e+00,1.751152396202087402e+00,1.738853931427001953e+00,1.727249145507812500e+00,1.716318011283874512e+00,1.706040620803833008e+00,1.696399450302124023e+00,1.687377333641052246e+00,1.678959608078002930e+00,1.671131849288940430e+00,1.663881182670593262e+00,1.657196044921875000e+00,1.651065468788146973e+00,1.645478963851928711e+00,1.640428304672241211e+00,1.635905504226684570e+00,1.631903171539306641e+00,1.628415107727050781e+00,1.625436186790466309e+00,1.622961640357971191e+00,1.620987415313720703e+00,1.619511008262634277e+00,1.618529677391052246e+00,1.618042111396789551e+00,1.618047595024108887e+00,1.618546009063720703e+00,1.619538187980651855e+00,1.621025562286376953e+00,1.623010873794555664e+00,1.625496506690979004e+00,1.628486752510070801e+00,1.631986141204833984e+00,1.635999798774719238e+00,1.640534162521362305e+00,1.645596385002136230e+00,1.651194691658020020e+00,1.657337546348571777e+00,1.664035201072692871e+00,1.671298503875732422e+00,1.679139018058776855e+00,1.687569618225097656e+00,1.696605205535888672e+00,1.706260442733764648e+00,1.716552138328552246e+00,1.727498173713684082e+00,1.739117860794067383e+00,1.751431822776794434e+00,1.764462709426879883e+00,1.778234720230102539e+00,1.792774200439453125e+00,1.808107733726501465e+00,1.824267387390136719e+00,1.841284036636352539e+00,1.859192848205566406e+00,1.878030776977539062e+00,1.897838950157165527e+00,1.918659567832946777e+00,1.938159942626953125e+00,1.897310137748718262e+00,1.849871516227722168e+00,1.805855870246887207e+00,1.763896822929382324e+00,1.724523901939392090e+00,1.687390804290771484e+00,1.652074933052062988e+00,1.618801355361938477e+00,1.587349176406860352e+00,1.557385325431823730e+00,1.529070496559143066e+00,1.502229809761047363e+00,1.477130889892578125e+00,1.453292965888977051e+00,1.430640578269958496e+00,1.409106016159057617e+00,1.388627052307128906e+00,1.369145870208740234e+00,1.350609302520751953e+00,1.332969188690185547e+00,1.316179037094116211e+00,1.300197958946228027e+00,1.284986615180969238e+00,1.270510196685791016e+00,1.256734728813171387e+00,1.243629336357116699e+00,1.231165766716003418e+00,1.219317197799682617e+00,1.208058834075927734e+00,1.197368144989013672e+00,1.187223434448242188e+00,1.177604794502258301e+00,1.168493986129760742e+00,1.159873485565185547e+00,1.151727676391601562e+00,1.144041299819946289e+00,1.136800885200500488e+00,1.129993677139282227e+00,1.123607635498046875e+00,1.117632150650024414e+00,1.112056493759155273e+00,1.106871843338012695e+00,1.102069616317749023e+00,1.097641468048095703e+00,1.093580842018127441e+00,1.089880585670471191e+00,1.086535334587097168e+00,1.083539605140686035e+00,1.080888509750366211e+00,1.078578233718872070e+00,1.076605319976806641e+00,1.074966073036193848e+00,1.073658466339111328e+00,1.072680473327636719e+00,1.072030663490295410e+00,1.071707606315612793e+00,esquerda
5.969479560852050781e+00,5.971318721771240234e+00,5.974978923797607422e+00,5.980466842651367188e+00,5.987791061401367188e+00,5.996961116790771484e+00,6.007993221282958984e+00,6.020902633666992188e+00,6.035711288452148438e+00,6.052440643310546875e+00,6.071116924285888672e+00,6.091771125793457031e+00,6.114433288574218750e+00,6.139142990112304688e+00,6.165939331054687500e+00,6.051726818084716797e+00,5.706176757812500000e+00,5.390183925628662109e+00,5.108584880828857422e+00,4.855372905731201172e+00,4.627500057220458984e+00,4.421554088592529297e+00,4.233288764953613281e+00,4.061328887939453125e+00,3.905558586120605469e+00,3.761867523193359375e+00,3.629027605056762695e+00,3.505505561828613281e+00,3.392461776733398438e+00,3.287032604217529297e+00,3.188129901885986328e+00,3.096802473068237305e+00,3.010926961898803711e+00,2.930344820022583008e+00,2.855370521545410156e+00,2.784205436706542969e+00,2.718183279037475586e+00,2.655254840850830078e+00,2.596213340759277344e+00,2.540541410446166992e+00,2.487601995468139648e+00,2.437734365463256836e+00,2.390607357025146484e+00,2.345721244812011719e+00,2.303317785263061523e+00,2.263002157211303711e+00,2.225193023681640625e+00,2.189282417297363281e+00,2.155158519744873047e+00,2.122718095779418945e+00,2.091867923736572266e+00,2.062521219253540039e+00,2.034597158432006836e+00,2.008023262023925781e+00,1.982730746269226074e+00,1.958655953407287598e+00,1.935741305351257324e+00,1.913933634757995605e+00,1.893182039260864258e+00,1.873439550399780273e+00,1.854664444923400879e+00,1.836815237998962402e+00,1.819855451583862305e+00,1.803750634193420410e+00,1.788468599319458008e+00,1.773978710174560547e+00,1.760253906250000000e+00,1.747267723083496094e+00,1.734996676445007324e+00,1.723417758941650391e+00,1.712510704994201660e+00,1.702256202697753906e+00,1.692636370658874512e+00,1.683634281158447266e+00,1.675235033035278320e+00,1.667424917221069336e+00,1.660190224647521973e+00,1.653519988059997559e+00,1.647402763366699219e+00,1.641828775405883789e+00,1.636789321899414062e+00,1.632276654243469238e+00,1.628283262252807617e+00,1.624802827835083008e+00,1.621830582618713379e+00,1.619361400604248047e+00,1.617391467094421387e+00,1.615918397903442383e+00,1.614939212799072266e+00,1.614452838897705078e+00,1.614458322525024414e+00,1.614955544471740723e+00,1.615945577621459961e+00,1.617429614067077637e+00,1.619410395622253418e+00,1.621890664100646973e+00,1.624874234199523926e+00,1.628365755081176758e+00,1.632370591163635254e+00,1.636894941329956055e+00,1.641945958137512207e+00,1.647531986236572266e+00,1.653661251068115234e+00,1.660343885421752930e+00,1.667591094970703125e+00,1.675414204597473145e+00,1.683826088905334473e+00,1.692841768264770508e+00,1.702475428581237793e+00,1.712744355201721191e+00,1.723666071891784668e+00,1.735259890556335449e+00,1.747546553611755371e+00,1.760548710823059082e+00,1.774289846420288086e+00,1.788797378540039062e+00,1.804096817970275879e+00,1.820220708847045898e+00,1.837199449539184570e+00,1.855068564414978027e+00,1.873864531517028809e+00,1.893628954887390137e+00,1.914403438568115234e+00,1.934104084968566895e+00,1.897253394126892090e+00,1.849818348884582520e+00,1.805805683135986328e+00,1.763849496841430664e+00,1.724479317665100098e+00,1.687348961830139160e+00,1.652035117149353027e+00,1.618763804435729980e+00,1.587313652038574219e+00,1.557351469993591309e+00,1.529038429260253906e+00,1.502228736877441406e+00,1.477129936218261719e+00,1.453292012214660645e+00,1.430639624595642090e+00,1.409105062484741211e+00,1.388626337051391602e+00,1.369145035743713379e+00,1.350608468055725098e+00,1.332968235015869141e+00,1.316178202629089355e+00,1.300197124481201172e+00,1.284985780715942383e+00,1.270509362220764160e+00,1.256734013557434082e+00,1.243628501892089844e+00,1.231164932250976562e+00,1.219316482543945312e+00,1.208057999610900879e+00,1.197367429733276367e+00,1.187222719192504883e+00,1.177604079246520996e+00,1.168493270874023438e+00,1.159872770309448242e+00,1.151726841926574707e+00,1.144040584564208984e+00,1.136800169944763184e+00,1.129993081092834473e+00,1.123606920242309570e+00,1.117631435394287109e+00,1.112055778503417969e+00,1.106871128082275391e+00,1.102068781852722168e+00,1.097640633583068848e+00,1.093580007553100586e+00,1.089879870414733887e+00,1.086534619331359863e+00,1.083539009094238281e+00,1.080887913703918457e+00,1.078577637672424316e+00,1.076604604721069336e+00,1.074965476989746094e+00,1.073657751083374023e+00,1.072679877281188965e+00,1.072029948234558105e+00,1.071707010269165039e+00,esquerda
5.969479084014892578e+00,5.971318244934082031e+00,5.974978923797607422e+00,5.980466842651367188e+00,5.987790584564208984e+00,5.996960639953613281e+00,6.007992744445800781e+00,6.020902156829833984e+00,6.035710334777832031e+00,6.052439689636230469e+00,6.071115970611572266e+00,6.091769695281982422e+00,6.114432811737060547e+00,6.139142990112304688e+00,6.165939331054687500e+00,6.038674831390380859e+00,5.693161487579345703e+00,5.377906799316406250e+00,5.096965789794921875e+00,4.844343185424804688e+00,4.616999149322509766e+00,4.411531448364257812e+00,4.223700523376464844e+00,4.052137374877929688e+00,3.896726369857788086e+00,3.753366708755493164e+00,3.620832920074462891e+00,3.497594356536865234e+00,3.384810447692871094e+00,3.279622793197631836e+00,3.180946826934814453e+00,3.089828014373779297e+00,3.004148960113525391e+00,2.923750877380371094e+00,2.848947525024414062e+00,2.777944564819335938e+00,2.712072610855102539e+00,2.649287223815917969e+00,2.590379953384399414e+00,2.534834384918212891e+00,2.482015132904052734e+00,2.432260274887084961e+00,2.385239839553833008e+00,2.340455532073974609e+00,2.298148155212402344e+00,2.257967948913574219e+00,2.220243215560913086e+00,2.184412479400634766e+00,2.150364398956298828e+00,2.117996454238891602e+00,2.087214708328247070e+00,2.057933330535888672e+00,2.030071496963500977e+00,2.003556489944458008e+00,1.978320240974426270e+00,1.954299092292785645e+00,1.931435465812683105e+00,1.909676313400268555e+00,1.888970732688903809e+00,1.869272351264953613e+00,1.850538849830627441e+00,1.832729458808898926e+00,1.815807342529296875e+00,1.799738287925720215e+00,1.784490227699279785e+00,1.770032525062561035e+00,1.756338357925415039e+00,1.743381142616271973e+00,1.731137394905090332e+00,1.719584107398986816e+00,1.708701372146606445e+00,1.698469638824462891e+00,1.688871026039123535e+00,1.679889321327209473e+00,1.671508550643920898e+00,1.663715600967407227e+00,1.656497359275817871e+00,1.649841904640197754e+00,1.643738269805908203e+00,1.638176679611206055e+00,1.633148431777954102e+00,1.628645777702331543e+00,1.624661207199096680e+00,1.621188759803771973e+00,1.618222951889038086e+00,1.615759253501892090e+00,1.613793849945068359e+00,1.612323880195617676e+00,1.611347079277038574e+00,1.610861539840698242e+00,1.610867023468017578e+00,1.611363291740417480e+00,1.612351179122924805e+00,1.613831758499145508e+00,1.615808129310607910e+00,1.618282914161682129e+00,1.621259808540344238e+00,1.624743580818176270e+00,1.628739476203918457e+00,1.633253812789916992e+00,1.638293504714965820e+00,1.643867135047912598e+00,1.649982810020446777e+00,1.656650543212890625e+00,1.663881540298461914e+00,1.671687364578247070e+00,1.680080533027648926e+00,1.689075946807861328e+00,1.698688387870788574e+00,1.708934307098388672e+00,1.719831824302673340e+00,1.731400012969970703e+00,1.743659257888793945e+00,1.756632328033447266e+00,1.770343184471130371e+00,1.784818291664123535e+00,1.800083756446838379e+00,1.816171526908874512e+00,1.833112716674804688e+00,1.850942015647888184e+00,1.869696378707885742e+00,1.889416694641113281e+00,1.910145044326782227e+00,1.930057048797607422e+00,1.897383332252502441e+00,1.849940299987792969e+00,1.805920600891113281e+00,1.763957738876342773e+00,1.724581480026245117e+00,1.687445163726806641e+00,1.652126193046569824e+00,1.618849873542785645e+00,1.587395071983337402e+00,1.557428717613220215e+00,1.529111862182617188e+00,1.502228617668151855e+00,1.477129817008972168e+00,1.453291773796081543e+00,1.430639386177062988e+00,1.409105062484741211e+00,1.388626217842102051e+00,1.369145035743713379e+00,1.350608468055725098e+00,1.332968235015869141e+00,1.316178202629089355e+00,1.300197124481201172e+00,1.284985780715942383e+00,1.270509362220764160e+00,1.256734013557434082e+00,1.243628621101379395e+00,1.231165051460266113e+00,1.219316601753234863e+00,1.208058238029479980e+00,1.197367548942565918e+00,1.187222838401794434e+00,1.177604198455810547e+00,1.168493390083312988e+00,1.159872889518737793e+00,1.151727080345153809e+00,1.144040703773498535e+00,1.136800289154052734e+00,1.129993200302124023e+00,1.123607158660888672e+00,1.117631673812866211e+00,1.112055897712707520e+00,1.106871366500854492e+00,1.102069020271301270e+00,1.097640991210937500e+00,1.093580245971679688e+00,1.089880228042602539e+00,1.086534976959228516e+00,1.083539247512817383e+00,1.080888271331787109e+00,1.078577995300292969e+00,1.076605081558227539e+00,1.074965834617614746e+00,1.073658227920532227e+00,1.072680234909057617e+00,1.072030305862426758e+00,1.071707367897033691e+00,esquerda
5.969481468200683594e+00,5.971320152282714844e+00,5.974980354309082031e+00,5.980468273162841797e+00,5.987792491912841797e+00,5.996962547302246094e+00,6.007994651794433594e+00,6.020904064178466797e+00,6.035712718963623047e+00,6.052442073822021484e+00,6.071118354797363281e+00,6.091772556304931641e+00,6.114434719085693359e+00,6.139145374298095703e+00,6.165940761566162109e+00,6.027051448822021484e+00,5.681488990783691406e+00,5.366825103759765625e+00,5.086415290832519531e+00,4.834273815155029297e+00,4.607367038726806641e+00,4.402296066284179688e+00,4.214831352233886719e+00,4.043604373931884766e+00,3.888498783111572266e+00,3.745422601699829102e+00,3.613151311874389648e+00,3.490158319473266602e+00,3.377599954605102539e+00,3.272623062133789062e+00,3.174145221710205078e+00,3.083210468292236328e+00,2.997704029083251953e+00,2.917469024658203125e+00,2.842817544937133789e+00,2.771958827972412109e+00,2.706221342086791992e+00,2.643563985824584961e+00,2.584776639938354492e+00,2.529344797134399414e+00,2.476633548736572266e+00,2.426980733871459961e+00,2.380056619644165039e+00,2.335364103317260742e+00,2.293143272399902344e+00,2.252936363220214844e+00,2.215295553207397461e+00,2.179544687271118164e+00,2.145572662353515625e+00,2.113276720046997070e+00,2.082563400268554688e+00,2.053347349166870117e+00,2.025547742843627930e+00,1.999091744422912598e+00,1.973911643028259277e+00,1.949944138526916504e+00,1.927131295204162598e+00,1.905420660972595215e+00,1.884761333465576172e+00,1.865106821060180664e+00,1.846415042877197266e+00,1.828645348548889160e+00,1.811760783195495605e+00,1.795727849006652832e+00,1.780513525009155273e+00,1.766088247299194336e+00,1.752424597740173340e+00,1.739496111869812012e+00,1.727279663085937500e+00,1.715752243995666504e+00,1.704893708229064941e+00,1.694684743881225586e+00,1.685107588768005371e+00,1.676145553588867188e+00,1.667783856391906738e+00,1.660008192062377930e+00,1.652805924415588379e+00,1.646165370941162109e+00,1.640075206756591797e+00,1.634526133537292480e+00,1.629509210586547852e+00,1.625016450881958008e+00,1.621040821075439453e+00,1.617576003074645996e+00,1.614616870880126953e+00,1.612158775329589844e+00,1.610197663307189941e+00,1.608731031417846680e+00,1.607756257057189941e+00,1.607271909713745117e+00,1.607277274131774902e+00,1.607772350311279297e+00,1.608758091926574707e+00,1.610235452651977539e+00,1.612207531929016113e+00,1.614676833152770996e+00,1.617647051811218262e+00,1.621123075485229492e+00,1.625110030174255371e+00,1.629614233970642090e+00,1.634642720222473145e+00,1.640203833580017090e+00,1.646305918693542480e+00,1.652958869934082031e+00,1.660173535346984863e+00,1.667962074279785156e+00,1.676336765289306641e+00,1.685311913490295410e+00,1.694903016090393066e+00,1.705126047134399414e+00,1.715999364852905273e+00,1.727541804313659668e+00,1.739773750305175781e+00,1.752718091011047363e+00,1.766398191452026367e+00,1.780840992927551270e+00,1.796072602272033691e+00,1.812124490737915039e+00,1.829027891159057617e+00,1.846817374229431152e+00,1.865529894828796387e+00,1.885206222534179688e+00,1.905888557434082031e+00,1.926000952720642090e+00,1.897327423095703125e+00,1.849887847900390625e+00,1.805871367454528809e+00,1.763911485671997070e+00,1.724537968635559082e+00,1.687404394149780273e+00,1.652087807655334473e+00,1.618813753128051758e+00,1.587360858917236328e+00,1.557396292686462402e+00,1.529081225395202637e+00,1.502226948738098145e+00,1.477128148078918457e+00,1.453290224075317383e+00,1.430637836456298828e+00,1.409103274345397949e+00,1.388624429702758789e+00,1.369143486022949219e+00,1.350606918334960938e+00,1.332966566085815430e+00,1.316176533699035645e+00,1.300195455551147461e+00,1.284984350204467773e+00,1.270507812500000000e+00,1.256732344627380371e+00,1.243627190589904785e+00,1.231163501739501953e+00,1.219314813613891602e+00,1.208056569099426270e+00,1.197365880012512207e+00,1.187221288681030273e+00,1.177602648735046387e+00,1.168491721153259277e+00,1.159871339797973633e+00,1.151725411415100098e+00,1.144039154052734375e+00,1.136798620223999023e+00,1.129991531372070312e+00,1.123605608940124512e+00,1.117629885673522949e+00,1.112054347991943359e+00,1.106869697570800781e+00,1.102067470550537109e+00,1.097639322280883789e+00,1.093578696250915527e+00,1.089878559112548828e+00,1.086533308029174805e+00,1.083537578582763672e+00,1.080886602401733398e+00,1.078576326370239258e+00,1.076603293418884277e+00,1.074964165687561035e+00,1.073656439781188965e+00,1.072678565979003906e+00,1.072028636932373047e+00,1.071705698966979980e+00,esquerda
5.969481945037841797e+00,5.971320629119873047e+00,5.974980831146240234e+00,5.980469226837158203e+00,5.987792968750000000e+00,5.996963024139404297e+00,6.007995128631591797e+00,6.020904541015625000e+00,6.035713195800781250e+00,6.052442550659179688e+00,6.071119308471679688e+00,6.091773033142089844e+00,6.114435195922851562e+00,6.139145851135253906e+00,6.165941238403320312e+00,6.014018535614013672e+00,5.668494701385498047e+00,5.354571342468261719e+00,5.074818611145019531e+00,4.823266983032226562e+00,4.596889019012451172e+00,4.392295837402343750e+00,4.205266475677490234e+00,4.034435749053955078e+00,3.879688739776611328e+00,3.736941814422607422e+00,3.604974985122680664e+00,3.482264995574951172e+00,3.369964599609375000e+00,3.265228748321533203e+00,3.166976451873779297e+00,3.076249837875366211e+00,2.990938663482666016e+00,2.910886526107788086e+00,2.836405277252197266e+00,2.765707969665527344e+00,2.700120449066162109e+00,2.637605428695678711e+00,2.578952074050903320e+00,2.523645639419555664e+00,2.471054077148437500e+00,2.421514034271240234e+00,2.374696254730224609e+00,2.330105066299438477e+00,2.287979602813720703e+00,2.247903347015380859e+00,2.210346698760986328e+00,2.174675703048706055e+00,2.140779256820678711e+00,2.108555316925048828e+00,2.077910900115966797e+00,2.048759937286376953e+00,2.021022558212280273e+00,1.994625687599182129e+00,1.969501972198486328e+00,1.945587873458862305e+00,1.922826051712036133e+00,1.901164054870605469e+00,1.880550861358642578e+00,1.860940098762512207e+00,1.842290163040161133e+00,1.824559926986694336e+00,1.807713508605957031e+00,1.791715979576110840e+00,1.776535868644714355e+00,1.762142658233642578e+00,1.748509645462036133e+00,1.735610008239746094e+00,1.723420858383178711e+00,1.711919069290161133e+00,1.701084733009338379e+00,1.690898776054382324e+00,1.681342959403991699e+00,1.672401070594787598e+00,1.664058089256286621e+00,1.656299710273742676e+00,1.649113535881042480e+00,1.642487645149230957e+00,1.636411309242248535e+00,1.630874514579772949e+00,1.625868797302246094e+00,1.621386051177978516e+00,1.617419242858886719e+00,1.613962292671203613e+00,1.611009716987609863e+00,1.608557105064392090e+00,1.606600284576416016e+00,1.605136990547180176e+00,1.604164481163024902e+00,1.603681325912475586e+00,1.603686690330505371e+00,1.604180693626403809e+00,1.605164051055908203e+00,1.606638193130493164e+00,1.608605861663818359e+00,1.611069560050964355e+00,1.614033222198486328e+00,1.617501497268676758e+00,1.621479511260986328e+00,1.625973701477050781e+00,1.630990862846374512e+00,1.636539578437805176e+00,1.642627954483032227e+00,1.649266123771667480e+00,1.656464815139770508e+00,1.664235949516296387e+00,1.672591686248779297e+00,1.681547045707702637e+00,1.691116571426391602e+00,1.701316833496093750e+00,1.712165713310241699e+00,1.723682284355163574e+00,1.735887050628662109e+00,1.748802304267883301e+00,1.762451887130737305e+00,1.776862502098083496e+00,1.792060136795043945e+00,1.808076024055480957e+00,1.824941754341125488e+00,1.842691540718078613e+00,1.861362457275390625e+00,1.880994677543640137e+00,1.901630640029907227e+00,1.921943187713623047e+00,1.897261619567871094e+00,1.849826455116271973e+00,1.805813312530517578e+00,1.763856649398803711e+00,1.724485993385314941e+00,1.687355279922485352e+00,1.652041435241699219e+00,1.618769645690917969e+00,1.587319254875183105e+00,1.557356834411621094e+00,1.529043674468994141e+00,1.502225995063781738e+00,1.477127194404602051e+00,1.453289270401000977e+00,1.430636882781982422e+00,1.409102439880371094e+00,1.388623714447021484e+00,1.369142532348632812e+00,1.350606083869934082e+00,1.332965731620788574e+00,1.316175699234008789e+00,1.300194740295410156e+00,1.284983515739440918e+00,1.270506978034973145e+00,1.256731629371643066e+00,1.243626356124877930e+00,1.231162786483764648e+00,1.219314217567443848e+00,1.208055853843688965e+00,1.197365164756774902e+00,1.187220454216003418e+00,1.177601933479309082e+00,1.168490886688232422e+00,1.159870624542236328e+00,1.151724815368652344e+00,1.144038438796997070e+00,1.136798024177551270e+00,1.129990816116333008e+00,1.123604774475097656e+00,1.117629170417785645e+00,1.112053751945495605e+00,1.106868863105773926e+00,1.102066755294799805e+00,1.097638607025146484e+00,1.093577980995178223e+00,1.089877724647521973e+00,1.086532473564147949e+00,1.083536863327026367e+00,1.080885887145996094e+00,1.078575611114501953e+00,1.076602578163146973e+00,1.074963450431823730e+00,1.073655724525451660e+00,1.072677850723266602e+00,1.072027921676635742e+00,1.071704983711242676e+00,esquerda
5.969482898712158203e+00,5.971321582794189453e+00,5.974981784820556641e+00,5.980470180511474609e+00,5.987793922424316406e+00,5.996964454650878906e+00,6.007996082305908203e+00,6.020905971527099609e+00,6.035714626312255859e+00,6.052443504333496094e+00,6.071120262145996094e+00,6.091773986816406250e+00,6.114436626434326172e+00,6.139146804809570312e+00,6.165942192077636719e+00,6.001004219055175781e+00,5.655516147613525391e+00,5.342329025268554688e+00,5.063231468200683594e+00,4.812267303466796875e+00,4.586417198181152344e+00,4.382298946380615234e+00,4.195703029632568359e+00,4.025268554687500000e+00,3.870879173278808594e+00,3.728461980819702148e+00,3.596800088882446289e+00,3.474372148513793945e+00,3.362330198287963867e+00,3.257834911346435547e+00,3.159807682037353516e+00,3.069288969039916992e+00,2.984173774719238281e+00,2.904304504394531250e+00,2.829993963241577148e+00,2.759457826614379883e+00,2.694019794464111328e+00,2.631647348403930664e+00,2.573127985000610352e+00,2.517947435379028320e+00,2.465475320816040039e+00,2.416047811508178711e+00,2.369336366653442383e+00,2.324846029281616211e+00,2.282816410064697266e+00,2.242870569229125977e+00,2.205397605895996094e+00,2.169806718826293945e+00,2.135986089706420898e+00,2.103834390640258789e+00,2.073258638381958008e+00,2.044173002243041992e+00,2.016497611999511719e+00,1.990159869194030762e+00,1.965092182159423828e+00,1.941231846809387207e+00,1.918520927429199219e+00,1.896907329559326172e+00,1.876340389251708984e+00,1.856773614883422852e+00,1.838165402412414551e+00,1.820474863052368164e+00,1.803665995597839355e+00,1.787704467773437500e+00,1.772558212280273438e+00,1.758197426795959473e+00,1.744594693183898926e+00,1.731724023818969727e+00,1.719562172889709473e+00,1.708086133003234863e+00,1.697276234626770020e+00,1.687112927436828613e+00,1.677578568458557129e+00,1.668656587600708008e+00,1.660332322120666504e+00,1.652591466903686523e+00,1.645421266555786133e+00,1.638810276985168457e+00,1.632747530937194824e+00,1.627223014831542969e+00,1.622228503227233887e+00,1.617756009101867676e+00,1.613797903060913086e+00,1.610348820686340332e+00,1.607402920722961426e+00,1.604955673217773438e+00,1.603003263473510742e+00,1.601543188095092773e+00,1.600572824478149414e+00,1.600090622901916504e+00,1.600096106529235840e+00,1.600589036941528320e+00,1.601570248603820801e+00,1.603041052818298340e+00,1.605004310607910156e+00,1.607462406158447266e+00,1.610419392585754395e+00,1.613879919052124023e+00,1.617848992347717285e+00,1.622333049774169922e+00,1.627339243888854980e+00,1.632875680923461914e+00,1.638950228691101074e+00,1.645573616027832031e+00,1.652756094932556152e+00,1.660509705543518066e+00,1.668846964836120605e+00,1.677782177925109863e+00,1.687330245971679688e+00,1.697507739067077637e+00,1.708332300186157227e+00,1.719823241233825684e+00,1.732000350952148438e+00,1.744886875152587891e+00,1.758506059646606445e+00,1.772884130477905273e+00,1.788047790527343750e+00,1.804027795791625977e+00,1.820855736732482910e+00,1.838565945625305176e+00,1.857194900512695312e+00,1.876783251762390137e+00,1.897373080253601074e+00,1.917896509170532227e+00,1.897382736206054688e+00,1.849939703941345215e+00,1.805920004844665527e+00,1.763957142829895020e+00,1.724580883979797363e+00,1.687444686889648438e+00,1.652125716209411621e+00,1.618849635124206543e+00,1.587394595146179199e+00,1.557428121566772461e+00,1.529111146926879883e+00,1.502224445343017578e+00,1.477125644683837891e+00,1.453287720680236816e+00,1.430635452270507812e+00,1.409101128578186035e+00,1.388622283935546875e+00,1.369141340255737305e+00,1.350604653358459473e+00,1.332964539527893066e+00,1.316174507141113281e+00,1.300193548202514648e+00,1.284982323646545410e+00,1.270506024360656738e+00,1.256730318069458008e+00,1.243625283241271973e+00,1.231161713600158691e+00,1.219313144683837891e+00,1.208054900169372559e+00,1.197364091873168945e+00,1.187219500541687012e+00,1.177601099014282227e+00,1.168489933013916016e+00,1.159869790077209473e+00,1.151723861694335938e+00,1.144037485122680664e+00,1.136797189712524414e+00,1.129989981651306152e+00,1.123604059219360352e+00,1.117628574371337891e+00,1.112053036689758301e+00,1.106868267059326172e+00,1.102066040039062500e+00,1.097638010978698730e+00,1.093577384948730469e+00,1.089877128601074219e+00,1.086531758308410645e+00,1.083536148071289062e+00,1.080885171890258789e+00,1.078574895858764648e+00,1.076601982116699219e+00,1.074962735176086426e+00,1.073655128479003906e+00,1.072677135467529297e+00,1.072027206420898438e+00,1.071704268455505371e+00,esquerda
5.969481945037841797e+00,5.971321105957031250e+00,5.974981307983398438e+00,5.980469703674316406e+00,5.987792968750000000e+00,5.996963024139404297e+00,6.007995128631591797e+00,6.020905017852783203e+00,6.035713195800781250e+00,6.052442073822021484e+00,6.071118831634521484e+00,6.091772556304931641e+00,6.114435195922851562e+00,6.139146327972412109e+00,6.165941715240478516e+00,5.987990379333496094e+00,5.642537593841552734e+00,5.330088138580322266e+00,5.051645755767822266e+00,4.801268577575683594e+00,4.575945377349853516e+00,4.372303009033203125e+00,4.186141490936279297e+00,4.016102313995361328e+00,3.862071752548217773e+00,3.719984292984008789e+00,3.588626384735107422e+00,3.466480970382690430e+00,3.354697227478027344e+00,3.250442266464233398e+00,3.152640819549560547e+00,3.062330007553100586e+00,2.977409839630126953e+00,2.897723913192749023e+00,2.823583364486694336e+00,2.753208875656127930e+00,2.687920331954956055e+00,2.625690221786499023e+00,2.567304372787475586e+00,2.512249946594238281e+00,2.459897041320800781e+00,2.410582304000854492e+00,2.363977193832397461e+00,2.319588184356689453e+00,2.277653694152832031e+00,2.237839460372924805e+00,2.200450897216796875e+00,2.164939641952514648e+00,2.131194591522216797e+00,2.099115371704101562e+00,2.068608283996582031e+00,2.039587497711181641e+00,2.011974334716796875e+00,1.985695719718933105e+00,1.960684418678283691e+00,1.936877369880676270e+00,1.914217829704284668e+00,1.892652273178100586e+00,1.872131705284118652e+00,1.852608680725097656e+00,1.834042310714721680e+00,1.816391348838806152e+00,1.799620389938354492e+00,1.783694505691528320e+00,1.768582224845886230e+00,1.754253625869750977e+00,1.740681409835815430e+00,1.727839946746826172e+00,1.715704917907714844e+00,1.704254865646362305e+00,1.693469166755676270e+00,1.683328628540039062e+00,1.673815727233886719e+00,1.664913654327392578e+00,1.656607985496520996e+00,1.648884654045104980e+00,1.641730308532714844e+00,1.635134339332580566e+00,1.629085183143615723e+00,1.623573184013366699e+00,1.618589878082275391e+00,1.614127159118652344e+00,1.610178232192993164e+00,1.606736660003662109e+00,1.603797316551208496e+00,1.601355552673339844e+00,1.599407672882080078e+00,1.597950816154479980e+00,1.596982479095458984e+00,1.596501588821411133e+00,1.596506953239440918e+00,1.596998691558837891e+00,1.597977876663208008e+00,1.599445343017578125e+00,1.601404070854187012e+00,1.603856801986694336e+00,1.606807231903076172e+00,1.610259771347045898e+00,1.614220142364501953e+00,1.618694186210632324e+00,1.623688936233520508e+00,1.629212975502014160e+00,1.635274052619934082e+00,1.641882419586181641e+00,1.649048924446105957e+00,1.656785130500793457e+00,1.665103435516357422e+00,1.674018740653991699e+00,1.683545470237731934e+00,1.693700075149536133e+00,1.704500317573547363e+00,1.715965390205383301e+00,1.728115320205688477e+00,1.740972995758056641e+00,1.754561424255371094e+00,1.768907427787780762e+00,1.784037113189697266e+00,1.799981355667114258e+00,1.816771388053894043e+00,1.834441781044006348e+00,1.853029131889343262e+00,1.872573614120483398e+00,1.893117070198059082e+00,1.913841128349304199e+00,1.897331953048706055e+00,1.849892020225524902e+00,1.805875420570373535e+00,1.763915300369262695e+00,1.724541902542114258e+00,1.687407970428466797e+00,1.652091264724731445e+00,1.618817090988159180e+00,1.587364196777343750e+00,1.557399630546569824e+00,1.529084444046020508e+00,1.502224802970886230e+00,1.477126002311706543e+00,1.453288078308105469e+00,1.430635809898376465e+00,1.409101486206054688e+00,1.388622641563415527e+00,1.369141697883605957e+00,1.350605010986328125e+00,1.332964897155761719e+00,1.316174745559692383e+00,1.300193905830383301e+00,1.284982681274414062e+00,1.270506262779235840e+00,1.256730794906616211e+00,1.243625640869140625e+00,1.231161952018737793e+00,1.219313383102416992e+00,1.208055257797241211e+00,1.197364330291748047e+00,1.187219858169555664e+00,1.177601337432861328e+00,1.168490290641784668e+00,1.159870028495788574e+00,1.151724219322204590e+00,1.144037842750549316e+00,1.136797428131103516e+00,1.129990220069885254e+00,1.123604416847229004e+00,1.117628812789916992e+00,1.112053394317626953e+00,1.106868505477905273e+00,1.102066278457641602e+00,1.097638130187988281e+00,1.093577504158020020e+00,1.089877367019653320e+00,1.086532115936279297e+00,1.083536505699157715e+00,1.080885410308837891e+00,1.078575134277343750e+00,1.076602220535278320e+00,1.074963092803955078e+00,1.073655486106872559e+00,1.072677493095397949e+00,1.072027564048767090e+00,1.071704626083374023e+00,esquerda
5.969483852386474609e+00,5.971323013305664062e+00,5.974983215332031250e+00,5.980471134185791016e+00,5.987794876098632812e+00,5.996965408325195312e+00,6.007997512817382812e+00,6.020906925201416016e+00,6.035715579986572266e+00,6.052444934844970703e+00,6.071121215820312500e+00,6.091774940490722656e+00,6.114437580108642578e+00,6.139147758483886719e+00,6.165944099426269531e+00,5.976325035095214844e+00,5.630824089050292969e+00,5.318967819213867188e+00,5.041059494018554688e+00,4.791166305541992188e+00,4.566282272338867188e+00,4.363039493560791016e+00,4.177244663238525391e+00,4.007543087005615234e+00,3.853819131851196289e+00,3.712015867233276367e+00,3.580922603607177734e+00,3.459024429321289062e+00,3.347467660903930664e+00,3.243424892425537109e+00,3.145822763442993164e+00,3.055696725845336914e+00,2.970950603485107422e+00,2.891428947448730469e+00,2.817440509796142578e+00,2.747211456298828125e+00,2.682057619094848633e+00,2.619956493377685547e+00,2.561691284179687500e+00,2.506751060485839844e+00,2.454507112503051758e+00,2.405294656753540039e+00,2.358786344528198242e+00,2.314489364624023438e+00,2.272642135620117188e+00,2.232807159423828125e+00,2.195502758026123047e+00,2.160071372985839844e+00,2.126402378082275391e+00,2.094395399093627930e+00,2.063956737518310547e+00,2.035001516342163086e+00,2.007450342178344727e+00,1.981230854988098145e+00,1.956275701522827148e+00,1.932522058486938477e+00,1.909913420677185059e+00,1.888396501541137695e+00,1.867921948432922363e+00,1.848443031311035156e+00,1.829918265342712402e+00,1.812307119369506836e+00,1.795573711395263672e+00,1.779683947563171387e+00,1.764605760574340820e+00,1.750309348106384277e+00,1.736767649650573730e+00,1.723954916000366211e+00,1.711847424507141113e+00,1.700423002243041992e+00,1.689661622047424316e+00,1.679543852806091309e+00,1.670052409172058105e+00,1.661170482635498047e+00,1.652883410453796387e+00,1.645177364349365234e+00,1.638039469718933105e+00,1.631457924842834473e+00,1.625422596931457520e+00,1.619922876358032227e+00,1.614950656890869141e+00,1.610498070716857910e+00,1.606557965278625488e+00,1.603124141693115234e+00,1.600191473960876465e+00,1.597755193710327148e+00,1.595811724662780762e+00,1.594358325004577637e+00,1.593392252922058105e+00,1.592912316322326660e+00,1.592917799949645996e+00,1.593408346176147461e+00,1.594385266304016113e+00,1.595849514007568359e+00,1.597803950309753418e+00,1.600251197814941406e+00,1.603194832801818848e+00,1.606639862060546875e+00,1.610591411590576172e+00,1.615055203437805176e+00,1.620038866996765137e+00,1.625550389289855957e+00,1.631597757339477539e+00,1.638191342353820801e+00,1.645341753959655762e+00,1.653060436248779297e+00,1.661360263824462891e+00,1.670255541801452637e+00,1.679760694503784180e+00,1.689892649650573730e+00,1.700668692588806152e+00,1.712108016014099121e+00,1.724230766296386719e+00,1.737059354782104492e+00,1.750617384910583496e+00,1.764931201934814453e+00,1.780026674270629883e+00,1.795935153961181641e+00,1.812687635421752930e+00,1.830318331718444824e+00,1.848863720893859863e+00,1.868364334106445312e+00,1.888861656188964844e+00,1.909785747528076172e+00,1.897269010543823242e+00,1.849833369255065918e+00,1.805820226669311523e+00,1.763863325119018555e+00,1.724492669105529785e+00,1.687361717224121094e+00,1.652047514915466309e+00,1.618775725364685059e+00,1.587325215339660645e+00,1.557362556457519531e+00,1.529049277305603027e+00,1.502222895622253418e+00,1.477124571800231934e+00,1.453286409378051758e+00,1.430634379386901855e+00,1.409099936485290527e+00,1.388621091842651367e+00,1.369139790534973145e+00,1.350603342056274414e+00,1.332963228225708008e+00,1.316173195838928223e+00,1.300191998481750488e+00,1.284980773925781250e+00,1.270504593849182129e+00,1.256729125976562500e+00,1.243623852729797363e+00,1.231160163879394531e+00,1.219311594963073730e+00,1.208053469657897949e+00,1.197362780570983887e+00,1.187218070030212402e+00,1.177599430084228516e+00,1.168488502502441406e+00,1.159868359565734863e+00,1.151722550392150879e+00,1.144036173820495605e+00,1.136795878410339355e+00,1.129988551139831543e+00,1.123602628707885742e+00,1.117627024650573730e+00,1.112051606178283691e+00,1.106866836547851562e+00,1.102064609527587891e+00,1.097636461257934570e+00,1.093575954437255859e+00,1.089875698089599609e+00,1.086530447006225586e+00,1.083534836769104004e+00,1.080883622169494629e+00,1.078573465347290039e+00,1.076600551605224609e+00,1.074961423873901367e+00,1.073653697967529297e+00,1.072675704956054688e+00,1.072025775909423828e+00,1.071702837944030762e+00,esquerda
5.969484806060791016e+00,5.971323966979980469e+00,5.974984169006347656e+00,5.980472087860107422e+00,5.987796306610107422e+00,5.996966361999511719e+00,6.007998466491699219e+00,6.020907878875732422e+00,6.035716533660888672e+00,6.052445888519287109e+00,6.071122169494628906e+00,6.091776371002197266e+00,6.114439010620117188e+00,6.139148712158203125e+00,6.165945053100585938e+00,5.963313102722167969e+00,5.617848873138427734e+00,5.306729316711425781e+00,5.029474735260009766e+00,4.780168533325195312e+00,4.555811405181884766e+00,4.353044033050537109e+00,4.167683124542236328e+00,3.998376846313476562e+00,3.845010042190551758e+00,3.703536987304687500e+00,3.572747707366943359e+00,3.451131820678710938e+00,3.339833021163940430e+00,3.236030817031860352e+00,3.138654232025146484e+00,3.048736333847045898e+00,2.964185476303100586e+00,2.884846687316894531e+00,2.811029195785522461e+00,2.740961074829101562e+00,2.675956964492797852e+00,2.613998413085937500e+00,2.555866718292236328e+00,2.501052141189575195e+00,2.448927640914916992e+00,2.399828195571899414e+00,2.353425979614257812e+00,2.309230089187622070e+00,2.267478466033935547e+00,2.227775335311889648e+00,2.190554857254028320e+00,2.155203342437744141e+00,2.121610641479492188e+00,2.089675426483154297e+00,2.059305191040039062e+00,2.030415058135986328e+00,2.002926111221313477e+00,1.976765751838684082e+00,1.951866865158081055e+00,1.928166866302490234e+00,1.905609011650085449e+00,1.884140849113464355e+00,1.863712310791015625e+00,1.844277381896972656e+00,1.825794219970703125e+00,1.808222770690917969e+00,1.791526913642883301e+00,1.775672793388366699e+00,1.760628700256347656e+00,1.746364474296569824e+00,1.732853293418884277e+00,1.720069289207458496e+00,1.707989215850830078e+00,1.696590423583984375e+00,1.685853362083435059e+00,1.675758481025695801e+00,1.666288137435913086e+00,1.657426476478576660e+00,1.649158000946044922e+00,1.641469001770019531e+00,1.634347319602966309e+00,1.627780795097351074e+00,1.621758937835693359e+00,1.616271615028381348e+00,1.611310720443725586e+00,1.606868267059326172e+00,1.602936863899230957e+00,1.599510908126831055e+00,1.596584796905517578e+00,1.594154000282287598e+00,1.592214822769165039e+00,1.590764641761779785e+00,1.589800834655761719e+00,1.589321970939636230e+00,1.589327216148376465e+00,1.589816808700561523e+00,1.590791463851928711e+00,1.592252254486083984e+00,1.594202399253845215e+00,1.596643924713134766e+00,1.599581003189086914e+00,1.603018283843994141e+00,1.606960773468017578e+00,1.611414670944213867e+00,1.616387009620666504e+00,1.621886014938354492e+00,1.627920031547546387e+00,1.634498596191406250e+00,1.641632795333862305e+00,1.649334192276000977e+00,1.657615303993225098e+00,1.666490316390991211e+00,1.675974249839782715e+00,1.686083197593688965e+00,1.696834921836853027e+00,1.708248496055603027e+00,1.720343828201293945e+00,1.733143568038940430e+00,1.746670961380004883e+00,1.760952591896057129e+00,1.776013970375061035e+00,1.791886687278747559e+00,1.808601260185241699e+00,1.826192140579223633e+00,1.844695568084716797e+00,1.864152312278747559e+00,1.884603381156921387e+00,1.905737042427062988e+00,1.897366762161254883e+00,1.849924921989440918e+00,1.805905818939208984e+00,1.763943791389465332e+00,1.724568247795104980e+00,1.687432527542114258e+00,1.652114152908325195e+00,1.618838429450988770e+00,1.587384104728698730e+00,1.557418107986450195e+00,1.529101848602294922e+00,1.502221465110778809e+00,1.477122902870178223e+00,1.453284978866577148e+00,1.430632710456848145e+00,1.409098505973815918e+00,1.388619661331176758e+00,1.369138598442077637e+00,1.350602030754089355e+00,1.332961916923522949e+00,1.316172122955322266e+00,1.300191044807434082e+00,1.284979701042175293e+00,1.270503640174865723e+00,1.256728053092956543e+00,1.243622899055480957e+00,1.231159329414367676e+00,1.219310760498046875e+00,1.208052515983581543e+00,1.197361826896667480e+00,1.187217354774475098e+00,1.177598714828491211e+00,1.168487668037414551e+00,1.159867405891418457e+00,1.151721596717834473e+00,1.144035339355468750e+00,1.136794924736022949e+00,1.129987716674804688e+00,1.123601913452148438e+00,1.117626190185546875e+00,1.112050890922546387e+00,1.106865882873535156e+00,1.102063894271850586e+00,1.097635626792907715e+00,1.093575239181518555e+00,1.089874982833862305e+00,1.086529731750488281e+00,1.083534121513366699e+00,1.080883026123046875e+00,1.078572869300842285e+00,1.076599836349487305e+00,1.074960708618164062e+00,1.073653101921081543e+00,1.072675108909606934e+00,1.072025299072265625e+00,1.071702241897583008e+00,esquerda
5.969483852386474609e+00,5.971323013305664062e+00,5.974983692169189453e+00,5.980471611022949219e+00,5.987795352935791016e+00,5.996965408325195312e+00,6.007997512817382812e+00,6.020906925201416016e+00,6.035715103149414062e+00,6.052444458007812500e+00,6.071120738983154297e+00,6.091774940490722656e+00,6.114437580108642578e+00,6.139148235321044922e+00,6.165944576263427734e+00,5.950283527374267578e+00,5.604857921600341797e+00,5.294477939605712891e+00,5.017880439758300781e+00,4.769164562225341797e+00,4.545336723327636719e+00,4.343045711517333984e+00,4.158120155334472656e+00,3.989210128784179688e+00,3.836202383041381836e+00,3.695058345794677734e+00,3.564573049545288086e+00,3.443240165710449219e+00,3.332199573516845703e+00,3.228637933731079102e+00,3.131486892700195312e+00,3.041776895523071289e+00,2.957421541213989258e+00,2.878265142440795898e+00,2.804617643356323242e+00,2.734711647033691406e+00,2.669856548309326172e+00,2.608040571212768555e+00,2.550042629241943359e+00,2.495353937149047852e+00,2.443349123001098633e+00,2.394362211227416992e+00,2.348066091537475586e+00,2.303971767425537109e+00,2.262315511703491211e+00,2.222743272781372070e+00,2.185606956481933594e+00,2.150335073471069336e+00,2.116817951202392578e+00,2.084954977035522461e+00,2.054653406143188477e+00,2.025828838348388672e+00,1.998401880264282227e+00,1.972300529479980469e+00,1.947457909584045410e+00,1.923811435699462891e+00,1.901304483413696289e+00,1.879884719848632812e+00,1.859502315521240234e+00,1.840111136436462402e+00,1.821669936180114746e+00,1.804138183593750000e+00,1.787480235099792480e+00,1.771661877632141113e+00,1.756651639938354492e+00,1.742419600486755371e+00,1.728938937187194824e+00,1.716184020042419434e+00,1.704131007194519043e+00,1.692758083343505859e+00,1.682045102119445801e+00,1.671972990036010742e+00,1.662524342536926270e+00,1.653682351112365723e+00,1.645432591438293457e+00,1.637761354446411133e+00,1.630655407905578613e+00,1.624103784561157227e+00,1.618095517158508301e+00,1.612620711326599121e+00,1.607671022415161133e+00,1.603238463401794434e+00,1.599316120147705078e+00,1.595897912979125977e+00,1.592978239059448242e+00,1.590553045272827148e+00,1.588618278503417969e+00,1.587171316146850586e+00,1.586209654808044434e+00,1.585731863975524902e+00,1.585737109184265137e+00,1.586225628852844238e+00,1.587198138236999512e+00,1.588655710220336914e+00,1.590601325035095215e+00,1.593037366867065430e+00,1.595967888832092285e+00,1.599397301673889160e+00,1.603330850601196289e+00,1.607774734497070312e+00,1.612735867500305176e+00,1.618222475051879883e+00,1.624242782592773438e+00,1.630806446075439453e+00,1.637924432754516602e+00,1.645608663558959961e+00,1.653870820999145508e+00,1.662725925445556641e+00,1.672188401222229004e+00,1.682274460792541504e+00,1.693002104759216309e+00,1.704389810562133789e+00,1.716457724571228027e+00,1.729228615760803223e+00,1.742725372314453125e+00,1.756974697113037109e+00,1.772001981735229492e+00,1.787838935852050781e+00,1.804515838623046875e+00,1.822066903114318848e+00,1.840528726577758789e+00,1.859941244125366211e+00,1.880346298217773438e+00,1.901681184768676758e+00,1.897327661514282227e+00,1.849888205528259277e+00,1.805871963500976562e+00,1.763912200927734375e+00,1.724538803100585938e+00,1.687405347824096680e+00,1.652088880538940430e+00,1.618814945220947266e+00,1.587362289428710938e+00,1.557397723197937012e+00,1.529082775115966797e+00,1.502221941947937012e+00,1.477123379707336426e+00,1.453285336494445801e+00,1.430633187294006348e+00,1.409098744392395020e+00,1.388620018959045410e+00,1.369138956069946289e+00,1.350602269172668457e+00,1.332962274551391602e+00,1.316172480583190918e+00,1.300191283226013184e+00,1.284980058670043945e+00,1.270503878593444824e+00,1.256728410720825195e+00,1.243623137474060059e+00,1.231159448623657227e+00,1.219310879707336426e+00,1.208052754402160645e+00,1.197361946105957031e+00,1.187217473983764648e+00,1.177599072456359863e+00,1.168488025665283203e+00,1.159867763519287109e+00,1.151721835136413574e+00,1.144035577774047852e+00,1.136795282363891602e+00,1.129988074302673340e+00,1.123602151870727539e+00,1.117626547813415527e+00,1.112051129341125488e+00,1.106866359710693359e+00,1.102064132690429688e+00,1.097636103630065918e+00,1.093575477600097656e+00,1.089875221252441406e+00,1.086529970169067383e+00,1.083534359931945801e+00,1.080883264541625977e+00,1.078573107719421387e+00,1.076600074768066406e+00,1.074960947036743164e+00,1.073653340339660645e+00,1.072675347328186035e+00,1.072025418281555176e+00,1.071702480316162109e+00,esquerda
5.969486236572265625e+00,5.971324920654296875e+00,5.974985122680664062e+00,5.980473041534423828e+00,5.987797260284423828e+00,5.996967315673828125e+00,6.007999420166015625e+00,6.020908832550048828e+00,6.035717487335205078e+00,6.052446842193603516e+00,6.071123123168945312e+00,6.091777324676513672e+00,6.114439964294433594e+00,6.139150142669677734e+00,6.165946006774902344e+00,5.937732696533203125e+00,5.592273235321044922e+00,5.282546520233154297e+00,5.006535530090332031e+00,4.758349418640136719e+00,4.535001277923583984e+00,4.333146095275878906e+00,4.148621082305908203e+00,3.980077505111694336e+00,3.827404975891113281e+00,3.686582565307617188e+00,3.556401252746582031e+00,3.435350656509399414e+00,3.324568033218383789e+00,3.221246957778930664e+00,3.124321222305297852e+00,3.034818410873413086e+00,2.950658559799194336e+00,2.871685743331909180e+00,2.798208236694335938e+00,2.728463172912597656e+00,2.663758039474487305e+00,2.602084875106811523e+00,2.544220447540283203e+00,2.489657402038574219e+00,2.437772274017333984e+00,2.388897418975830078e+00,2.342707633972167969e+00,2.298714399337768555e+00,2.257153511047363281e+00,2.217709302902221680e+00,2.180657386779785156e+00,2.145465373992919922e+00,2.112024307250976562e+00,2.080233335494995117e+00,2.050000429153442383e+00,2.021240949630737305e+00,1.993876218795776367e+00,1.967833995819091797e+00,1.943047642707824707e+00,1.919454693794250488e+00,1.896998763084411621e+00,1.875627398490905762e+00,1.855291128158569336e+00,1.835944175720214844e+00,1.817544460296630859e+00,1.800052523612976074e+00,1.783432364463806152e+00,1.767649769783020020e+00,1.752673506736755371e+00,1.738473653793334961e+00,1.725023508071899414e+00,1.712297439575195312e+00,1.700271964073181152e+00,1.688924670219421387e+00,1.678236007690429688e+00,1.668186664581298828e+00,1.658759236335754395e+00,1.649937510490417480e+00,1.641706228256225586e+00,1.634052395820617676e+00,1.626962780952453613e+00,1.620425939559936523e+00,1.614431262016296387e+00,1.608968734741210938e+00,1.604030251502990723e+00,1.599607825279235840e+00,1.595694184303283691e+00,1.592283606529235840e+00,1.589370727539062500e+00,1.586950898170471191e+00,1.585020661354064941e+00,1.583576917648315430e+00,1.582617402076721191e+00,1.582140684127807617e+00,1.582145929336547852e+00,1.582633376121520996e+00,1.583603620529174805e+00,1.585057854652404785e+00,1.586999058723449707e+00,1.589429736137390137e+00,1.592353582382202148e+00,1.595775246620178223e+00,1.599699974060058594e+00,1.604133605957031250e+00,1.609083533287048340e+00,1.614557743072509766e+00,1.620564341545104980e+00,1.627113103866577148e+00,1.634215235710144043e+00,1.641881942749023438e+00,1.650125622749328613e+00,1.658960580825805664e+00,1.668401598930358887e+00,1.678464889526367188e+00,1.689167976379394531e+00,1.700529932975769043e+00,1.712570548057556152e+00,1.725312352180480957e+00,1.738778829574584961e+00,1.752995848655700684e+00,1.767989277839660645e+00,1.783790111541748047e+00,1.800429344177246094e+00,1.817940711975097656e+00,1.836360573768615723e+00,1.855729341506958008e+00,1.876088023185729980e+00,1.897482872009277344e+00,1.896098852157592773e+00,1.849826693534851074e+00,1.805814027786254883e+00,1.763857603073120117e+00,1.724487304687500000e+00,1.687356591224670410e+00,1.652043104171752930e+00,1.618771791458129883e+00,1.587321519851684570e+00,1.557359099388122559e+00,1.529046297073364258e+00,1.502220034599304199e+00,1.477121591567993164e+00,1.453283548355102539e+00,1.430631518363952637e+00,1.409097075462341309e+00,1.388618350028991699e+00,1.369137287139892578e+00,1.350600838661193848e+00,1.332960724830627441e+00,1.316170692443847656e+00,1.300189733505249023e+00,1.284978389739990234e+00,1.270502328872680664e+00,1.256726861000061035e+00,1.243621468544006348e+00,1.231158018112182617e+00,1.219309568405151367e+00,1.208051204681396484e+00,1.197360634803771973e+00,1.187215924263000488e+00,1.177597284317016602e+00,1.168486475944519043e+00,1.159866213798522949e+00,1.151720285415649414e+00,1.144034028053283691e+00,1.136793613433837891e+00,1.129986524581909180e+00,1.123600482940673828e+00,1.117625117301940918e+00,1.112049341201782227e+00,1.106864809989929199e+00,1.102062463760375977e+00,1.097634434700012207e+00,1.093573808670043945e+00,1.089873552322387695e+00,1.086528301239013672e+00,1.083532691001892090e+00,1.080881595611572266e+00,1.078571438789367676e+00,1.076598405838012695e+00,1.074959158897399902e+00,1.073651671409606934e+00,1.072673678398132324e+00,1.072023749351501465e+00,1.071700811386108398e+00,esquerda
5.969486713409423828e+00,5.971325397491455078e+00,5.974985599517822266e+00,5.980473995208740234e+00,5.987797737121582031e+00,5.996967792510986328e+00,6.007999897003173828e+00,6.020909786224365234e+00,6.035718441009521484e+00,6.052447319030761719e+00,6.071124076843261719e+00,6.091777801513671875e+00,6.114440441131591797e+00,6.139150619506835938e+00,6.165946483612060547e+00,5.925633907318115234e+00,5.580194950103759766e+00,5.271142959594726562e+00,4.995733261108398438e+00,4.748086929321289062e+00,4.525224208831787109e+00,4.323807716369628906e+00,4.139681816101074219e+00,3.971503973007202148e+00,3.819160223007202148e+00,3.678629398345947266e+00,3.548711776733398438e+00,3.427906990051269531e+00,3.317350864410400391e+00,3.214240789413452148e+00,3.117514133453369141e+00,3.028195619583129883e+00,2.944209098815917969e+00,2.865399360656738281e+00,2.792073726654052734e+00,2.722473382949829102e+00,2.657902956008911133e+00,2.596357583999633789e+00,2.538613796234130859e+00,2.484164476394653320e+00,2.432387828826904297e+00,2.383614778518676758e+00,2.337521791458129883e+00,2.293620586395263672e+00,2.252146482467651367e+00,2.212678432464599609e+00,2.175710439682006836e+00,2.140598297119140625e+00,2.107233047485351562e+00,2.075514316558837891e+00,2.045350074768066406e+00,2.016655921936035156e+00,1.989353060722351074e+00,1.963369965553283691e+00,1.938639760017395020e+00,1.915100455284118652e+00,1.892695307731628418e+00,1.871372818946838379e+00,1.851082563400268555e+00,1.831779122352600098e+00,1.813421607017517090e+00,1.795969128608703613e+00,1.779386639595031738e+00,1.763639807701110840e+00,1.748697519302368164e+00,1.734529972076416016e+00,1.721110343933105469e+00,1.708413124084472656e+00,1.696414709091186523e+00,1.685093522071838379e+00,1.674428939819335938e+00,1.664402365684509277e+00,1.654996275901794434e+00,1.646194458007812500e+00,1.637982368469238281e+00,1.630345582962036133e+00,1.623271942138671875e+00,1.616750001907348633e+00,1.610768795013427734e+00,1.605318903923034668e+00,1.600391507148742676e+00,1.595978975296020508e+00,1.592074275016784668e+00,1.588671445846557617e+00,1.585765123367309570e+00,1.583351016044616699e+00,1.581425070762634277e+00,1.579984545707702637e+00,1.579027295112609863e+00,1.578551530838012695e+00,1.578556895256042480e+00,1.579043269157409668e+00,1.580011129379272461e+00,1.581462144851684570e+00,1.583398938179016113e+00,1.585824131965637207e+00,1.588741421699523926e+00,1.592155218124389648e+00,1.596071004867553711e+00,1.600494623184204102e+00,1.605433225631713867e+00,1.610895037651062012e+00,1.616888165473937988e+00,1.623422145843505859e+00,1.630508065223693848e+00,1.638157367706298828e+00,1.646382212638854980e+00,1.655197262763977051e+00,1.664616823196411133e+00,1.674657225608825684e+00,1.685336232185363770e+00,1.696672439575195312e+00,1.708685755729675293e+00,1.721398591995239258e+00,1.734834432601928711e+00,1.749019145965576172e+00,1.763978481292724609e+00,1.779743671417236328e+00,1.796345114707946777e+00,1.813816666603088379e+00,1.832194924354553223e+00,1.851519703865051270e+00,1.871832251548767090e+00,1.893178343772888184e+00,1.894008159637451172e+00,1.849829316139221191e+00,1.805814743041992188e+00,1.763856649398803711e+00,1.724484801292419434e+00,1.687352657318115234e+00,1.652037501335144043e+00,1.618764877319335938e+00,1.587313294410705566e+00,1.557349920272827148e+00,1.529036164283752441e+00,1.502219200134277344e+00,1.477120518684387207e+00,1.453282594680786133e+00,1.430630564689636230e+00,1.409096121788024902e+00,1.388617396354675293e+00,1.369136333465576172e+00,1.350599884986877441e+00,1.332959771156311035e+00,1.316169857978820801e+00,1.300188660621643066e+00,1.284977674484252930e+00,1.270501375198364258e+00,1.256725907325744629e+00,1.243620634078979492e+00,1.231157064437866211e+00,1.219308733940124512e+00,1.208050370216369629e+00,1.197359800338745117e+00,1.187215209007263184e+00,1.177596569061279297e+00,1.168485641479492188e+00,1.159865379333496094e+00,1.151719570159912109e+00,1.144033312797546387e+00,1.136792778968811035e+00,1.129985809326171875e+00,1.123599648475646973e+00,1.117624282836914062e+00,1.112048625946044922e+00,1.106864094734191895e+00,1.102061867713928223e+00,1.097633719444274902e+00,1.093573093414306641e+00,1.089872956275939941e+00,1.086527705192565918e+00,1.083532094955444336e+00,1.080880999565124512e+00,1.078570842742919922e+00,1.076597809791564941e+00,1.074958562850952148e+00,1.073650956153869629e+00,1.072673082351684570e+00,1.072023153305053711e+00,1.071700096130371094e+00,esquerda
5.969486236572265625e+00,5.971325397491455078e+00,5.974985599517822266e+00,5.980473995208740234e+00,5.987797260284423828e+00,5.996967315673828125e+00,6.007999420166015625e+00,6.020909309387207031e+00,6.035717487335205078e+00,6.052446365356445312e+00,6.071123123168945312e+00,6.091776847839355469e+00,6.114439964294433594e+00,6.139150619506835938e+00,6.165946483612060547e+00,5.912589073181152344e+00,5.567186832427978516e+00,5.258874893188476562e+00,4.984121322631835938e+00,4.737062931060791016e+00,4.514729022979736328e+00,4.313789367675781250e+00,4.130098819732666016e+00,3.962317705154418945e+00,3.810332536697387695e+00,3.670132398605346680e+00,3.540520668029785156e+00,3.419999599456787109e+00,3.309702634811401367e+00,3.206834316253662109e+00,3.110333442687988281e+00,3.021224260330200195e+00,2.937433719635009766e+00,2.858807325363159180e+00,2.785653114318847656e+00,2.716215133666992188e+00,2.651794195175170898e+00,2.590391874313354492e+00,2.532782077789306641e+00,2.478459358215332031e+00,2.426802396774291992e+00,2.378142595291137695e+00,2.332155942916870117e+00,2.288356065750122070e+00,2.246977806091308594e+00,2.207644939422607422e+00,2.170760631561279297e+00,2.135728597640991211e+00,2.102439165115356445e+00,2.070792913436889648e+00,2.040696859359741211e+00,2.012068033218383789e+00,1.984827399253845215e+00,1.958903312683105469e+00,1.934229612350463867e+00,1.910743594169616699e+00,1.888389706611633301e+00,1.867115259170532227e+00,1.846871376037597656e+00,1.827612161636352539e+00,1.809296011924743652e+00,1.791883230209350586e+00,1.775338649749755859e+00,1.759627699851989746e+00,1.744719266891479492e+00,1.730584144592285156e+00,1.717195034027099609e+00,1.704526424407958984e+00,1.692555546760559082e+00,1.681259870529174805e+00,1.670619606971740723e+00,1.660615921020507812e+00,1.651231408119201660e+00,1.642449617385864258e+00,1.634255886077880859e+00,1.626636743545532227e+00,1.619579195976257324e+00,1.613071918487548828e+00,1.607104539871215820e+00,1.601666927337646484e+00,1.596750736236572266e+00,1.592348337173461914e+00,1.588452458381652832e+00,1.585057497024536133e+00,1.582157731056213379e+00,1.579748988151550293e+00,1.577827334403991699e+00,1.576390266418457031e+00,1.575435042381286621e+00,1.574960470199584961e+00,1.574965834617614746e+00,1.575450897216796875e+00,1.576416850090026855e+00,1.577864527702331543e+00,1.579796910285949707e+00,1.582216501235961914e+00,1.585126996040344238e+00,1.588533163070678711e+00,1.592440009117126465e+00,1.596853613853454590e+00,1.601781010627746582e+00,1.607230544090270996e+00,1.613209843635559082e+00,1.619728922843933105e+00,1.626798629760742188e+00,1.634430646896362305e+00,1.642636775970458984e+00,1.651431679725646973e+00,1.660829901695251465e+00,1.670847535133361816e+00,1.681502103805541992e+00,1.692812561988830566e+00,1.704798460006713867e+00,1.717482566833496094e+00,1.730887770652770996e+00,1.745040059089660645e+00,1.759965658187866211e+00,1.775694727897644043e+00,1.792258620262145996e+00,1.809690356254577637e+00,1.828026652336120605e+00,1.847307682037353516e+00,1.867573976516723633e+00,1.888871550559997559e+00,1.891914486885070801e+00,1.849830389022827148e+00,1.805816888809204102e+00,1.763859629631042480e+00,1.724488735198974609e+00,1.687357425689697266e+00,1.652042984962463379e+00,1.618770956993103027e+00,1.587320089340209961e+00,1.557357311248779297e+00,1.529043793678283691e+00,1.502218961715698242e+00,1.477120399475097656e+00,1.453282475471496582e+00,1.430630326271057129e+00,1.409096002578735352e+00,1.388617396354675293e+00,1.369136333465576172e+00,1.350599765777587891e+00,1.332959771156311035e+00,1.316169857978820801e+00,1.300188660621643066e+00,1.284977674484252930e+00,1.270501375198364258e+00,1.256725907325744629e+00,1.243620753288269043e+00,1.231157302856445312e+00,1.219308733940124512e+00,1.208050489425659180e+00,1.197359800338745117e+00,1.187215328216552734e+00,1.177596688270568848e+00,1.168485999107360840e+00,1.159865498542785645e+00,1.151719689369201660e+00,1.144033432006835938e+00,1.136793017387390137e+00,1.129986047744750977e+00,1.123599886894226074e+00,1.117624521255493164e+00,1.112048864364624023e+00,1.106864333152770996e+00,1.102061986923217773e+00,1.097633957862854004e+00,1.093573331832885742e+00,1.089873194694519043e+00,1.086527943611145020e+00,1.083532452583312988e+00,1.080881357192993164e+00,1.078571081161499023e+00,1.076598048210144043e+00,1.074958801269531250e+00,1.073651313781738281e+00,1.072673320770263672e+00,1.072023391723632812e+00,1.071700453758239746e+00,esquerda
5.969488143920898438e+00,5.971327304840087891e+00,5.974987506866455078e+00,5.980475425720214844e+00,5.987799167633056641e+00,5.996969699859619141e+00,6.008001804351806641e+00,6.020911216735839844e+00,6.035719871520996094e+00,6.052449226379394531e+00,6.071125507354736328e+00,6.091779232025146484e+00,6.114441871643066406e+00,6.139152050018310547e+00,6.165948390960693359e+00,5.899583816528320312e+00,5.554218292236328125e+00,5.246641635894775391e+00,4.972541332244873047e+00,4.726070880889892578e+00,4.504263401031494141e+00,4.303798675537109375e+00,4.120541095733642578e+00,3.953155517578125000e+00,3.801527738571166992e+00,3.661656618118286133e+00,3.532348871231079102e+00,3.412109851837158203e+00,3.302071094512939453e+00,3.199443101882934570e+00,3.103167772293090820e+00,3.014266252517700195e+00,2.930670738220214844e+00,2.852227926254272461e+00,2.779243946075439453e+00,2.709966897964477539e+00,2.645695924758911133e+00,2.584435939788818359e+00,2.526959657669067383e+00,2.472762346267700195e+00,2.421225309371948242e+00,2.372677564620971680e+00,2.326797723770141602e+00,2.283098459243774414e+00,2.241816043853759766e+00,2.202615499496459961e+00,2.165815353393554688e+00,2.130862951278686523e+00,2.097649574279785156e+00,2.066074848175048828e+00,2.036047935485839844e+00,2.007484197616577148e+00,1.980305790901184082e+00,1.954440712928771973e+00,1.929823040962219238e+00,1.906390666961669922e+00,1.884087681770324707e+00,1.862861633300781250e+00,1.842664122581481934e+00,1.823448300361633301e+00,1.805174231529235840e+00,1.787801146507263184e+00,1.771294116973876953e+00,1.755618929862976074e+00,1.740744590759277344e+00,1.726641416549682617e+00,1.713282823562622070e+00,1.700643420219421387e+00,1.688699603080749512e+00,1.677429795265197754e+00,1.666813611984252930e+00,1.656832814216613770e+00,1.647469639778137207e+00,1.638707756996154785e+00,1.630532741546630859e+00,1.622931003570556641e+00,1.615889549255371094e+00,1.609397172927856445e+00,1.603443145751953125e+00,1.598017930984497070e+00,1.593113183975219727e+00,1.588720560073852539e+00,1.584833741188049316e+00,1.581446528434753418e+00,1.578553318977355957e+00,1.576150059700012207e+00,1.574232816696166992e+00,1.572798967361450195e+00,1.571845889091491699e+00,1.571372509002685547e+00,1.571377754211425781e+00,1.571861863136291504e+00,1.572825431823730469e+00,1.574269890785217285e+00,1.576197862625122070e+00,1.578611969947814941e+00,1.581515789031982422e+00,1.584914326667785645e+00,1.588812232017517090e+00,1.593215703964233398e+00,1.598132014274597168e+00,1.603568911552429199e+00,1.609534621238708496e+00,1.616039037704467773e+00,1.623092651367187500e+00,1.630707025527954102e+00,1.638894677162170410e+00,1.647669553756713867e+00,1.657046318054199219e+00,1.667041063308715820e+00,1.677671432495117188e+00,1.688956141471862793e+00,1.700914621353149414e+00,1.713569760322570801e+00,1.726944565773010254e+00,1.741064786911010742e+00,1.755956172943115234e+00,1.771649479866027832e+00,1.788175344467163086e+00,1.805567622184753418e+00,1.823862195014953613e+00,1.843099117279052734e+00,1.863319158554077148e+00,1.884568452835083008e+00,1.889847755432128906e+00,1.849876642227172852e+00,1.805859208106994629e+00,1.763898491859436035e+00,1.724524378776550293e+00,1.687390208244323730e+00,1.652072906494140625e+00,1.618798494338989258e+00,1.587345242500305176e+00,1.557380199432373047e+00,1.529064893722534180e+00,1.502216696739196777e+00,1.477118134498596191e+00,1.453280329704284668e+00,1.430628180503845215e+00,1.409093737602233887e+00,1.388615250587463379e+00,1.369134306907653809e+00,1.350597739219665527e+00,1.332957744598388672e+00,1.316167712211608887e+00,1.300186753273010254e+00,1.284975767135620117e+00,1.270499348640441895e+00,1.256723880767822266e+00,1.243618965148925781e+00,1.231155395507812500e+00,1.219306826591491699e+00,1.208048582077026367e+00,1.197358012199401855e+00,1.187213420867919922e+00,1.177594900131225586e+00,1.168484091758728027e+00,1.159863710403442383e+00,1.151717901229858398e+00,1.144031643867492676e+00,1.136791229248046875e+00,1.129984259605407715e+00,1.123598217964172363e+00,1.117622852325439453e+00,1.112047195434570312e+00,1.106862664222717285e+00,1.102060198783874512e+00,1.097632288932800293e+00,1.093571662902832031e+00,1.089871525764465332e+00,1.086526274681091309e+00,1.083530545234680176e+00,1.080879569053649902e+00,1.078569412231445312e+00,1.076596379280090332e+00,1.074957132339477539e+00,1.073649644851684570e+00,1.072671771049499512e+00,1.072021842002868652e+00,1.071698904037475586e+00,esquerda
5.969488620758056641e+00,5.971327781677246094e+00,5.974987983703613281e+00,5.980475902557373047e+00,5.987800121307373047e+00,5.996970176696777344e+00,6.008002281188964844e+00,6.020911693572998047e+00,6.035720348358154297e+00,6.052449703216552734e+00,6.071125984191894531e+00,6.091779708862304688e+00,6.114442825317382812e+00,6.139152526855468750e+00,6.165948867797851562e+00,5.887917041778564453e+00,5.542506217956542969e+00,5.235525608062744141e+00,4.961961746215820312e+00,4.715976715087890625e+00,4.494609355926513672e+00,4.294544696807861328e+00,4.111656188964843750e+00,3.944608449935913086e+00,3.793287754058837891e+00,3.653701782226562500e+00,3.524657487869262695e+00,3.404665231704711914e+00,3.294851779937744141e+00,3.192435741424560547e+00,3.096359014511108398e+00,3.007641553878784180e+00,2.924219846725463867e+00,2.845940113067626953e+00,2.773108243942260742e+00,2.703975677490234375e+00,2.639838933944702148e+00,2.578707456588745117e+00,2.521351814270019531e+00,2.467268466949462891e+00,2.415839433670043945e+00,2.367394208908081055e+00,2.321610689163208008e+00,2.278003692626953125e+00,2.236808061599731445e+00,2.197580575942993164e+00,2.160864591598510742e+00,2.125992298126220703e+00,2.092854738235473633e+00,2.061352491378784180e+00,2.031393766403198242e+00,2.002895355224609375e+00,1.975779056549072266e+00,1.949972987174987793e+00,1.925411701202392578e+00,1.902032971382141113e+00,1.879780769348144531e+00,1.858603477478027344e+00,1.838451862335205078e+00,1.819280266761779785e+00,1.801047801971435547e+00,1.783714413642883301e+00,1.767245173454284668e+00,1.751605868339538574e+00,1.736765623092651367e+00,1.722694516181945801e+00,1.709366679191589355e+00,1.696755886077880859e+00,1.684839487075805664e+00,1.673595309257507324e+00,1.663003563880920410e+00,1.653045535087585449e+00,1.643703818321228027e+00,1.634961962699890137e+00,1.626805543899536133e+00,1.619221091270446777e+00,1.612195730209350586e+00,1.605718255043029785e+00,1.599777936935424805e+00,1.594365119934082031e+00,1.589471340179443359e+00,1.585088968276977539e+00,1.581211090087890625e+00,1.577831506729125977e+00,1.574944972991943359e+00,1.572547316551208496e+00,1.570634365081787109e+00,1.569203734397888184e+00,1.568253040313720703e+00,1.567780613899230957e+00,1.567785859107971191e+00,1.568268775939941406e+00,1.569230079650878906e+00,1.570671319961547852e+00,1.572594881057739258e+00,1.575003385543823242e+00,1.577900648117065430e+00,1.581291317939758301e+00,1.585180401802062988e+00,1.589573860168457031e+00,1.594478726387023926e+00,1.599903345108032227e+00,1.605855464935302734e+00,1.612344980239868164e+00,1.619382619857788086e+00,1.626979589462280273e+00,1.635148286819458008e+00,1.643903255462646484e+00,1.653258442878723145e+00,1.663230419158935547e+00,1.673836588859558105e+00,1.685095429420471191e+00,1.697026729583740234e+00,1.709652900695800781e+00,1.722997069358825684e+00,1.737084984779357910e+00,1.751942276954650879e+00,1.767599701881408691e+00,1.784087777137756348e+00,1.801440358161926270e+00,1.819693207740783691e+00,1.838886022567749023e+00,1.859059929847717285e+00,1.880260586738586426e+00,1.887747049331665039e+00,1.849864959716796875e+00,1.805849313735961914e+00,1.763890147209167480e+00,1.724517345428466797e+00,1.687384486198425293e+00,1.652068376541137695e+00,1.618795037269592285e+00,1.587342739105224609e+00,1.557378888130187988e+00,1.529064178466796875e+00,1.502216219902038574e+00,1.477117657661437988e+00,1.453279852867126465e+00,1.430627703666687012e+00,1.409093499183654785e+00,1.388614773750305176e+00,1.369133949279785156e+00,1.350597381591796875e+00,1.332957267761230469e+00,1.316167116165161133e+00,1.300186395645141602e+00,1.284975290298461914e+00,1.270498752593994141e+00,1.256723523139953613e+00,1.243618369102478027e+00,1.231154799461364746e+00,1.219306349754333496e+00,1.208048224449157715e+00,1.197357416152954102e+00,1.187212944030761719e+00,1.177594423294067383e+00,1.168483376502990723e+00,1.159863114356994629e+00,1.151717305183410645e+00,1.144031047821044922e+00,1.136790633201599121e+00,1.129983544349670410e+00,1.123597502708435059e+00,1.117622017860412598e+00,1.112046599388122559e+00,1.106861948966979980e+00,1.102059602737426758e+00,1.097631573677062988e+00,1.093570947647094727e+00,1.089870810508728027e+00,1.086525559425354004e+00,1.083529829978942871e+00,1.080878853797912598e+00,1.078568696975708008e+00,1.076595664024353027e+00,1.074956417083740234e+00,1.073648929595947266e+00,1.072670936584472656e+00,1.072021007537841797e+00,1.071698069572448730e+00,esquerda
5.969490051269531250e+00,5.971328735351562500e+00,5.974988937377929688e+00,5.980476856231689453e+00,5.987801074981689453e+00,5.996971130371093750e+00,6.008003234863281250e+00,6.020912647247314453e+00,6.035721302032470703e+00,6.052450656890869141e+00,6.071126937866210938e+00,6.091780662536621094e+00,6.114443778991699219e+00,6.139153957366943359e+00,6.165949821472167969e+00,5.874911308288574219e+00,5.529535293579101562e+00,5.223290920257568359e+00,4.950381278991699219e+00,4.704982757568359375e+00,4.484142303466796875e+00,4.284553050994873047e+00,4.102097988128662109e+00,3.935445070266723633e+00,3.784482002258300781e+00,3.645224809646606445e+00,3.516484737396240234e+00,3.396774530410766602e+00,3.287219762802124023e+00,3.185043573379516602e+00,3.089192390441894531e+00,3.000683069229125977e+00,2.917456388473510742e+00,2.839359998703002930e+00,2.766697883605957031e+00,2.697726726531982422e+00,2.633739948272705078e+00,2.572751045227050781e+00,2.515528678894042969e+00,2.461571216583251953e+00,2.410261631011962891e+00,2.361928701400756836e+00,2.316251516342163086e+00,2.272745847702026367e+00,2.231645822525024414e+00,2.192547082901000977e+00,2.155915260314941406e+00,2.121122360229492188e+00,2.088060855865478516e+00,2.056630611419677734e+00,2.026741027832031250e+00,1.998307704925537109e+00,1.971253514289855957e+00,1.945506572723388672e+00,1.921001434326171875e+00,1.897676229476928711e+00,1.875475049018859863e+00,1.854346275329589844e+00,1.834240913391113281e+00,1.815113186836242676e+00,1.796922445297241211e+00,1.779628872871398926e+00,1.763197183609008789e+00,1.747593760490417480e+00,1.732787489891052246e+00,1.718748807907104492e+00,1.705451130867004395e+00,1.692869544029235840e+00,1.680980324745178223e+00,1.669761896133422852e+00,1.659194469451904297e+00,1.649259209632873535e+00,1.639938831329345703e+00,1.631217002868652344e+00,1.623079419136047363e+00,1.615512251853942871e+00,1.608502984046936035e+00,1.602040290832519531e+00,1.596113562583923340e+00,1.590713143348693848e+00,1.585830688476562500e+00,1.581458330154418945e+00,1.577589273452758789e+00,1.574217438697814941e+00,1.571337461471557617e+00,1.568945169448852539e+00,1.567036628723144531e+00,1.565609335899353027e+00,1.564660787582397461e+00,1.564189553260803223e+00,1.564194798469543457e+00,1.564676523208618164e+00,1.565635800361633301e+00,1.567073583602905273e+00,1.568992853164672852e+00,1.571395754814147949e+00,1.574286460876464844e+00,1.577669382095336914e+00,1.581549525260925293e+00,1.585932970046997070e+00,1.590826511383056641e+00,1.596238732337951660e+00,1.602177143096923828e+00,1.608651876449584961e+00,1.615673303604125977e+00,1.623252987861633301e+00,1.631403088569641113e+00,1.640137791633605957e+00,1.649471640586853027e+00,1.659420847892761230e+00,1.670002579689025879e+00,1.681235671043395996e+00,1.693139672279357910e+00,1.705736994743347168e+00,1.719050526618957520e+00,1.733106017112731934e+00,1.747929453849792480e+00,1.763550996780395508e+00,1.780001401901245117e+00,1.797314167022705078e+00,1.815525054931640625e+00,1.834674000740051270e+00,1.854801774024963379e+00,1.875953674316406250e+00,1.885646462440490723e+00,1.849853038787841797e+00,1.805839061737060547e+00,1.763881564140319824e+00,1.724510073661804199e+00,1.687378406524658203e+00,1.652063608169555664e+00,1.618791222572326660e+00,1.587339997291564941e+00,1.557376861572265625e+00,1.529063224792480469e+00,1.502214789390563965e+00,1.477116107940673828e+00,1.453278422355651855e+00,1.430626273155212402e+00,1.409091830253601074e+00,1.388613343238830566e+00,1.369132518768310547e+00,1.350596189498901367e+00,1.332955956459045410e+00,1.316166043281555176e+00,1.300185084342956543e+00,1.284974098205566406e+00,1.270497798919677734e+00,1.256722211837768555e+00,1.243617296218872070e+00,1.231153726577758789e+00,1.219305276870727539e+00,1.208047151565551758e+00,1.197356343269348145e+00,1.187211871147155762e+00,1.177593469619750977e+00,1.168482422828674316e+00,1.159862279891967773e+00,1.151716470718383789e+00,1.144030094146728516e+00,1.136789917945861816e+00,1.129982709884643555e+00,1.123596787452697754e+00,1.117621302604675293e+00,1.112045764923095703e+00,1.106861114501953125e+00,1.102059006690979004e+00,1.097630858421325684e+00,1.093570232391357422e+00,1.089870095252990723e+00,1.086524844169616699e+00,1.083529114723205566e+00,1.080878138542175293e+00,1.078567981719970703e+00,1.076595067977905273e+00,1.074955701828002930e+00,1.073648214340209961e+00,1.072670221328735352e+00,1.072020411491394043e+00,1.071697473526000977e+00,esquerda
5.969488620758056641e+00,5.971327781677246094e+00,5.974988460540771484e+00,5.980476379394531250e+00,5.987800121307373047e+00,5.996970176696777344e+00,6.008002281188964844e+00,6.020911693572998047e+00,6.035720348358154297e+00,6.052449226379394531e+00,6.071125507354736328e+00,6.091779708862304688e+00,6.114442825317382812e+00,6.139153003692626953e+00,6.165949344635009766e+00,5.861905097961425781e+00,5.516565799713134766e+00,5.211056709289550781e+00,4.938801765441894531e+00,4.693989753723144531e+00,4.473675727844238281e+00,4.274561405181884766e+00,4.092540264129638672e+00,3.926282644271850586e+00,3.775677204132080078e+00,3.636748790740966797e+00,3.508312463760375977e+00,3.388885021209716797e+00,3.279588222503662109e+00,3.177652597427368164e+00,3.082026720046997070e+00,2.993724822998046875e+00,2.910693645477294922e+00,2.832779884338378906e+00,2.760288238525390625e+00,2.691478490829467773e+00,2.627641439437866211e+00,2.566794633865356445e+00,2.509705781936645508e+00,2.455874204635620117e+00,2.404684066772460938e+00,2.356463909149169922e+00,2.310893058776855469e+00,2.267488241195678711e+00,2.226483583450317383e+00,2.187517642974853516e+00,2.150969743728637695e+00,2.116256952285766602e+00,2.083271265029907227e+00,2.051913022994995117e+00,2.022091865539550781e+00,1.993723869323730469e+00,1.966731548309326172e+00,1.941043853759765625e+00,1.916594862937927246e+00,1.893323302268981934e+00,1.871173024177551270e+00,1.850092649459838867e+00,1.830033421516418457e+00,1.810949444770812988e+00,1.792800426483154297e+00,1.775546550750732422e+00,1.759152770042419434e+00,1.743585109710693359e+00,1.728812694549560547e+00,1.714806199073791504e+00,1.701539158821105957e+00,1.688986182212829590e+00,1.677124381065368652e+00,1.665931582450866699e+00,1.655388355255126953e+00,1.645475983619689941e+00,1.636177062988281250e+00,1.627475142478942871e+00,1.619356274604797363e+00,1.611806511878967285e+00,1.604813337326049805e+00,1.598365426063537598e+00,1.592452287673950195e+00,1.587064266204833984e+00,1.582192897796630859e+00,1.577830672264099121e+00,1.573970437049865723e+00,1.570606350898742676e+00,1.567733049392700195e+00,1.565346240997314453e+00,1.563442111015319824e+00,1.562018156051635742e+00,1.561071753501892090e+00,1.560601472854614258e+00,1.560606598854064941e+00,1.561087369918823242e+00,1.562044501304626465e+00,1.563478946685791016e+00,1.565393805503845215e+00,1.567791342735290527e+00,1.570675373077392578e+00,1.574050307273864746e+00,1.577921509742736816e+00,1.582294940948486328e+00,1.587177515029907227e+00,1.592577219009399414e+00,1.598502039909362793e+00,1.604961752891540527e+00,1.611966967582702637e+00,1.619529485702514648e+00,1.627660751342773438e+00,1.636375546455383301e+00,1.645687937736511230e+00,1.655614256858825684e+00,1.666171789169311523e+00,1.677379131317138672e+00,1.689255714416503906e+00,1.701824069023132324e+00,1.715107202529907227e+00,1.729130625724792480e+00,1.743919849395751953e+00,1.759505629539489746e+00,1.775918245315551758e+00,1.793191313743591309e+00,1.811360478401184082e+00,1.830465555191040039e+00,1.850547075271606445e+00,1.871650457382202148e+00,1.883554697036743164e+00,1.849852204322814941e+00,1.805836558341979980e+00,1.763877511024475098e+00,1.724504590034484863e+00,1.687371611595153809e+00,1.652055621147155762e+00,1.618782281875610352e+00,1.587329983711242676e+00,1.557366013526916504e+00,1.529051303863525391e+00,1.502215027809143066e+00,1.477116465568542480e+00,1.453278660774230957e+00,1.430626511573791504e+00,1.409092307090759277e+00,1.388613700866699219e+00,1.369132876396179199e+00,1.350596308708190918e+00,1.332956194877624512e+00,1.316166400909423828e+00,1.300185561180114746e+00,1.284974336624145508e+00,1.270498037338256836e+00,1.256722688674926758e+00,1.243617534637451172e+00,1.231153964996337891e+00,1.219305515289306641e+00,1.208047389984130859e+00,1.197356820106506348e+00,1.187212228775024414e+00,1.177593708038330078e+00,1.168482661247253418e+00,1.159862518310546875e+00,1.151716709136962891e+00,1.144030451774597168e+00,1.136790156364440918e+00,1.129982948303222656e+00,1.123597145080566406e+00,1.117621541023254395e+00,1.112046003341674805e+00,1.106861352920532227e+00,1.102059125900268555e+00,1.097631096839904785e+00,1.093570590019226074e+00,1.089870452880859375e+00,1.086525201797485352e+00,1.083529472351074219e+00,1.080878496170043945e+00,1.078568339347839355e+00,1.076595306396484375e+00,1.074956059455871582e+00,1.073648571968078613e+00,1.072670578956604004e+00,1.072020649909973145e+00,1.071697711944580078e+00,esquerda
5.969491004943847656e+00,5.971329689025878906e+00,5.974989891052246094e+00,5.980478286743164062e+00,5.987802028656005859e+00,5.996972084045410156e+00,6.008004188537597656e+00,6.020913600921630859e+00,6.035722255706787109e+00,6.052451610565185547e+00,6.071128368377685547e+00,6.091782093048095703e+00,6.114444732666015625e+00,6.139154911041259766e+00,6.165950775146484375e+00,5.848867893218994141e+00,5.503563404083251953e+00,5.198792934417724609e+00,4.927193164825439453e+00,4.682969570159912109e+00,4.463183879852294922e+00,4.264545917510986328e+00,4.082958698272705078e+00,3.917097806930541992e+00,3.766850948333740234e+00,3.628253936767578125e+00,3.500123500823974609e+00,3.380978822708129883e+00,3.271941661834716797e+00,3.170247316360473633e+00,3.074847698211669922e+00,2.986754417419433594e+00,2.903918981552124023e+00,2.826189041137695312e+00,2.753868103027343750e+00,2.685220003128051758e+00,2.621533393859863281e+00,2.560829877853393555e+00,2.503874778747558594e+00,2.450169324874877930e+00,2.399099349975585938e+00,2.350991964340209961e+00,2.305527448654174805e+00,2.262224197387695312e+00,2.221315383911132812e+00,2.182484149932861328e+00,2.146020412445068359e+00,2.111387491226196289e+00,2.078477621078491211e+00,2.047191619873046875e+00,2.017439126968383789e+00,1.989136338233947754e+00,1.962206125259399414e+00,1.936577558517456055e+00,1.912184715270996094e+00,1.888966798782348633e+00,1.866867423057556152e+00,1.845835685729980469e+00,1.825822472572326660e+00,1.806782484054565430e+00,1.788675189018249512e+00,1.771461129188537598e+00,1.755104899406433105e+00,1.739573121070861816e+00,1.724834799766540527e+00,1.710860252380371094e+00,1.697623968124389648e+00,1.685099840164184570e+00,1.673265218734741211e+00,1.662098407745361328e+00,1.651579380035400391e+00,1.641689777374267578e+00,1.632412195205688477e+00,1.623730540275573730e+00,1.615630030632019043e+00,1.608097791671752930e+00,1.601120591163635254e+00,1.594687581062316895e+00,1.588788151741027832e+00,1.583412408828735352e+00,1.578552365303039551e+00,1.574200153350830078e+00,1.570348739624023438e+00,1.566992402076721191e+00,1.564125895500183105e+00,1.561744332313537598e+00,1.559844732284545898e+00,1.558423995971679688e+00,1.557479619979858398e+00,1.557010650634765625e+00,1.557015776634216309e+00,1.557495355606079102e+00,1.558450222015380859e+00,1.559881567955017090e+00,1.561791658401489258e+00,1.564183831214904785e+00,1.567061185836791992e+00,1.570428490638732910e+00,1.574290990829467773e+00,1.578654170036315918e+00,1.583525538444519043e+00,1.588912844657897949e+00,1.594823837280273438e+00,1.601268768310546875e+00,1.608258008956909180e+00,1.615802764892578125e+00,1.623915672302246094e+00,1.632610321044921875e+00,1.641901373863220215e+00,1.651804804801940918e+00,1.662337899208068848e+00,1.673519492149353027e+00,1.685368895530700684e+00,1.697908401489257812e+00,1.711160898208618164e+00,1.725151896476745605e+00,1.739907264709472656e+00,1.755457043647766113e+00,1.771831989288330078e+00,1.789065361022949219e+00,1.807192683219909668e+00,1.826253771781921387e+00,1.846289038658142090e+00,1.867343902587890625e+00,1.881423115730285645e+00,1.849782228469848633e+00,1.805770516395568848e+00,1.763815402984619141e+00,1.724446058273315430e+00,1.687316298484802246e+00,1.652003407478332520e+00,1.618732810020446777e+00,1.587283253669738770e+00,1.557321548461914062e+00,1.529009342193603516e+00,1.502213597297668457e+00,1.477115035057067871e+00,1.453277230262756348e+00,1.430625081062316895e+00,1.409090757369995117e+00,1.388612151145935059e+00,1.369131207466125488e+00,1.350594639778137207e+00,1.332954645156860352e+00,1.316164731979370117e+00,1.300183773040771484e+00,1.284972667694091797e+00,1.270496368408203125e+00,1.256721138954162598e+00,1.243615984916687012e+00,1.231152415275573730e+00,1.219303846359252930e+00,1.208045840263366699e+00,1.197355031967163086e+00,1.187210559844970703e+00,1.177592039108276367e+00,1.168481111526489258e+00,1.159860849380493164e+00,1.151715159416198730e+00,1.144029021263122559e+00,1.136788606643676758e+00,1.129981398582458496e+00,1.123595595359802246e+00,1.117619872093200684e+00,1.112044572830200195e+00,1.106859803199768066e+00,1.102057695388793945e+00,1.097629427909851074e+00,1.093569040298461914e+00,1.089868783950805664e+00,1.086523532867431641e+00,1.083527922630310059e+00,1.080876827239990234e+00,1.078566670417785645e+00,1.076593637466430664e+00,1.074954390525817871e+00,1.073646903038024902e+00,1.072668910026550293e+00,1.072018980979919434e+00,1.071696043014526367e+00,esquerda
5.969491481781005859e+00,5.971330165863037109e+00,5.974990367889404297e+00,5.980478763580322266e+00,5.987802505493164062e+00,5.996972560882568359e+00,6.008004665374755859e+00,6.020914554595947266e+00,6.035723209381103516e+00,6.052452087402343750e+00,6.071128845214843750e+00,6.091782569885253906e+00,6.114445209503173828e+00,6.139155387878417969e+00,6.165951251983642578e+00,5.837210178375244141e+00,5.491858482360839844e+00,5.187681674957275391e+00,4.916615962982177734e+00,4.672877311706542969e+00,4.453531265258789062e+00,4.255292892456054688e+00,4.074072360992431641e+00,3.908548831939697266e+00,3.758609056472778320e+00,3.620295524597167969e+00,3.492429018020629883e+00,3.373531103134155273e+00,3.264719724655151367e+00,3.163237571716308594e+00,3.068037033081054688e+00,2.980127811431884766e+00,2.897466421127319336e+00,2.819899797439575195e+00,2.747731208801269531e+00,2.679227828979492188e+00,2.615675449371337891e+00,2.555100440979003906e+00,2.498265981674194336e+00,2.444674491882324219e+00,2.393712997436523438e+00,2.345707893371582031e+00,2.300339698791503906e+00,2.257128953933715820e+00,2.216306686401367188e+00,2.177451372146606445e+00,2.141071796417236328e+00,2.106518507003784180e+00,2.073684453964233398e+00,2.042470693588256836e+00,2.012786626815795898e+00,1.984549283981323242e+00,1.957681298255920410e+00,1.932111859321594238e+00,1.907775163650512695e+00,1.884610772132873535e+00,1.862562417984008789e+00,1.841579198837280273e+00,1.821612119674682617e+00,1.802616119384765625e+00,1.784550547599792480e+00,1.767376065254211426e+00,1.751057744026184082e+00,1.735561490058898926e+00,1.720857262611389160e+00,1.706915140151977539e+00,1.693709254264831543e+00,1.681213974952697754e+00,1.669406890869140625e+00,1.658265590667724609e+00,1.647770881652832031e+00,1.637904047966003418e+00,1.628647804260253906e+00,1.619986057281494141e+00,1.611904501914978027e+00,1.604389429092407227e+00,1.597428441047668457e+00,1.591010332107543945e+00,1.585124373435974121e+00,1.579761266708374023e+00,1.574912309646606445e+00,1.570569992065429688e+00,1.566727519035339355e+00,1.563378930091857910e+00,1.560518980026245117e+00,1.558143019676208496e+00,1.556247711181640625e+00,1.554830193519592285e+00,1.553888082504272461e+00,1.553420066833496094e+00,1.553425312042236328e+00,1.553903818130493164e+00,1.554856538772583008e+00,1.556284427642822266e+00,1.558190345764160156e+00,1.560577034950256348e+00,1.563447713851928711e+00,1.566807270050048828e+00,1.570660591125488281e+00,1.575013875961303711e+00,1.579874038696289062e+00,1.585248708724975586e+00,1.591146230697631836e+00,1.597576379776000977e+00,1.604549527168273926e+00,1.612076759338378906e+00,1.620170950889587402e+00,1.628845572471618652e+00,1.638115167617797852e+00,1.647995829582214355e+00,1.658504724502563477e+00,1.669660568237304688e+00,1.681482434272766113e+00,1.693993091583251953e+00,1.707215070724487305e+00,1.721173882484436035e+00,1.735894918441772461e+00,1.751409053802490234e+00,1.767746210098266602e+00,1.784939646720886230e+00,1.803025364875793457e+00,1.822042465209960938e+00,1.842031598091125488e+00,1.863038063049316406e+00,1.879387140274047852e+00,1.849888920783996582e+00,1.805871129035949707e+00,1.763910055160522461e+00,1.724535346031188965e+00,1.687400817871093750e+00,1.652083039283752441e+00,1.618808388710021973e+00,1.587354779243469238e+00,1.557389378547668457e+00,1.529073715209960938e+00,1.502212405204772949e+00,1.477113962173461914e+00,1.453276276588439941e+00,1.430624365806579590e+00,1.409090042114257812e+00,1.388611316680908203e+00,1.369130253791809082e+00,1.350593924522399902e+00,1.332953810691833496e+00,1.316164135932922363e+00,1.300183057785034180e+00,1.284971833229064941e+00,1.270495653152465820e+00,1.256720304489135742e+00,1.243615150451660156e+00,1.231151580810546875e+00,1.219303011894226074e+00,1.208045005798339844e+00,1.197354435920715332e+00,1.187209725379943848e+00,1.177591204643249512e+00,1.168480396270751953e+00,1.159860134124755859e+00,1.151714444160461426e+00,1.144028067588806152e+00,1.136787772178649902e+00,1.129980683326721191e+00,1.123594641685485840e+00,1.117619276046752930e+00,1.112043738365173340e+00,1.106859087944030762e+00,1.102056980133056641e+00,1.097628712654113770e+00,1.093568205833435059e+00,1.089867949485778809e+00,1.086522817611694336e+00,1.083527207374572754e+00,1.080876111984252930e+00,1.078565955162048340e+00,1.076592922210693359e+00,1.074953675270080566e+00,1.073646187782287598e+00,1.072668194770812988e+00,1.072018265724182129e+00,1.071695327758789062e+00,esquerda
5.969491004943847656e+00,5.971330165863037109e+00,5.974990367889404297e+00,5.980478763580322266e+00,5.987802028656005859e+00,5.996972084045410156e+00,6.008004188537597656e+00,6.020914077758789062e+00,6.035722255706787109e+00,6.052451133728027344e+00,6.071127891540527344e+00,6.091781616210937500e+00,6.114444732666015625e+00,6.139155387878417969e+00,6.161743164062500000e+00,5.823924541473388672e+00,5.478875637054443359e+00,5.175438880920410156e+00,4.905029296875000000e+00,4.661878585815429688e+00,4.443060874938964844e+00,4.245298862457275391e+00,4.064513683319091797e+00,3.899386167526245117e+00,3.749805212020874023e+00,3.611821174621582031e+00,3.484258413314819336e+00,3.365642786026000977e+00,3.257089138031005859e+00,3.155847072601318359e+00,3.060871839523315430e+00,2.973170757293701172e+00,2.890704393386840820e+00,2.813320636749267578e+00,2.741322040557861328e+00,2.672980070114135742e+00,2.609577417373657227e+00,2.549144744873046875e+00,2.492443799972534180e+00,2.438977956771850586e+00,2.388135910034179688e+00,2.340243577957153320e+00,2.294981718063354492e+00,2.251871585845947266e+00,2.211145162582397461e+00,2.172419786453247070e+00,2.136124372482299805e+00,2.101650953292846680e+00,2.068892955780029297e+00,2.037751436233520508e+00,2.008135795593261719e+00,1.979963660240173340e+00,1.953157663345336914e+00,1.927647233009338379e+00,1.903367042541503906e+00,1.880255937576293945e+00,1.858258724212646484e+00,1.837323904037475586e+00,1.817402958869934082e+00,1.798450708389282227e+00,1.780427098274230957e+00,1.763292312622070312e+00,1.747011303901672363e+00,1.731551170349121094e+00,1.716880798339843750e+00,1.702970981597900391e+00,1.689795613288879395e+00,1.677329301834106445e+00,1.665549278259277344e+00,1.654433727264404297e+00,1.643963456153869629e+00,1.634119510650634766e+00,1.624884486198425293e+00,1.616242766380310059e+00,1.608179807662963867e+00,1.600682258605957031e+00,1.593737363815307617e+00,1.587334036827087402e+00,1.581461548805236816e+00,1.576110720634460449e+00,1.571273088455200195e+00,1.566941022872924805e+00,1.563107490539550781e+00,1.559766411781311035e+00,1.556913018226623535e+00,1.554542660713195801e+00,1.552651643753051758e+00,1.551237463951110840e+00,1.550297617912292480e+00,1.549830675125122070e+00,1.549835801124572754e+00,1.550313115119934082e+00,1.551263689994812012e+00,1.552688360214233398e+00,1.554589867591857910e+00,1.556970834732055664e+00,1.559834957122802734e+00,1.563186645507812500e+00,1.567031264305114746e+00,1.571374416351318359e+00,1.576223254203796387e+00,1.581585764884948730e+00,1.587469577789306641e+00,1.593884706497192383e+00,1.600841760635375977e+00,1.608351945877075195e+00,1.616427063941955566e+00,1.625081777572631836e+00,1.634329915046691895e+00,1.644187688827514648e+00,1.654672265052795410e+00,1.665802359580993652e+00,1.677597045898437500e+00,1.690078496932983398e+00,1.703269958496093750e+00,1.717196583747863770e+00,1.731883883476257324e+00,1.747362017631530762e+00,1.763661384582519531e+00,1.780815243721008301e+00,1.798859000205993652e+00,1.817832112312316895e+00,1.837775230407714844e+00,1.858732938766479492e+00,1.877255797386169434e+00,1.849817276000976562e+00,1.805803775787353516e+00,1.763846635818481445e+00,1.724475741386413574e+00,1.687344431877136230e+00,1.652029991149902344e+00,1.618758082389831543e+00,1.587307095527648926e+00,1.557344555854797363e+00,1.529031157493591309e+00,1.502212285995483398e+00,1.477113842964172363e+00,1.453276157379150391e+00,1.430624008178710938e+00,1.409089803695678711e+00,1.388611197471618652e+00,1.369130253791809082e+00,1.350593686103820801e+00,1.332953691482543945e+00,1.316164135932922363e+00,1.300183057785034180e+00,1.284971833229064941e+00,1.270495653152465820e+00,1.256720304489135742e+00,1.243615150451660156e+00,1.231151700019836426e+00,1.219303250312805176e+00,1.208045005798339844e+00,1.197354435920715332e+00,1.187209844589233398e+00,1.177591443061828613e+00,1.168480515480041504e+00,1.159860372543334961e+00,1.151714563369750977e+00,1.144028306007385254e+00,1.136788010597229004e+00,1.129980802536010742e+00,1.123594999313354492e+00,1.117619395256042480e+00,1.112044095993041992e+00,1.106859326362609863e+00,1.102057218551635742e+00,1.097628951072692871e+00,1.093568444252014160e+00,1.089868426322937012e+00,1.086523056030273438e+00,1.083527445793151855e+00,1.080876469612121582e+00,1.078566312789916992e+00,1.076593160629272461e+00,1.074954032897949219e+00,1.073646545410156250e+00,1.072668552398681641e+00,1.072018623352050781e+00,1.071695685386657715e+00,esquerda
5.969492912292480469e+00,5.971332073211669922e+00,5.974992275238037109e+00,5.980480194091796875e+00,5.987803936004638672e+00,5.996974468231201172e+00,6.008006572723388672e+00,6.020915985107421875e+00,6.035724639892578125e+00,6.052453994750976562e+00,6.071130752563476562e+00,6.091784000396728516e+00,6.114446640014648438e+00,6.139156818389892578e+00,6.149002552032470703e+00,5.810119152069091797e+00,5.465911388397216797e+00,5.163208961486816406e+00,4.893453598022460938e+00,4.650888919830322266e+00,4.432597160339355469e+00,4.235310077667236328e+00,4.054958343505859375e+00,3.890226125717163086e+00,3.741001844406127930e+00,3.603346824645996094e+00,3.476088047027587891e+00,3.357754707336425781e+00,3.249459028244018555e+00,3.148457527160644531e+00,3.053707361221313477e+00,2.966213941574096680e+00,2.883942365646362305e+00,2.806742191314697266e+00,2.734913110733032227e+00,2.666733026504516602e+00,2.603479385375976562e+00,2.543189287185668945e+00,2.486621856689453125e+00,2.433281898498535156e+00,2.382559299468994141e+00,2.334779024124145508e+00,2.289623498916625977e+00,2.246614694595336914e+00,2.205983638763427734e+00,2.167386531829833984e+00,2.131175041198730469e+00,2.096781492233276367e+00,2.064099311828613281e+00,2.033029794692993164e+00,2.003482818603515625e+00,1.975376129150390625e+00,1.948632359504699707e+00,1.923180818557739258e+00,1.898956894874572754e+00,1.875899434089660645e+00,1.853953003883361816e+00,1.833066821098327637e+00,1.813192129135131836e+00,1.794283747673034668e+00,1.776301980018615723e+00,1.759206771850585938e+00,1.742963433265686035e+00,1.727539062500000000e+00,1.712902784347534180e+00,1.699025034904479980e+00,1.685880422592163086e+00,1.673442959785461426e+00,1.661690354347229004e+00,1.650600552558898926e+00,1.640154361724853516e+00,1.630333185195922852e+00,1.621119737625122070e+00,1.612497925758361816e+00,1.604453802108764648e+00,1.596973419189453125e+00,1.590044617652893066e+00,1.583656072616577148e+00,1.577797412872314453e+00,1.572458982467651367e+00,1.567632436752319336e+00,1.563310384750366211e+00,1.559485793113708496e+00,1.556152462959289551e+00,1.553305625915527344e+00,1.550940752029418945e+00,1.549054145812988281e+00,1.547643303871154785e+00,1.546705603599548340e+00,1.546239733695983887e+00,1.546244978904724121e+00,1.546721220016479492e+00,1.547669410705566406e+00,1.549090862274169922e+00,1.550987839698791504e+00,1.553363323211669922e+00,1.556220769882202148e+00,1.559564709663391113e+00,1.563400387763977051e+00,1.567733645439147949e+00,1.572571039199829102e+00,1.577921152114868164e+00,1.583791375160217285e+00,1.590191841125488281e+00,1.597132802009582520e+00,1.604625344276428223e+00,1.612682104110717773e+00,1.621316432952880859e+00,1.630543112754821777e+00,1.640378117561340332e+00,1.650838375091552734e+00,1.661942601203918457e+00,1.673709988594055176e+00,1.686162829399108887e+00,1.699323654174804688e+00,1.713217854499816895e+00,1.727871298789978027e+00,1.743313312530517578e+00,1.759575009346008301e+00,1.776689052581787109e+00,1.794691085815429688e+00,1.813620328903198242e+00,1.833516955375671387e+00,1.854426503181457520e+00,1.875134944915771484e+00,1.849767684936523438e+00,1.805757403373718262e+00,1.763803362846374512e+00,1.724435448646545410e+00,1.687306880950927734e+00,1.651994824409484863e+00,1.618725299835205078e+00,1.587276577949523926e+00,1.557315945625305176e+00,1.529004216194152832e+00,1.502210617065429688e+00,1.477112054824829102e+00,1.453274130821228027e+00,1.430622220039367676e+00,1.409088015556335449e+00,1.388609290122985840e+00,1.369128465652465820e+00,1.350592136383056641e+00,1.332952141761779785e+00,1.316162228584289551e+00,1.300181269645690918e+00,1.284970283508300781e+00,1.270494103431701660e+00,1.256718754768371582e+00,1.243613481521606445e+00,1.231150031089782715e+00,1.219301700592041016e+00,1.208043336868286133e+00,1.197352886199951172e+00,1.187208294868469238e+00,1.177589774131774902e+00,1.168478965759277344e+00,1.159858703613281250e+00,1.151712894439697266e+00,1.144026637077331543e+00,1.136786222457885742e+00,1.129979252815246582e+00,1.123593211174011230e+00,1.117617845535278320e+00,1.112042188644409180e+00,1.106857657432556152e+00,1.102055311203002930e+00,1.097627282142639160e+00,1.093566775321960449e+00,1.089866518974304199e+00,1.086521267890930176e+00,1.083525657653808594e+00,1.080874681472778320e+00,1.078564524650573730e+00,1.076591491699218750e+00,1.074952363967895508e+00,1.073644757270812988e+00,1.072666764259338379e+00,1.072016835212707520e+00,1.071693897247314453e+00,esquerda
5.969493389129638672e+00,5.971332550048828125e+00,5.974992752075195312e+00,5.980480670928955078e+00,5.987804889678955078e+00,5.996974945068359375e+00,6.008007049560546875e+00,6.020916461944580078e+00,6.035725116729736328e+00,6.052454471588134766e+00,6.071131229400634766e+00,6.091784477233886719e+00,6.114447593688964844e+00,6.139157295227050781e+00,6.136751651763916016e+00,5.796773910522460938e+00,5.453304767608642578e+00,5.151258468627929688e+00,4.882091045379638672e+00,4.640058517456054688e+00,4.422248363494873047e+00,4.225398063659667969e+00,4.045446872711181641e+00,3.881082296371459961e+00,3.732199192047119141e+00,3.594873189926147461e+00,3.467918157577514648e+00,3.349867343902587891e+00,3.241829633712768555e+00,3.141067743301391602e+00,3.046543121337890625e+00,2.959257364273071289e+00,2.877181053161621094e+00,2.800163507461547852e+00,2.728504657745361328e+00,2.660485744476318359e+00,2.597381591796875000e+00,2.537233829498291016e+00,2.480799913406372070e+00,2.427585840225219727e+00,2.376982688903808594e+00,2.329314947128295898e+00,2.284265756607055664e+00,2.241357803344726562e+00,2.200821876525878906e+00,2.162354946136474609e+00,2.126227617263793945e+00,2.091914176940917969e+00,2.059307813644409180e+00,2.028310298919677734e+00,1.998832106590270996e+00,1.970790505409240723e+00,1.944108724594116211e+00,1.918716311454772949e+00,1.894548773765563965e+00,1.871544837951660156e+00,1.849649310111999512e+00,1.828811526298522949e+00,1.808982968330383301e+00,1.790118575096130371e+00,1.772178292274475098e+00,1.755122900009155273e+00,1.738917589187622070e+00,1.723528981208801270e+00,1.708926558494567871e+00,1.695080995559692383e+00,1.681966781616210938e+00,1.669558167457580566e+00,1.657832741737365723e+00,1.646768927574157715e+00,1.636346936225891113e+00,1.626548528671264648e+00,1.617356300354003906e+00,1.608754873275756836e+00,1.600729107856750488e+00,1.593266248703002930e+00,1.586353421211242676e+00,1.579979777336120605e+00,1.574134826660156250e+00,1.568808674812316895e+00,1.563993453979492188e+00,1.559681296348571777e+00,1.555865406990051270e+00,1.552540063858032227e+00,1.549699783325195312e+00,1.547340512275695801e+00,1.545458316802978516e+00,1.544050574302673340e+00,1.543115019798278809e+00,1.542650341987609863e+00,1.542655467987060547e+00,1.543130636215209961e+00,1.544076681137084961e+00,1.545494675636291504e+00,1.547387480735778809e+00,1.549757361412048340e+00,1.552608132362365723e+00,1.555944561958312988e+00,1.559771180152893066e+00,1.564094305038452148e+00,1.568920493125915527e+00,1.574258208274841309e+00,1.580114960670471191e+00,1.586500287055969238e+00,1.593425035476684570e+00,1.600900530815124512e+00,1.608938217163085938e+00,1.617552757263183594e+00,1.626758098602294922e+00,1.636570215225219727e+00,1.647006273269653320e+00,1.658084630966186523e+00,1.669824719429016113e+00,1.682248592376708984e+00,1.695378780364990234e+00,1.709240794181823730e+00,1.723860144615173340e+00,1.739266753196716309e+00,1.755490303039550781e+00,1.772564768791198730e+00,1.790524959564208984e+00,1.809410214424133301e+00,1.829260706901550293e+00,1.850121498107910156e+00,1.872040510177612305e+00,1.849865317344665527e+00,1.805849432945251465e+00,1.763889908790588379e+00,1.724516868591308594e+00,1.687383770942687988e+00,1.652067542076110840e+00,1.618793845176696777e+00,1.587341547012329102e+00,1.557377338409423828e+00,1.529062747955322266e+00,1.502209544181823730e+00,1.477111101150512695e+00,1.453273415565490723e+00,1.430621266365051270e+00,1.409087061882019043e+00,1.388608455657958984e+00,1.369127511978149414e+00,1.350591182708740234e+00,1.332951188087463379e+00,1.316161274909973145e+00,1.300180315971374512e+00,1.284969329833984375e+00,1.270493149757385254e+00,1.256717801094055176e+00,1.243612647056579590e+00,1.231149196624755859e+00,1.219300866127014160e+00,1.208042621612548828e+00,1.197352170944213867e+00,1.187207579612731934e+00,1.177589058876037598e+00,1.168478131294250488e+00,1.159857869148254395e+00,1.151712179183959961e+00,1.144025921821594238e+00,1.136785626411437988e+00,1.129978537559509277e+00,1.123592495918273926e+00,1.117617130279541016e+00,1.112041473388671875e+00,1.106856942176818848e+00,1.102054715156555176e+00,1.097626686096191406e+00,1.093566060066223145e+00,1.089865922927856445e+00,1.086520671844482422e+00,1.083525061607360840e+00,1.080874085426330566e+00,1.078563928604125977e+00,1.076590776443481445e+00,1.074951648712158203e+00,1.073644042015075684e+00,1.072666049003601074e+00,1.072016119956970215e+00,1.071693181991577148e+00,esquerda
5.969492912292480469e+00,5.971332073211669922e+00,5.974992752075195312e+00,5.980480670928955078e+00,5.987804412841796875e+00,5.996974468231201172e+00,6.008006572723388672e+00,6.020915985107421875e+00,6.035724163055419922e+00,6.052453517913818359e+00,6.071130275726318359e+00,6.091784000396728516e+00,6.114447116851806641e+00,6.139157295227050781e+00,6.124878406524658203e+00,5.783896923065185547e+00,5.441198825836181641e+00,5.139829158782958984e+00,4.871264457702636719e+00,4.629772663116455078e+00,4.412448883056640625e+00,4.216038227081298828e+00,4.036488533020019531e+00,3.872489929199218750e+00,3.723931074142456055e+00,3.586891889572143555e+00,3.460202455520629883e+00,3.342399597167968750e+00,3.234589338302612305e+00,3.134040594100952148e+00,3.039716243743896484e+00,2.952615976333618164e+00,2.870714187622070312e+00,2.793860912322998047e+00,2.722355365753173828e+00,2.654481649398803711e+00,2.591512918472290039e+00,2.531493663787841797e+00,2.475181341171264648e+00,2.422081470489501953e+00,2.371587276458740234e+00,2.324022054672241211e+00,2.279069900512695312e+00,2.236254692077636719e+00,2.195806264877319336e+00,2.157321453094482422e+00,2.121278285980224609e+00,2.087044477462768555e+00,2.054514169692993164e+00,2.023588895797729492e+00,1.994179248809814453e+00,1.966202735900878906e+00,1.939583182334899902e+00,1.914250135421752930e+00,1.890138745307922363e+00,1.867188215255737305e+00,1.845343708992004395e+00,1.824554443359375000e+00,1.804771900177001953e+00,1.785951614379882812e+00,1.768053054809570312e+00,1.751037359237670898e+00,1.734869718551635742e+00,1.719516992568969727e+00,1.704948663711547852e+00,1.691135287284851074e+00,1.678051471710205078e+00,1.665671944618225098e+00,1.653973698616027832e+00,1.642935514450073242e+00,1.632537841796875000e+00,1.622762322425842285e+00,1.613591670989990234e+00,1.605010032653808594e+00,1.597003102302551270e+00,1.589557528495788574e+00,1.582660794258117676e+00,1.576302170753479004e+00,1.570470452308654785e+00,1.565156817436218262e+00,1.560352802276611328e+00,1.556050658226013184e+00,1.552243947982788086e+00,1.548926234245300293e+00,1.546092510223388672e+00,1.543738603591918945e+00,1.541860818862915039e+00,1.540456533432006836e+00,1.539523005485534668e+00,1.539059281349182129e+00,1.539064407348632812e+00,1.539538502693176270e+00,1.540482401847839355e+00,1.541897296905517578e+00,1.543785572052001953e+00,1.546149849891662598e+00,1.548994302749633789e+00,1.552322745323181152e+00,1.556140422821044922e+00,1.560453414916992188e+00,1.565268516540527344e+00,1.570593714714050293e+00,1.576436758041381836e+00,1.582807302474975586e+00,1.589716076850891113e+00,1.597173929214477539e+00,1.605193138122558594e+00,1.613787531852722168e+00,1.622971415519714355e+00,1.632760763168334961e+00,1.643172383308410645e+00,1.654224991798400879e+00,1.665937781333923340e+00,1.678332567214965820e+00,1.691432476043701172e+00,1.705262303352355957e+00,1.719847440719604492e+00,1.735217928886413574e+00,1.751404047012329102e+00,1.768438696861267090e+00,1.786357045173645020e+00,1.805198311805725098e+00,1.825002670288085938e+00,1.845814943313598633e+00,1.867683053016662598e+00,1.849785804748535156e+00,1.805774211883544922e+00,1.763819336891174316e+00,1.724450230598449707e+00,1.687320590019226074e+00,1.652007818222045898e+00,1.618737578392028809e+00,1.587288022041320801e+00,1.557326793670654297e+00,1.529014587402343750e+00,1.502209424972534180e+00,1.477110862731933594e+00,1.453273177146911621e+00,1.430621147155761719e+00,1.409086823463439941e+00,1.388608455657958984e+00,1.369127511978149414e+00,1.350591063499450684e+00,1.332951188087463379e+00,1.316161513328552246e+00,1.300180435180664062e+00,1.284969329833984375e+00,1.270493268966674805e+00,1.256717920303344727e+00,1.243612766265869141e+00,1.231149315834045410e+00,1.219300866127014160e+00,1.208042740821838379e+00,1.197352290153503418e+00,1.187207698822021484e+00,1.177589178085327148e+00,1.168478369712829590e+00,1.159857988357543945e+00,1.151712298393249512e+00,1.144026041030883789e+00,1.136785745620727539e+00,1.129978775978088379e+00,1.123592734336853027e+00,1.117617368698120117e+00,1.112041711807250977e+00,1.106857180595397949e+00,1.102054834365844727e+00,1.097626924514770508e+00,1.093566298484802246e+00,1.089866161346435547e+00,1.086520910263061523e+00,1.083525419235229492e+00,1.080874323844909668e+00,1.078564167022705078e+00,1.076591134071350098e+00,1.074951887130737305e+00,1.073644399642944336e+00,1.072666406631469727e+00,1.072016477584838867e+00,1.071693539619445801e+00,esquerda
5.969495296478271484e+00,5.971333980560302734e+00,5.974994182586669922e+00,5.980482101440429688e+00,5.987806320190429688e+00,5.996976375579833984e+00,6.008008480072021484e+00,6.020917892456054688e+00,6.035726547241210938e+00,6.052455902099609375e+00,6.071132659912109375e+00,6.091785907745361328e+00,6.114449024200439453e+00,6.139159202575683594e+00,6.112138748168945312e+00,5.770094871520996094e+00,5.428234577178955078e+00,5.127600669860839844e+00,4.859689235687255859e+00,4.618783950805664062e+00,4.401986598968505859e+00,4.206049919128417969e+00,4.026933670043945312e+00,3.863330364227294922e+00,3.715128421783447266e+00,3.578418254852294922e+00,3.452032804489135742e+00,3.334511995315551758e+00,3.226959943771362305e+00,3.126651287078857422e+00,3.032552003860473633e+00,2.945659160614013672e+00,2.863952875137329102e+00,2.787282228469848633e+00,2.715946674346923828e+00,2.648234605789184570e+00,2.585415363311767578e+00,2.525538444519042969e+00,2.469359397888183594e+00,2.416385412216186523e+00,2.366010665893554688e+00,2.318557977676391602e+00,2.273712158203125000e+00,2.230997800827026367e+00,2.190644741058349609e+00,2.152291059494018555e+00,2.116331577301025391e+00,2.082177877426147461e+00,2.049723148345947266e+00,2.018869876861572266e+00,1.989528894424438477e+00,1.961617827415466309e+00,1.935060381889343262e+00,1.909786224365234375e+00,1.885731101036071777e+00,1.862834095954895020e+00,1.841040611267089844e+00,1.820299744606018066e+00,1.800563335418701172e+00,1.781787037849426270e+00,1.763930201530456543e+00,1.746954083442687988e+00,1.730824232101440430e+00,1.715507149696350098e+00,1.700972914695739746e+00,1.687191724777221680e+00,1.674138426780700684e+00,1.661787629127502441e+00,1.650116801261901855e+00,1.639104366302490234e+00,1.628731012344360352e+00,1.618978142738342285e+00,1.609828829765319824e+00,1.601267218589782715e+00,1.593279123306274414e+00,1.585850834846496582e+00,1.578970193862915039e+00,1.572626233100891113e+00,1.566808342933654785e+00,1.561506986618041992e+00,1.556714296340942383e+00,1.552422285079956055e+00,1.548624157905578613e+00,1.545314073562622070e+00,1.542487144470214844e+00,1.540138840675354004e+00,1.538265347480773926e+00,1.536864399909973145e+00,1.535933136940002441e+00,1.535470366477966309e+00,1.535475611686706543e+00,1.535948753356933594e+00,1.536890268325805664e+00,1.538301706314086914e+00,1.540185689926147461e+00,1.542544484138488770e+00,1.545382142066955566e+00,1.548702836036682129e+00,1.552511811256408691e+00,1.556814789772033691e+00,1.561618566513061523e+00,1.566931247711181641e+00,1.572760820388793945e+00,1.579116582870483398e+00,1.586009025573730469e+00,1.593449473381042480e+00,1.601449966430664062e+00,1.610024333000183105e+00,1.619186878204345703e+00,1.628953337669372559e+00,1.639340877532958984e+00,1.650367498397827148e+00,1.662052989006042480e+00,1.674419045448303223e+00,1.687488198280334473e+00,1.701285600662231445e+00,1.715836882591247559e+00,1.731171607971191406e+00,1.747319936752319336e+00,1.764314889907836914e+00,1.782191395759582520e+00,1.800988793373107910e+00,1.820747017860412598e+00,1.841510653495788574e+00,1.863327622413635254e+00,1.849881649017333984e+00,1.805864572525024414e+00,1.763904333114624023e+00,1.724530458450317383e+00,1.687396526336669922e+00,1.652079463005065918e+00,1.618805170059204102e+00,1.587352275848388672e+00,1.557387471199035645e+00,1.529072046279907227e+00,1.502207040786743164e+00,1.477108597755432129e+00,1.453270912170410156e+00,1.430618882179260254e+00,1.409084677696228027e+00,1.388606190681457520e+00,1.369125485420227051e+00,1.350589036941528320e+00,1.332949161529541016e+00,1.316159248352050781e+00,1.300178408622741699e+00,1.284967541694641113e+00,1.270491123199462891e+00,1.256715774536132812e+00,1.243610858917236328e+00,1.231147408485412598e+00,1.219298958778381348e+00,1.208040833473205566e+00,1.197350382804870605e+00,1.187205791473388672e+00,1.177587270736694336e+00,1.168476581573486328e+00,1.159856200218200684e+00,1.151710510253906250e+00,1.144024252891540527e+00,1.136783957481384277e+00,1.129976987838745117e+00,1.123590946197509766e+00,1.117615580558776855e+00,1.112040042877197266e+00,1.106855511665344238e+00,1.102053165435791016e+00,1.097625136375427246e+00,1.093564629554748535e+00,1.089864492416381836e+00,1.086519241333007812e+00,1.083523631095886230e+00,1.080872654914855957e+00,1.078562498092651367e+00,1.076589345932006836e+00,1.074950218200683594e+00,1.073642730712890625e+00,1.072664856910705566e+00,1.072014927864074707e+00,1.071691989898681641e+00,esquerda
5.969495773315429688e+00,5.971334457397460938e+00,5.974994659423828125e+00,5.980483055114746094e+00,5.987806797027587891e+00,5.996976852416992188e+00,6.008008956909179688e+00,6.020918846130371094e+00,6.035727500915527344e+00,6.052456378936767578e+00,6.071133613586425781e+00,6.091786861419677734e+00,6.114449501037597656e+00,6.139159679412841797e+00,6.099382877349853516e+00,5.756277084350585938e+00,5.415259361267089844e+00,5.115363121032714844e+00,4.848107814788818359e+00,4.607790946960449219e+00,4.391520977020263672e+00,4.196060657501220703e+00,4.017378330230712891e+00,3.854170799255371094e+00,3.706326484680175781e+00,3.569945573806762695e+00,3.443863868713378906e+00,3.326624870300292969e+00,3.219330549240112305e+00,3.119262218475341797e+00,3.025388240814208984e+00,2.938703298568725586e+00,2.857192039489746094e+00,2.780704498291015625e+00,2.709538698196411133e+00,2.641987800598144531e+00,2.579318046569824219e+00,2.519583463668823242e+00,2.463537931442260742e+00,2.410689592361450195e+00,2.360434532165527344e+00,2.313094139099121094e+00,2.268354177474975586e+00,2.225741147994995117e+00,2.185483694076538086e+00,2.147257566452026367e+00,2.111382484436035156e+00,2.077308654785156250e+00,2.044929742813110352e+00,2.014148950576782227e+00,1.984876394271850586e+00,1.957030534744262695e+00,1.930535197257995605e+00,1.905320048332214355e+00,1.881321430206298828e+00,1.858477711677551270e+00,1.836735248565673828e+00,1.816042900085449219e+00,1.796352744102478027e+00,1.777619957923889160e+00,1.759805202484130859e+00,1.742868781089782715e+00,1.726776599884033203e+00,1.711495399475097656e+00,1.696994900703430176e+00,1.683246016502380371e+00,1.670223355293273926e+00,1.657901644706726074e+00,1.646257877349853516e+00,1.635271310806274414e+00,1.624922156333923340e+00,1.615192174911499023e+00,1.606064319610595703e+00,1.597522497177124023e+00,1.589553117752075195e+00,1.582142114639282227e+00,1.575277805328369141e+00,1.568948626518249512e+00,1.563144207000732422e+00,1.557855367660522461e+00,1.553073763847351074e+00,1.548791646957397461e+00,1.545002460479736328e+00,1.541700243949890137e+00,1.538879990577697754e+00,1.536537051200866699e+00,1.534667968750000000e+00,1.533270239830017090e+00,1.532341361045837402e+00,1.531879544258117676e+00,1.531884670257568359e+00,1.532356739044189453e+00,1.533295989036560059e+00,1.534704327583312988e+00,1.536583662033081055e+00,1.538937091827392578e+00,1.541768193244934082e+00,1.545081019401550293e+00,1.548881053924560547e+00,1.553174138069152832e+00,1.557966589927673340e+00,1.563266873359680176e+00,1.569082736968994141e+00,1.575423598289489746e+00,1.582300066947937012e+00,1.589722990989685059e+00,1.597704887390136719e+00,1.606259107589721680e+00,1.615400195121765137e+00,1.625143885612487793e+00,1.635507106781005859e+00,1.646508097648620605e+00,1.658166170120239258e+00,1.670503258705139160e+00,1.683542013168334961e+00,1.697307109832763672e+00,1.711824297904968262e+00,1.727123141288757324e+00,1.743233680725097656e+00,1.760188937187194824e+00,1.778023838996887207e+00,1.796777009963989258e+00,1.816488981246948242e+00,1.837204098701477051e+00,1.858970284461975098e+00,1.849799156188964844e+00,1.805786967277526855e+00,1.763831019401550293e+00,1.724461197853088379e+00,1.687330961227416992e+00,1.652017712593078613e+00,1.618746638298034668e+00,1.587296605110168457e+00,1.557334661483764648e+00,1.529022097587585449e+00,1.502206683158874512e+00,1.477108240127563477e+00,1.453270673751831055e+00,1.430618405342102051e+00,1.409084320068359375e+00,1.388605833053588867e+00,1.369125008583068848e+00,1.350588679313659668e+00,1.332948684692382812e+00,1.316158771514892578e+00,1.300177931785583496e+00,1.284967064857482910e+00,1.270490765571594238e+00,1.256715416908264160e+00,1.243610382080078125e+00,1.231146931648254395e+00,1.219298481941223145e+00,1.208040475845336914e+00,1.197349786758422852e+00,1.187205314636230469e+00,1.177586793899536133e+00,1.168475985527038574e+00,1.159855723381042480e+00,1.151709914207458496e+00,1.144023776054382324e+00,1.136783361434936523e+00,1.129976391792297363e+00,1.123590469360351562e+00,1.117614865303039551e+00,1.112039327621459961e+00,1.106854915618896484e+00,1.102052688598632812e+00,1.097624540328979492e+00,1.093564033508300781e+00,1.089863896369934082e+00,1.086518645286560059e+00,1.083523035049438477e+00,1.080872058868408203e+00,1.078561782836914062e+00,1.076588749885559082e+00,1.074949622154235840e+00,1.073642015457153320e+00,1.072664141654968262e+00,1.072014212608337402e+00,1.071691274642944336e+00,esquerda
5.969494819641113281e+00,5.971334457397460938e+00,5.974994659423828125e+00,5.980482578277587891e+00,5.987806320190429688e+00,5.996976375579833984e+00,6.008008480072021484e+00,6.020918369293212891e+00,6.035726547241210938e+00,6.052455425262451172e+00,6.071132659912109375e+00,6.091785907745361328e+00,6.114449024200439453e+00,6.139159679412841797e+00,6.087122917175292969e+00,5.742921829223632812e+00,5.402645111083984375e+00,5.103405475616455078e+00,4.836739063262939453e+00,4.596955299377441406e+00,4.381166934967041016e+00,4.186144351959228516e+00,4.007863044738769531e+00,3.845022916793823242e+00,3.697524785995483398e+00,3.561472654342651367e+00,3.435694932937622070e+00,3.318737983703613281e+00,3.211701631546020508e+00,3.111873626708984375e+00,3.018224954605102539e+00,2.931747198104858398e+00,2.850431203842163086e+00,2.774126529693603516e+00,2.703130960464477539e+00,2.635741472244262695e+00,2.573220968246459961e+00,2.513628959655761719e+00,2.457716703414916992e+00,2.404994249343872070e+00,2.354858398437500000e+00,2.307630777359008789e+00,2.262996912002563477e+00,2.220484972000122070e+00,2.180322647094726562e+00,2.142226457595825195e+00,2.106435298919677734e+00,2.072441101074218750e+00,2.040138244628906250e+00,2.009429454803466797e+00,1.980225682258605957e+00,1.952445030212402344e+00,1.926011800765991211e+00,1.900855660438537598e+00,1.876913070678710938e+00,1.854123234748840332e+00,1.832431554794311523e+00,1.811787724494934082e+00,1.792143702507019043e+00,1.773454904556274414e+00,1.755681753158569336e+00,1.738785147666931152e+00,1.722730398178100586e+00,1.707485198974609375e+00,1.693018674850463867e+00,1.679302215576171875e+00,1.666309952735900879e+00,1.654016852378845215e+00,1.642400622367858887e+00,1.631439685821533203e+00,1.621114850044250488e+00,1.611407399177551270e+00,1.602301120758056641e+00,1.593779444694519043e+00,1.585828423500061035e+00,1.578435182571411133e+00,1.571586728096008301e+00,1.565272450447082520e+00,1.559481739997863770e+00,1.554205298423767090e+00,1.549434781074523926e+00,1.545162796974182129e+00,1.541382431983947754e+00,1.538088083267211914e+00,1.535274267196655273e+00,1.532936811447143555e+00,1.531072258949279785e+00,1.529677748680114746e+00,1.528750777244567871e+00,1.528290271759033203e+00,1.528295516967773438e+00,1.528766155242919922e+00,1.529703497886657715e+00,1.531108260154724121e+00,1.532983303070068359e+00,1.535331368446350098e+00,1.538155674934387207e+00,1.541460752487182617e+00,1.545251846313476562e+00,1.549534797668457031e+00,1.554316163063049316e+00,1.559604167938232422e+00,1.565406084060668945e+00,1.571732163429260254e+00,1.578592538833618164e+00,1.585998177528381348e+00,1.593961477279663086e+00,1.602495551109313965e+00,1.611615300178527832e+00,1.621336102485656738e+00,1.631674885749816895e+00,1.642650246620178223e+00,1.654281020164489746e+00,1.666589260101318359e+00,1.679597258567810059e+00,1.693330168724060059e+00,1.707813501358032227e+00,1.723076343536376953e+00,1.739149212837219238e+00,1.756064772605895996e+00,1.773857712745666504e+00,1.792567133903503418e+00,1.812232971191406250e+00,1.832899570465087891e+00,1.854614615440368652e+00,1.849892377853393555e+00,1.805874824523925781e+00,1.763913750648498535e+00,1.724539160728454590e+00,1.687404632568359375e+00,1.652087211608886719e+00,1.618812322616577148e+00,1.587358713150024414e+00,1.557393550872802734e+00,1.529077887535095215e+00,1.502207040786743164e+00,1.477108716964721680e+00,1.453271150588989258e+00,1.430618882179260254e+00,1.409084796905517578e+00,1.388606190681457520e+00,1.369125485420227051e+00,1.350589036941528320e+00,1.332949161529541016e+00,1.316159129142761230e+00,1.300178408622741699e+00,1.284967422485351562e+00,1.270491003990173340e+00,1.256715774536132812e+00,1.243610858917236328e+00,1.231147170066833496e+00,1.219298720359802246e+00,1.208040714263916016e+00,1.197350025177001953e+00,1.187205553054809570e+00,1.177587032318115234e+00,1.168476223945617676e+00,1.159855961799621582e+00,1.151710391044616699e+00,1.144024014472961426e+00,1.136783719062805176e+00,1.129976630210876465e+00,1.123590707778930664e+00,1.117615103721618652e+00,1.112039804458618164e+00,1.106855273246765137e+00,1.102052927017211914e+00,1.097624778747558594e+00,1.093564271926879883e+00,1.089864134788513184e+00,1.086518883705139160e+00,1.083523392677307129e+00,1.080872297286987305e+00,1.078562140464782715e+00,1.076588988304138184e+00,1.074949860572814941e+00,1.073642373085021973e+00,1.072664380073547363e+00,1.072014451026916504e+00,1.071691513061523438e+00,esquerda
5.969495773315429688e+00,5.971334934234619141e+00,5.974995136260986328e+00,5.980483055114746094e+00,5.987806797027587891e+00,5.996976852416992188e+00,6.008008956909179688e+00,6.020918846130371094e+00,6.035727024078369141e+00,6.052455902099609375e+00,6.071133136749267578e+00,6.091786384582519531e+00,6.114449501037597656e+00,6.139160156250000000e+00,6.075285911560058594e+00,5.730083465576171875e+00,5.390575408935546875e+00,5.092010021209716797e+00,4.825943470001220703e+00,4.586698055267333984e+00,4.371394634246826172e+00,4.176809310913085938e+00,3.998928546905517578e+00,3.836454391479492188e+00,3.689274072647094727e+00,3.553506851196289062e+00,3.427993535995483398e+00,3.311283588409423828e+00,3.204474210739135742e+00,3.104858160018920898e+00,3.011408567428588867e+00,2.925115823745727539e+00,2.843973636627197266e+00,2.767832756042480469e+00,2.696990013122558594e+00,2.629745006561279297e+00,2.567359209060668945e+00,2.507895708084106445e+00,2.452104568481445312e+00,2.399496078491210938e+00,2.349468946456909180e+00,2.302343368530273438e+00,2.257806539535522461e+00,2.215386629104614258e+00,2.175311326980590820e+00,2.137190818786621094e+00,2.101483821868896484e+00,2.067569732666015625e+00,2.035342693328857422e+00,2.004706144332885742e+00,1.975570797920227051e+00,1.947855591773986816e+00,1.921484470367431641e+00,1.896387696266174316e+00,1.872501134872436523e+00,1.849764943122863770e+00,1.828124284744262695e+00,1.807528853416442871e+00,1.787931203842163086e+00,1.769286274909973145e+00,1.751554727554321289e+00,1.734697937965393066e+00,1.718681097030639648e+00,1.703471541404724121e+00,1.689039111137390137e+00,1.675354719161987305e+00,1.662392973899841309e+00,1.650128960609436035e+00,1.638540029525756836e+00,1.627604842185974121e+00,1.617304205894470215e+00,1.607619643211364746e+00,1.598534703254699707e+00,1.590033054351806641e+00,1.582100868225097656e+00,1.574724793434143066e+00,1.567892432212829590e+00,1.561593055725097656e+00,1.555815935134887695e+00,1.550551891326904297e+00,1.545792698860168457e+00,1.541530728340148926e+00,1.537759304046630859e+00,1.534472703933715820e+00,1.531665444374084473e+00,1.529333472251892090e+00,1.527473092079162598e+00,1.526082038879394531e+00,1.525157332420349121e+00,1.524697899818420410e+00,1.524703025817871094e+00,1.525172710418701172e+00,1.526107668876647949e+00,1.527509212493896484e+00,1.529379963874816895e+00,1.531722187995910645e+00,1.534539937973022461e+00,1.537837386131286621e+00,1.541619539260864258e+00,1.545892357826232910e+00,1.550662517547607422e+00,1.555938124656677246e+00,1.561726570129394531e+00,1.568037748336791992e+00,1.574881792068481445e+00,1.582270145416259766e+00,1.590214490890502930e+00,1.598728656768798828e+00,1.607827067375183105e+00,1.617524862289428711e+00,1.627839565277099609e+00,1.638788938522338867e+00,1.650392413139343262e+00,1.662671566009521484e+00,1.675649166107177734e+00,1.689349889755249023e+00,1.703799009323120117e+00,1.719026088714599609e+00,1.735061287879943848e+00,1.751936674118041992e+00,1.769688010215759277e+00,1.788353562355041504e+00,1.807973146438598633e+00,1.828590989112854004e+00,1.850255012512207031e+00,1.849808573722839355e+00,1.805795431137084961e+00,1.763839125633239746e+00,1.724468708038330078e+00,1.687338113784790039e+00,1.652024269104003906e+00,1.618752837181091309e+00,1.587302446365356445e+00,1.557340025901794434e+00,1.529027223587036133e+00,1.502205491065979004e+00,1.477107048034667969e+00,1.453269481658935547e+00,1.430617451667785645e+00,1.409083247184753418e+00,1.388604879379272461e+00,1.369123935699462891e+00,1.350587725639343262e+00,1.332947731018066406e+00,1.316157937049865723e+00,1.300177097320556641e+00,1.284966230392456055e+00,1.270490050315856934e+00,1.256714701652526855e+00,1.243609666824340820e+00,1.231146216392517090e+00,1.219297766685485840e+00,1.208039760589599609e+00,1.197349071502685547e+00,1.187204599380493164e+00,1.177586197853088379e+00,1.168475270271301270e+00,1.159855246543884277e+00,1.151709437370300293e+00,1.144023060798645020e+00,1.136782884597778320e+00,1.129975795745849609e+00,1.123589873313903809e+00,1.117614507675170898e+00,1.112038850784301758e+00,1.106854319572448730e+00,1.102052211761474609e+00,1.097624063491821289e+00,1.093563556671142578e+00,1.089863419532775879e+00,1.086518168449401855e+00,1.083522558212280273e+00,1.080871582031250000e+00,1.078561305999755859e+00,1.076588392257690430e+00,1.074949264526367188e+00,1.073641657829284668e+00,1.072663664817810059e+00,1.072013854980468750e+00,1.071690917015075684e+00,esquerda
5.969497680664062500e+00,5.971336841583251953e+00,5.974997043609619141e+00,5.980484962463378906e+00,5.987809181213378906e+00,5.996979236602783203e+00,6.008011341094970703e+00,6.020920753479003906e+00,6.035729408264160156e+00,6.052458763122558594e+00,6.071135520935058594e+00,6.091788768768310547e+00,6.114451885223388672e+00,6.139162063598632812e+00,6.062516689300537109e+00,5.716249465942382812e+00,5.377581119537353516e+00,5.079753398895263672e+00,4.814342021942138672e+00,4.575684070587158203e+00,4.360908508300781250e+00,4.166799545288085938e+00,3.989352464675903320e+00,3.827274322509765625e+00,3.680452108383178711e+00,3.545015573501586914e+00,3.419807672500610352e+00,3.303380966186523438e+00,3.196830749511718750e+00,3.097455501556396484e+00,3.004232168197631836e+00,2.918147802352905273e+00,2.837201595306396484e+00,2.761244297027587891e+00,2.690571784973144531e+00,2.623488664627075195e+00,2.561253070831298828e+00,2.501932621002197266e+00,2.446274995803833008e+00,2.393792867660522461e+00,2.343885421752929688e+00,2.296872854232788086e+00,2.252442598342895508e+00,2.210123777389526367e+00,2.170144319534301758e+00,2.132161140441894531e+00,2.096538305282592773e+00,2.062703847885131836e+00,2.030552864074707031e+00,1.999988198280334473e+00,1.970921754837036133e+00,1.943271636962890625e+00,1.916962504386901855e+00,1.891924619674682617e+00,1.868094444274902344e+00,1.845411777496337891e+00,1.823822021484375000e+00,1.803275108337402344e+00,1.783723354339599609e+00,1.765122413635253906e+00,1.747432827949523926e+00,1.730615377426147461e+00,1.714636325836181641e+00,1.699462652206420898e+00,1.685064196586608887e+00,1.671411991119384766e+00,1.658481001853942871e+00,1.646245598793029785e+00,1.634683966636657715e+00,1.623774409294128418e+00,1.613498091697692871e+00,1.603836417198181152e+00,1.594772696495056152e+00,1.586291313171386719e+00,1.578377604484558105e+00,1.571018815040588379e+00,1.564202666282653809e+00,1.557918071746826172e+00,1.552154541015625000e+00,1.546902775764465332e+00,1.542154788970947266e+00,1.537902951240539551e+00,1.534140348434448242e+00,1.530861377716064453e+00,1.528060913085937500e+00,1.525734424591064453e+00,1.523878455162048340e+00,1.522490501403808594e+00,1.521568059921264648e+00,1.521109700202941895e+00,1.521114826202392578e+00,1.521583437919616699e+00,1.522516131401062012e+00,1.523914456367492676e+00,1.525780677795410156e+00,1.528117537498474121e+00,1.530928611755371094e+00,1.534218311309814453e+00,1.537991642951965332e+00,1.542254447937011719e+00,1.547013282775878906e+00,1.552276492118835449e+00,1.558051228523254395e+00,1.564347624778747559e+00,1.571175575256347656e+00,1.578546643257141113e+00,1.586472153663635254e+00,1.594966292381286621e+00,1.604043006896972656e+00,1.613718271255493164e+00,1.624008655548095703e+00,1.634932279586791992e+00,1.646508455276489258e+00,1.658758640289306641e+00,1.671705722808837891e+00,1.685374140739440918e+00,1.699789285659790039e+00,1.714980721473693848e+00,1.730977892875671387e+00,1.747813820838928223e+00,1.765523314476013184e+00,1.784144759178161621e+00,1.803718209266662598e+00,1.824287533760070801e+00,1.845900654792785645e+00,1.849899172782897949e+00,1.805880904197692871e+00,1.763919353485107422e+00,1.724544525146484375e+00,1.687409520149230957e+00,1.652091741561889648e+00,1.618816614151000977e+00,1.587362647056579590e+00,1.557397127151489258e+00,1.529081106185913086e+00,1.502203822135925293e+00,1.477105498313903809e+00,1.453267812728881836e+00,1.430615663528442383e+00,1.409081697463989258e+00,1.388603210449218750e+00,1.369122266769409180e+00,1.350585937500000000e+00,1.332946062088012695e+00,1.316156387329101562e+00,1.300175428390502930e+00,1.284964323043823242e+00,1.270488142967224121e+00,1.256713032722473145e+00,1.243607878684997559e+00,1.231144428253173828e+00,1.219295978546142578e+00,1.208037972450256348e+00,1.197347521781921387e+00,1.187203049659729004e+00,1.177584528923034668e+00,1.168473601341247559e+00,1.159853339195251465e+00,1.151707768440246582e+00,1.144021630287170410e+00,1.136781334877014160e+00,1.129974126815795898e+00,1.123588323593139648e+00,1.117612600326538086e+00,1.112037420272827148e+00,1.106852650642395020e+00,1.102050542831420898e+00,1.097622394561767578e+00,1.093561887741088867e+00,1.089861750602722168e+00,1.086516618728637695e+00,1.083521008491516113e+00,1.080869793891906738e+00,1.078559637069702148e+00,1.076586604118347168e+00,1.074947476387023926e+00,1.073639988899230957e+00,1.072661995887756348e+00,1.072012066841125488e+00,1.071689128875732422e+00,esquerda
5.969498157501220703e+00,5.971337318420410156e+00,5.974997520446777344e+00,5.980485439300537109e+00,5.987809658050537109e+00,5.996979713439941406e+00,6.008011817932128906e+00,6.020921230316162109e+00,6.035729885101318359e+00,6.052459239959716797e+00,6.071135997772216797e+00,6.091789245605468750e+00,6.114452362060546875e+00,6.139162540435791016e+00,6.049780845642089844e+00,5.702450752258300781e+00,5.364621639251708984e+00,5.067528247833251953e+00,4.802769660949707031e+00,4.564697742462158203e+00,4.350448131561279297e+00,4.156813621520996094e+00,3.979799509048461914e+00,3.818115949630737305e+00,3.671651601791381836e+00,3.536543846130371094e+00,3.411639690399169922e+00,3.295495033264160156e+00,3.189202308654785156e+00,3.090067625045776367e+00,2.997068881988525391e+00,2.911192417144775391e+00,2.830441236495971680e+00,2.754666805267333984e+00,2.684164047241210938e+00,2.617242574691772461e+00,2.555156230926513672e+00,2.495977878570556641e+00,2.440454244613647461e+00,2.388097524642944336e+00,2.338309288024902344e+00,2.291409254074096680e+00,2.247084856033325195e+00,2.204867601394653320e+00,2.164983272552490234e+00,2.127130508422851562e+00,2.091591596603393555e+00,2.057837009429931641e+00,2.025761842727661133e+00,1.995269417762756348e+00,1.966271162033081055e+00,1.938686609268188477e+00,1.912439346313476562e+00,1.887460827827453613e+00,1.863686800003051758e+00,1.841057658195495605e+00,1.819518804550170898e+00,1.799020290374755859e+00,1.779514908790588379e+00,1.760957717895507812e+00,1.743309855461120605e+00,1.726532101631164551e+00,1.710590839385986328e+00,1.695452809333801270e+00,1.681088328361511230e+00,1.667468547821044922e+00,1.654567718505859375e+00,1.642361402511596680e+00,1.630826950073242188e+00,1.619943261146545410e+00,1.609691143035888672e+00,1.600052237510681152e+00,1.591009855270385742e+00,1.582548260688781738e+00,1.574653506278991699e+00,1.567312240600585938e+00,1.560512065887451172e+00,1.554242372512817383e+00,1.548492312431335449e+00,1.543253064155578613e+00,1.538516283035278320e+00,1.534274339675903320e+00,1.530520677566528320e+00,1.527249336242675781e+00,1.524455428123474121e+00,1.522134542465209961e+00,1.520282983779907227e+00,1.518898248672485352e+00,1.517977952957153320e+00,1.517520904541015625e+00,1.517525911331176758e+00,1.517993211746215820e+00,1.518923878669738770e+00,1.520318865776062012e+00,1.522180676460266113e+00,1.524512052536010742e+00,1.527316570281982422e+00,1.530598282814025879e+00,1.534362792968750000e+00,1.538615584373474121e+00,1.543363213539123535e+00,1.548613905906677246e+00,1.554375052452087402e+00,1.560656547546386719e+00,1.567468523979187012e+00,1.574821829795837402e+00,1.582728981971740723e+00,1.591203093528747559e+00,1.600258469581604004e+00,1.609910845756530762e+00,1.620176911354064941e+00,1.631074666976928711e+00,1.642623543739318848e+00,1.654845118522644043e+00,1.667761445045471191e+00,1.681397557258605957e+00,1.695778727531433105e+00,1.710934400558471680e+00,1.726893782615661621e+00,1.743690013885498047e+00,1.761357545852661133e+00,1.779935359954833984e+00,1.799462437629699707e+00,1.819983363151550293e+00,1.841545343399047852e+00,1.849833846092224121e+00,1.805819630622863770e+00,1.763862013816833496e+00,1.724490642547607422e+00,1.687358856201171875e+00,1.652044057846069336e+00,1.618771910667419434e+00,1.587320566177368164e+00,1.557357549667358398e+00,1.529043793678283691e+00,1.502202868461608887e+00,1.477104663848876953e+00,1.453266859054565430e+00,1.430615067481994629e+00,1.409080862998962402e+00,1.388602375984191895e+00,1.369121432304382324e+00,1.350585222244262695e+00,1.332945227622985840e+00,1.316155552864074707e+00,1.300174713134765625e+00,1.284963607788085938e+00,1.270487427711486816e+00,1.256712317466735840e+00,1.243607044219970703e+00,1.231143712997436523e+00,1.219295382499694824e+00,1.208037257194519043e+00,1.197346687316894531e+00,1.187202215194702148e+00,1.177583813667297363e+00,1.168473005294799805e+00,1.159852743148803711e+00,1.151707172393798828e+00,1.144020795822143555e+00,1.136780619621276855e+00,1.129973530769348145e+00,1.123587727546691895e+00,1.117612004280090332e+00,1.112036824226379395e+00,1.106851935386657715e+00,1.102049946784973145e+00,1.097621798515319824e+00,1.093561291694641113e+00,1.089861035346984863e+00,1.086515903472900391e+00,1.083520293235778809e+00,1.080869197845458984e+00,1.078559041023254395e+00,1.076586008071899414e+00,1.074946880340576172e+00,1.073639273643493652e+00,1.072661399841308594e+00,1.072011470794677734e+00,1.071688532829284668e+00,esquerda
5.969497680664062500e+00,5.971336841583251953e+00,5.974997520446777344e+00,5.980485439300537109e+00,5.987809181213378906e+00,5.996979236602783203e+00,6.008011341094970703e+00,6.020920753479003906e+00,6.035729408264160156e+00,6.052458286285400391e+00,6.071135044097900391e+00,6.091788768768310547e+00,6.114451885223388672e+00,6.139162540435791016e+00,6.038394927978515625e+00,5.690032958984375000e+00,5.352878570556640625e+00,5.056385040283203125e+00,4.792166233062744141e+00,4.554583072662353516e+00,4.340775489807128906e+00,4.147542953491210938e+00,3.970899343490600586e+00,3.809555053710937500e+00,3.663398742675781250e+00,3.528576612472534180e+00,3.403936862945556641e+00,3.288039684295654297e+00,3.181973457336425781e+00,3.083051204681396484e+00,2.990252017974853516e+00,2.904560565948486328e+00,2.823983192443847656e+00,2.748372316360473633e+00,2.678022384643554688e+00,2.611246109008789062e+00,2.549294471740722656e+00,2.490244865417480469e+00,2.434841871261596680e+00,2.382599353790283203e+00,2.332920074462890625e+00,2.286122322082519531e+00,2.241894721984863281e+00,2.199769496917724609e+00,2.159972667694091797e+00,2.122095108032226562e+00,2.086640357971191406e+00,2.052965879440307617e+00,2.020966291427612305e+00,1.990546107292175293e+00,1.961616754531860352e+00,1.934097409248352051e+00,1.907912373542785645e+00,1.882992863655090332e+00,1.859275102615356445e+00,1.836699366569519043e+00,1.815211534500122070e+00,1.794761776924133301e+00,1.775302410125732422e+00,1.756789207458496094e+00,1.739182949066162109e+00,1.722445249557495117e+00,1.706541538238525391e+00,1.691439390182495117e+00,1.677109003067016602e+00,1.663521170616149902e+00,1.650651097297668457e+00,1.638473510742187500e+00,1.626966357231140137e+00,1.616108536720275879e+00,1.605880618095397949e+00,1.596264600753784180e+00,1.587243676185607910e+00,1.578802347183227539e+00,1.570926070213317871e+00,1.563602089881896973e+00,1.556818008422851562e+00,1.550562977790832520e+00,1.544826745986938477e+00,1.539599776268005371e+00,1.534874200820922852e+00,1.530642390251159668e+00,1.526897668838500977e+00,1.523634076118469238e+00,1.520846843719482422e+00,1.518531322479248047e+00,1.516684174537658691e+00,1.515302777290344238e+00,1.514384627342224121e+00,1.513928413391113281e+00,1.513933539390563965e+00,1.514400005340576172e+00,1.515328288078308105e+00,1.516719937324523926e+00,1.518577456474304199e+00,1.520903110504150391e+00,1.523701071739196777e+00,1.526975274085998535e+00,1.530730605125427246e+00,1.534973263740539551e+00,1.539709806442260742e+00,1.544947862625122070e+00,1.550695538520812988e+00,1.556962251663208008e+00,1.563758015632629395e+00,1.571094036102294922e+00,1.578982234001159668e+00,1.587436437606811523e+00,1.596470355987548828e+00,1.606099843978881836e+00,1.616341710090637207e+00,1.627213716506958008e+00,1.638735294342041016e+00,1.650927543640136719e+00,1.663813471794128418e+00,1.677417397499084473e+00,1.691764593124389648e+00,1.706884145736694336e+00,1.722805857658386230e+00,1.739562392234802246e+00,1.757188200950622559e+00,1.775721788406372070e+00,1.795202851295471191e+00,1.815675020217895508e+00,1.837186217308044434e+00,1.849818348884582520e+00,1.805803298950195312e+00,1.763844966888427734e+00,1.724472880363464355e+00,1.687340378761291504e+00,1.652025103569030762e+00,1.618752241134643555e+00,1.587300539016723633e+00,1.557336926460266113e+00,1.529022932052612305e+00,1.502202749252319336e+00,1.477104306221008301e+00,1.453266739845275879e+00,1.430614709854125977e+00,1.409080743789672852e+00,1.388602256774902344e+00,1.369121432304382324e+00,1.350584983825683594e+00,1.332945108413696289e+00,1.316155552864074707e+00,1.300174474716186523e+00,1.284963488578796387e+00,1.270487427711486816e+00,1.256712198257446289e+00,1.243607044219970703e+00,1.231143712997436523e+00,1.219295382499694824e+00,1.208037257194519043e+00,1.197346687316894531e+00,1.187202215194702148e+00,1.177583932876586914e+00,1.168473005294799805e+00,1.159852862358093262e+00,1.151707172393798828e+00,1.144020915031433105e+00,1.136780619621276855e+00,1.129973649978637695e+00,1.123587846755981445e+00,1.117612123489379883e+00,1.112036943435668945e+00,1.106852173805236816e+00,1.102050065994262695e+00,1.097621917724609375e+00,1.093561410903930664e+00,1.089861392974853516e+00,1.086516141891479492e+00,1.083520412445068359e+00,1.080869436264038086e+00,1.078559279441833496e+00,1.076586246490478516e+00,1.074947118759155273e+00,1.073639631271362305e+00,1.072661638259887695e+00,1.072011828422546387e+00,1.071688771247863770e+00,esquerda
5.969499588012695312e+00,5.971338748931884766e+00,5.974998950958251953e+00,5.980487346649169922e+00,5.987811088562011719e+00,5.996981143951416016e+00,6.008013248443603516e+00,6.020922660827636719e+00,6.035731315612792969e+00,6.052460193634033203e+00,6.071137428283691406e+00,6.091791152954101562e+00,6.114453792572021484e+00,6.139164447784423828e+00,6.025661945343017578e+00,5.676236629486083984e+00,5.339920043945312500e+00,5.044161796569824219e+00,4.780595302581787109e+00,4.543597221374511719e+00,4.330316543579101562e+00,4.137558460235595703e+00,3.961346864700317383e+00,3.800397634506225586e+00,3.654597997665405273e+00,3.520104646682739258e+00,3.395768880844116211e+00,3.280153274536132812e+00,3.174345016479492188e+00,3.075662851333618164e+00,2.983088970184326172e+00,2.897604703903198242e+00,2.817222595214843750e+00,2.741794586181640625e+00,2.671614885330200195e+00,2.604999542236328125e+00,2.543197393417358398e+00,2.484290361404418945e+00,2.429020404815673828e+00,2.376903533935546875e+00,2.327343463897705078e+00,2.280658245086669922e+00,2.236537218093872070e+00,2.194513082504272461e+00,2.154811382293701172e+00,2.117063999176025391e+00,2.081693172454833984e+00,2.048098325729370117e+00,2.016175031661987305e+00,1.985826611518859863e+00,1.956966161727905273e+00,1.929511666297912598e+00,1.903388977050781250e+00,1.878528475761413574e+00,1.854866981506347656e+00,1.832344889640808105e+00,1.810908079147338867e+00,1.790506720542907715e+00,1.771093249320983887e+00,1.752624034881591797e+00,1.735059618949890137e+00,1.718361616134643555e+00,1.702495574951171875e+00,1.687429189682006836e+00,1.673132777214050293e+00,1.659577131271362305e+00,1.646737575531005859e+00,1.634588956832885742e+00,1.623109102249145508e+00,1.612276911735534668e+00,1.602073311805725098e+00,1.592479944229125977e+00,1.583480477333068848e+00,1.575059175491333008e+00,1.567201495170593262e+00,1.559894919395446777e+00,1.553126931190490723e+00,1.546886920928955078e+00,1.541164159774780273e+00,1.535949587821960449e+00,1.531235218048095703e+00,1.527013421058654785e+00,1.523277521133422852e+00,1.520021796226501465e+00,1.517241120338439941e+00,1.514931082725524902e+00,1.513088345527648926e+00,1.511710286140441895e+00,1.510794281959533691e+00,1.510339140892028809e+00,1.510344266891479492e+00,1.510809540748596191e+00,1.511735677719116211e+00,1.513124108314514160e+00,1.514977097511291504e+00,1.517297387123107910e+00,1.520088672637939453e+00,1.523354887962341309e+00,1.527101516723632812e+00,1.531334042549133301e+00,1.536059260368347168e+00,1.541285157203674316e+00,1.547019004821777344e+00,1.553270936012268066e+00,1.560050606727600098e+00,1.567369341850280762e+00,1.575238704681396484e+00,1.583672761917114258e+00,1.592685341835021973e+00,1.602292060852050781e+00,1.612509489059448242e+00,1.623355746269226074e+00,1.634849905967712402e+00,1.647013664245605469e+00,1.659868717193603516e+00,1.673440456390380859e+00,1.687753677368164062e+00,1.702837347984313965e+00,1.718721270561218262e+00,1.735438227653503418e+00,1.753022193908691406e+00,1.771511793136596680e+00,1.790946722030639648e+00,1.811370491981506348e+00,1.832830429077148438e+00,1.849845767021179199e+00,1.805831193923950195e+00,1.763872981071472168e+00,1.724501013755798340e+00,1.687368988990783691e+00,1.652053952217102051e+00,1.618780970573425293e+00,1.587329387664794922e+00,1.557366013526916504e+00,1.529052138328552246e+00,1.502200245857238770e+00,1.477101802825927734e+00,1.453264355659484863e+00,1.430612325668334961e+00,1.409078359603881836e+00,1.388599872589111328e+00,1.369119167327880859e+00,1.350582957267761230e+00,1.332943081855773926e+00,1.316153526306152344e+00,1.300172686576843262e+00,1.284961462020874023e+00,1.270485639572143555e+00,1.256710290908813477e+00,1.243605136871337891e+00,1.231141805648803711e+00,1.219293594360351562e+00,1.208035349845886230e+00,1.197344899177551270e+00,1.187200546264648438e+00,1.177581906318664551e+00,1.168471217155456543e+00,1.159851074218750000e+00,1.151705384254455566e+00,1.144019126892089844e+00,1.136778831481933594e+00,1.129971981048583984e+00,1.123585939407348633e+00,1.117610573768615723e+00,1.112034916877746582e+00,1.106850385665893555e+00,1.102048277854919434e+00,1.097620129585266113e+00,1.093559622764587402e+00,1.089859485626220703e+00,1.086514234542846680e+00,1.083518743515014648e+00,1.080867767333984375e+00,1.078557610511779785e+00,1.076584577560424805e+00,1.074945449829101562e+00,1.073637962341308594e+00,1.072659969329833984e+00,1.072010040283203125e+00,1.071687102317810059e+00,esquerda
5.969500541687011719e+00,5.971339225769042969e+00,5.974999427795410156e+00,5.980487823486328125e+00,5.987811565399169922e+00,5.996981620788574219e+00,6.008013725280761719e+00,6.020923614501953125e+00,6.035731792449951172e+00,6.052460670471191406e+00,6.071137905120849609e+00,6.091791629791259766e+00,6.114454269409179688e+00,6.139164924621582031e+00,6.012928485870361328e+00,5.662440299987792969e+00,5.326961994171142578e+00,5.031938076019287109e+00,4.769024372100830078e+00,4.532612800598144531e+00,4.319857120513916016e+00,4.127573966979980469e+00,3.951796054840087891e+00,3.791240453720092773e+00,3.645797967910766602e+00,3.511633634567260742e+00,3.387601613998413086e+00,3.272267818450927734e+00,3.166717290878295898e+00,3.068275213241577148e+00,2.975926399230957031e+00,2.890649557113647461e+00,2.810462713241577148e+00,2.735217332839965820e+00,2.665207624435424805e+00,2.598753690719604492e+00,2.537100791931152344e+00,2.478335857391357422e+00,2.423199176788330078e+00,2.371208190917968750e+00,2.321767807006835938e+00,2.275194644927978516e+00,2.231179952621459961e+00,2.189256429672241211e+00,2.149650335311889648e+00,2.112032175064086914e+00,2.076745510101318359e+00,2.043230533599853516e+00,2.011382818222045898e+00,1.981107115745544434e+00,1.952314734458923340e+00,1.924925684928894043e+00,1.898864746093750000e+00,1.874063611030578613e+00,1.850458383560180664e+00,1.827989697456359863e+00,1.806603789329528809e+00,1.786250829696655273e+00,1.766883850097656250e+00,1.748458385467529297e+00,1.730935692787170410e+00,1.714277267456054688e+00,1.698448896408081055e+00,1.683418631553649902e+00,1.669155955314636230e+00,1.655632734298706055e+00,1.642823576927185059e+00,1.630703926086425781e+00,1.619251251220703125e+00,1.608444809913635254e+00,1.598265409469604492e+00,1.588695168495178223e+00,1.579717040061950684e+00,1.571315407752990723e+00,1.563476562500000000e+00,1.556187272071838379e+00,1.549435496330261230e+00,1.543210268020629883e+00,1.537501096725463867e+00,1.532299041748046875e+00,1.527595758438110352e+00,1.523383975028991699e+00,1.519657015800476074e+00,1.516409039497375488e+00,1.513634920120239258e+00,1.511330485343933105e+00,1.509491920471191406e+00,1.508117079734802246e+00,1.507203340530395508e+00,1.506749272346496582e+00,1.506754398345947266e+00,1.507218480110168457e+00,1.508142709732055664e+00,1.509527802467346191e+00,1.511376380920410156e+00,1.513691067695617676e+00,1.516475677490234375e+00,1.519734263420104980e+00,1.523471951484680176e+00,1.527694344520568848e+00,1.532408475875854492e+00,1.537621855735778809e+00,1.543342113494873047e+00,1.549579024314880371e+00,1.556342601776123047e+00,1.563643932342529297e+00,1.571494817733764648e+00,1.579908847808837891e+00,1.588899970054626465e+00,1.598483562469482422e+00,1.608676791191101074e+00,1.619497418403625488e+00,1.630964159965515137e+00,1.643098950386047363e+00,1.655923724174499512e+00,1.669463038444519043e+00,1.683742046356201172e+00,1.698790073394775391e+00,1.714636325836181641e+00,1.731313347816467285e+00,1.748855590820312500e+00,1.767301082611083984e+00,1.786689996719360352e+00,1.807065248489379883e+00,1.828474283218383789e+00,1.849827527999877930e+00,1.805812239646911621e+00,1.763853311538696289e+00,1.724480748176574707e+00,1.687348127365112305e+00,1.652032494544982910e+00,1.618759512901306152e+00,1.587307095527648926e+00,1.557343482971191406e+00,1.529029250144958496e+00,1.502199888229370117e+00,1.477101564407348633e+00,1.453263998031616211e+00,1.430612087249755859e+00,1.409077882766723633e+00,1.388599634170532227e+00,1.369118690490722656e+00,1.350582480430603027e+00,1.332942605018615723e+00,1.316152811050415039e+00,1.300172090530395508e+00,1.284961104393005371e+00,1.270484924316406250e+00,1.256709694862365723e+00,1.243604540824890137e+00,1.231141328811645508e+00,1.219292879104614258e+00,1.208034753799438477e+00,1.197344303131103516e+00,1.187199831008911133e+00,1.177581429481506348e+00,1.168470740318298340e+00,1.159850358963012695e+00,1.151704668998718262e+00,1.144018530845642090e+00,1.136778235435485840e+00,1.129971265792846680e+00,1.123585343360900879e+00,1.117609858512878418e+00,1.112034440040588379e+00,1.106849789619445801e+00,1.102047562599182129e+00,1.097619533538818359e+00,1.093559026718139648e+00,1.089858889579772949e+00,1.086513638496398926e+00,1.083518028259277344e+00,1.080866932868957520e+00,1.078556776046752930e+00,1.076583862304687500e+00,1.074944615364074707e+00,1.073637127876281738e+00,1.072659134864807129e+00,1.072009325027465820e+00,1.071686267852783203e+00,esquerda
5.969500541687011719e+00,5.971339225769042969e+00,5.974999427795410156e+00,5.980487346649169922e+00,5.987810611724853516e+00,5.996981143951416016e+00,6.008013248443603516e+00,6.020923137664794922e+00,6.035731315612792969e+00,6.052460193634033203e+00,6.071137428283691406e+00,6.091791152954101562e+00,6.114454269409179688e+00,6.139164924621582031e+00,6.000621795654296875e+00,5.649034976959228516e+00,5.314302444458007812e+00,5.019938468933105469e+00,4.757617473602294922e+00,4.521740436553955078e+00,4.309469223022460938e+00,4.117624759674072266e+00,3.942250013351440430e+00,3.782064199447631836e+00,3.636978149414062500e+00,3.503144025802612305e+00,3.379416704177856445e+00,3.264366388320922852e+00,3.159074544906616211e+00,3.060873985290527344e+00,2.968751430511474609e+00,2.883682727813720703e+00,2.803691387176513672e+00,2.728629827499389648e+00,2.658790826797485352e+00,2.592498302459716797e+00,2.530995368957519531e+00,2.472373485565185547e+00,2.417371034622192383e+00,2.365506172180175781e+00,2.316185474395751953e+00,2.269725084304809570e+00,2.225816726684570312e+00,2.183994531631469727e+00,2.144484043121337891e+00,2.106999397277832031e+00,2.071796655654907227e+00,2.038361549377441406e+00,2.006589889526367188e+00,1.976386189460754395e+00,1.947662472724914551e+00,1.920338988304138184e+00,1.894339919090270996e+00,1.869597554206848145e+00,1.846048831939697266e+00,1.823633670806884766e+00,1.802298784255981445e+00,1.781994223594665527e+00,1.762673377990722656e+00,1.744291782379150391e+00,1.726810932159423828e+00,1.710192084312438965e+00,1.694401383399963379e+00,1.679406762123107910e+00,1.665178179740905762e+00,1.651687264442443848e+00,1.638908505439758301e+00,1.626817703247070312e+00,1.615392327308654785e+00,1.604611635208129883e+00,1.594456553459167480e+00,1.584908962249755859e+00,1.575952172279357910e+00,1.567570686340332031e+00,1.559750556945800781e+00,1.552478551864624023e+00,1.545742869377136230e+00,1.539532423019409180e+00,1.533836841583251953e+00,1.528647184371948242e+00,1.523955106735229492e+00,1.519753456115722656e+00,1.516035318374633789e+00,1.512794971466064453e+00,1.510027408599853516e+00,1.507728457450866699e+00,1.505894303321838379e+00,1.504522800445556641e+00,1.503611207008361816e+00,1.503158330917358398e+00,1.503163337707519531e+00,1.503626346588134766e+00,1.504548072814941406e+00,1.505929708480834961e+00,1.507774114608764648e+00,1.510083317756652832e+00,1.512861251831054688e+00,1.516112089157104492e+00,1.519840955734252930e+00,1.524053215980529785e+00,1.528756022453308105e+00,1.533956885337829590e+00,1.539663672447204590e+00,1.545885682106018066e+00,1.552633285522460938e+00,1.559916853904724121e+00,1.567749142646789551e+00,1.576142787933349609e+00,1.585112571716308594e+00,1.594673633575439453e+00,1.604842543601989746e+00,1.615637183189392090e+00,1.627076625823974609e+00,1.639182448387145996e+00,1.651976585388183594e+00,1.665483713150024414e+00,1.679728746414184570e+00,1.694740772247314453e+00,1.710549235343933105e+00,1.727186560630798340e+00,1.744686961174011230e+00,1.763088703155517578e+00,1.782431125640869141e+00,1.802757620811462402e+00,1.824115514755249023e+00,1.845924377441406250e+00,1.805837988853454590e+00,1.763879418373107910e+00,1.724507331848144531e+00,1.687375068664550781e+00,1.652059435844421387e+00,1.618786454200744629e+00,1.587334632873535156e+00,1.557371139526367188e+00,1.529056787490844727e+00,1.502200245857238770e+00,1.477101802825927734e+00,1.453264355659484863e+00,1.430612325668334961e+00,1.409078359603881836e+00,1.388599872589111328e+00,1.369119167327880859e+00,1.350582718849182129e+00,1.332942843437194824e+00,1.316153287887573242e+00,1.300172328948974609e+00,1.284961342811584473e+00,1.270485162734985352e+00,1.256710052490234375e+00,1.243605017662048340e+00,1.231141567230224609e+00,1.219293236732482910e+00,1.208035111427307129e+00,1.197344660758972168e+00,1.187200307846069336e+00,1.177581667900085449e+00,1.168470859527587891e+00,1.159850716590881348e+00,1.151705026626586914e+00,1.144018888473510742e+00,1.136778473854064941e+00,1.129971623420715332e+00,1.123585581779479980e+00,1.117610096931457520e+00,1.112034559249877930e+00,1.106850147247314453e+00,1.102047920227050781e+00,1.097619771957397461e+00,1.093559265136718750e+00,1.089859127998352051e+00,1.086513876914978027e+00,1.083518266677856445e+00,1.080867290496826172e+00,1.078557014465332031e+00,1.076584100723266602e+00,1.074944853782653809e+00,1.073637366294860840e+00,1.072659373283386230e+00,1.072009444236755371e+00,1.071686506271362305e+00,esquerda
5.969501972198486328e+00,5.971341133117675781e+00,5.975001335144042969e+00,5.980489253997802734e+00,5.987812995910644531e+00,5.996983528137207031e+00,6.008015632629394531e+00,6.020925521850585938e+00,6.035733222961425781e+00,6.052462577819824219e+00,6.071139812469482422e+00,6.091793060302734375e+00,6.114455699920654297e+00,6.139166355133056641e+00,5.988788604736328125e+00,5.636200904846191406e+00,5.302235603332519531e+00,5.008545875549316406e+00,4.746824741363525391e+00,4.511487007141113281e+00,4.299699783325195312e+00,4.108293056488037109e+00,3.933317899703979492e+00,3.773497343063354492e+00,3.628720998764038086e+00,3.495172739028930664e+00,3.371710777282714844e+00,3.256907463073730469e+00,3.151842832565307617e+00,3.053854465484619141e+00,2.961931228637695312e+00,2.877048015594482422e+00,2.797231435775756836e+00,2.722333431243896484e+00,2.652646541595458984e+00,2.586499452590942383e+00,2.525131702423095703e+00,2.466638326644897461e+00,2.411756753921508789e+00,2.360005855560302734e+00,2.310794115066528320e+00,2.264436483383178711e+00,2.220624685287475586e+00,2.178894996643066406e+00,2.139471769332885742e+00,2.101966619491577148e+00,2.066848039627075195e+00,2.033492803573608398e+00,2.001796960830688477e+00,1.971665263175964355e+00,1.943010210990905762e+00,1.915751695632934570e+00,1.889815330505371094e+00,1.865132212638854980e+00,1.841639399528503418e+00,1.819277882575988770e+00,1.797994017601013184e+00,1.777737975120544434e+00,1.758463144302368164e+00,1.740125536918640137e+00,1.722686409950256348e+00,1.706107497215270996e+00,1.690354585647583008e+00,1.675395727157592773e+00,1.661201000213623047e+00,1.647742152214050293e+00,1.634994149208068848e+00,1.622932314872741699e+00,1.611534357070922852e+00,1.600779175758361816e+00,1.590648412704467773e+00,1.581123828887939453e+00,1.572188496589660645e+00,1.563827037811279297e+00,1.556025505065917969e+00,1.548770904541015625e+00,1.542051196098327637e+00,1.535855531692504883e+00,1.530173659324645996e+00,1.524996519088745117e+00,1.520315647125244141e+00,1.516123890876770020e+00,1.512414813041687012e+00,1.509182095527648926e+00,1.506421208381652832e+00,1.504127621650695801e+00,1.502298235893249512e+00,1.500929832458496094e+00,1.500020384788513184e+00,1.499568581581115723e+00,1.499573588371276855e+00,1.500035405158996582e+00,1.500955104827880859e+00,1.502333521842956543e+00,1.504173398017883301e+00,1.506477117538452148e+00,1.509248375892639160e+00,1.512491583824157715e+00,1.516211390495300293e+00,1.520413756370544434e+00,1.525105357170104980e+00,1.530293941497802734e+00,1.535987019538879395e+00,1.542194128036499023e+00,1.548925399780273438e+00,1.556192159652709961e+00,1.564005374908447266e+00,1.572379231452941895e+00,1.581327676773071289e+00,1.590865612030029297e+00,1.601010203361511230e+00,1.611779093742370605e+00,1.623191475868225098e+00,1.635268330574035645e+00,1.648031830787658691e+00,1.661506652832031250e+00,1.675717711448669434e+00,1.690693974494934082e+00,1.706464767456054688e+00,1.723062396049499512e+00,1.740520954132080078e+00,1.758878946304321289e+00,1.778175234794616699e+00,1.798453092575073242e+00,1.819759964942932129e+00,1.841583967208862305e+00,1.805817127227783203e+00,1.763858079910278320e+00,1.724485397338867188e+00,1.687352418899536133e+00,1.652036666870117188e+00,1.618763446807861328e+00,1.587311148643493652e+00,1.557347536087036133e+00,1.529032945632934570e+00,1.502197384834289551e+00,1.477099061012268066e+00,1.453261613845825195e+00,1.430609703063964844e+00,1.409075617790222168e+00,1.388597249984741211e+00,1.369116663932800293e+00,1.350580453872680664e+00,1.332940578460693359e+00,1.316150784492492676e+00,1.300170063972473145e+00,1.284959197044372559e+00,1.270483016967773438e+00,1.256707668304443359e+00,1.243602752685546875e+00,1.231139302253723145e+00,1.219290971755981445e+00,1.208033084869384766e+00,1.197342514991760254e+00,1.187198042869567871e+00,1.177579522132873535e+00,1.168469071388244629e+00,1.159848690032958984e+00,1.151703000068664551e+00,1.144016861915588379e+00,1.136776566505432129e+00,1.129969716072082520e+00,1.123583674430847168e+00,1.117608428001403809e+00,1.112032771110534668e+00,1.106848359107971191e+00,1.102046012878417969e+00,1.097618103027343750e+00,1.093557596206665039e+00,1.089857459068298340e+00,1.086512207984924316e+00,1.083516597747802734e+00,1.080865621566772461e+00,1.078555464744567871e+00,1.076582431793212891e+00,1.074943304061889648e+00,1.073635816574096680e+00,1.072657823562622070e+00,1.072007894515991211e+00,1.071684956550598145e+00,esquerda
5.969502449035644531e+00,5.971341609954833984e+00,5.975001811981201172e+00,5.980489730834960938e+00,5.987813949584960938e+00,5.996984004974365234e+00,6.008016109466552734e+00,6.020925998687744141e+00,6.035733699798583984e+00,6.052463054656982422e+00,6.071140289306640625e+00,6.091793537139892578e+00,6.114456653594970703e+00,6.139166831970214844e+00,5.976039409637451172e+00,5.622391223907470703e+00,5.289266586303710938e+00,4.996314048767089844e+00,4.735248088836669922e+00,4.500497817993164062e+00,4.289238929748535156e+00,4.098307609558105469e+00,3.923765897750854492e+00,3.764341354370117188e+00,3.619922161102294922e+00,3.486702680587768555e+00,3.363543748855590820e+00,3.249022722244262695e+00,3.144216060638427734e+00,3.046467542648315430e+00,2.954769372940063477e+00,2.870093584060668945e+00,2.790471315383911133e+00,2.715756654739379883e+00,2.646239995956420898e+00,2.580254077911376953e+00,2.519035339355468750e+00,2.460684537887573242e+00,2.405936479568481445e+00,2.354310989379882812e+00,2.305218696594238281e+00,2.258973121643066406e+00,2.215267896652221680e+00,2.173639059066772461e+00,2.134311199188232422e+00,2.096934556961059570e+00,2.061900377273559570e+00,2.028625011444091797e+00,1.997004866600036621e+00,1.966945171356201172e+00,1.938359022140502930e+00,1.911165714263916016e+00,1.885291218757629395e+00,1.860667109489440918e+00,1.837230563163757324e+00,1.814922809600830078e+00,1.793689846992492676e+00,1.773482203483581543e+00,1.754253625869750977e+00,1.735959887504577637e+00,1.718562483787536621e+00,1.702023267745971680e+00,1.686307907104492188e+00,1.671385049819946289e+00,1.657224297523498535e+00,1.643797636032104492e+00,1.631080269813537598e+00,1.619047164916992188e+00,1.607676506042480469e+00,1.596947312355041504e+00,1.586840629577636719e+00,1.577338576316833496e+00,1.568424701690673828e+00,1.560083270072937012e+00,1.552300453186035156e+00,1.545063257217407227e+00,1.538359642028808594e+00,1.532178878784179688e+00,1.526510596275329590e+00,1.521345615386962891e+00,1.516676068305969238e+00,1.512494564056396484e+00,1.508794188499450684e+00,1.505569219589233398e+00,1.502815008163452148e+00,1.500526905059814453e+00,1.498701572418212891e+00,1.497336626052856445e+00,1.496429443359375000e+00,1.495978713035583496e+00,1.495983839035034180e+00,1.496444582939147949e+00,1.497361898422241211e+00,1.498737096786499023e+00,1.500572443008422852e+00,1.502870917320251465e+00,1.505635619163513184e+00,1.508870720863342285e+00,1.512581825256347656e+00,1.516773939132690430e+00,1.521454334259033203e+00,1.526630520820617676e+00,1.532309889793395996e+00,1.538502454757690430e+00,1.545217514038085938e+00,1.552466630935668945e+00,1.560261368751525879e+00,1.568614959716796875e+00,1.577541828155517578e+00,1.587057232856750488e+00,1.597177505493164062e+00,1.607920765876770020e+00,1.619305491447448730e+00,1.631353616714477539e+00,1.644086599349975586e+00,1.657529234886169434e+00,1.671706318855285645e+00,1.686646580696105957e+00,1.702379703521728516e+00,1.718937516212463379e+00,1.736354351043701172e+00,1.754668116569519043e+00,1.773918271064758301e+00,1.794147849082946777e+00,1.815403819084167480e+00,1.837243080139160156e+00,1.805840373039245605e+00,1.763881802558898926e+00,1.724509716033935547e+00,1.687377333641052246e+00,1.652061820030212402e+00,1.618788838386535645e+00,1.587336897850036621e+00,1.557373285293579102e+00,1.529059052467346191e+00,1.502197027206420898e+00,1.477098703384399414e+00,1.453261256217956543e+00,1.430609345436096191e+00,1.409075260162353516e+00,1.388597011566162109e+00,1.369116067886352539e+00,1.350579857826232910e+00,1.332940101623535156e+00,1.316150307655334473e+00,1.300169587135314941e+00,1.284958839416503906e+00,1.270482540130615234e+00,1.256707310676574707e+00,1.243602395057678223e+00,1.231139063835144043e+00,1.219290733337402344e+00,1.208032488822937012e+00,1.197342038154602051e+00,1.187197566032409668e+00,1.177579164505004883e+00,1.168468356132507324e+00,1.159848213195800781e+00,1.151702523231506348e+00,1.144016385078430176e+00,1.136776089668273926e+00,1.129969120025634766e+00,1.123583197593688965e+00,1.117607712745666504e+00,1.112032294273376465e+00,1.106847643852233887e+00,1.102045536041259766e+00,1.097617506980895996e+00,1.093556880950927734e+00,1.089856743812561035e+00,1.086511611938476562e+00,1.083516001701354980e+00,1.080865025520324707e+00,1.078554868698120117e+00,1.076581835746765137e+00,1.074942708015441895e+00,1.073635101318359375e+00,1.072657227516174316e+00,1.072007298469543457e+00,1.071684360504150391e+00,esquerda
5.969502449035644531e+00,5.971341609954833984e+00,5.975001811981201172e+00,5.980489253997802734e+00,5.987812995910644531e+00,5.996983528137207031e+00,6.008015632629394531e+00,6.020925521850585938e+00,6.035733222961425781e+00,6.052462577819824219e+00,6.071139335632324219e+00,6.091793537139892578e+00,6.114456653594970703e+00,6.139166831970214844e+00,5.963310241699218750e+00,5.608598709106445312e+00,5.276312351226806641e+00,4.984094142913818359e+00,4.723680496215820312e+00,4.489515304565429688e+00,4.278781890869140625e+00,4.088325023651123047e+00,3.914216279983520508e+00,3.755186080932617188e+00,3.611123561859130859e+00,3.478232860565185547e+00,3.355377674102783203e+00,3.241138458251953125e+00,3.136589288711547852e+00,3.039081096649169922e+00,2.947607517242431641e+00,2.863139629364013672e+00,2.783712625503540039e+00,2.709180355072021484e+00,2.639833688735961914e+00,2.574008703231811523e+00,2.512939691543579102e+00,2.454731225967407227e+00,2.400116205215454102e+00,2.348616600036621094e+00,2.299643516540527344e+00,2.253510713577270508e+00,2.209911108016967773e+00,2.168383359909057617e+00,2.129150867462158203e+00,2.091903686523437500e+00,2.056953191757202148e+00,2.023757934570312500e+00,1.992213606834411621e+00,1.962226271629333496e+00,1.933708667755126953e+00,1.906580567359924316e+00,1.880768179893493652e+00,1.856203079223632812e+00,1.832822680473327637e+00,1.810568332672119141e+00,1.789386272430419922e+00,1.769227385520935059e+00,1.750044822692871094e+00,1.731794953346252441e+00,1.714439392089843750e+00,1.697939515113830566e+00,1.682262182235717773e+00,1.667375087738037109e+00,1.653248429298400879e+00,1.639854073524475098e+00,1.627166986465454102e+00,1.615162849426269531e+00,1.603819251060485840e+00,1.593115806579589844e+00,1.583033561706542969e+00,1.573554158210754395e+00,1.564661741256713867e+00,1.556340336799621582e+00,1.548576235771179199e+00,1.541356444358825684e+00,1.534668803215026855e+00,1.528502821922302246e+00,1.522848367691040039e+00,1.517695665359497070e+00,1.513037323951721191e+00,1.508865594863891602e+00,1.505174279212951660e+00,1.501957178115844727e+00,1.499209523200988770e+00,1.496926903724670410e+00,1.495106101036071777e+00,1.493744492530822754e+00,1.492839217185974121e+00,1.492389559745788574e+00,1.492394685745239258e+00,1.492854356765747070e+00,1.493769526481628418e+00,1.495141386985778809e+00,1.496972322463989258e+00,1.499265193939208984e+00,1.502023220062255859e+00,1.505250573158264160e+00,1.508952617645263672e+00,1.513135075569152832e+00,1.517804145812988281e+00,1.522967815399169922e+00,1.528633594512939453e+00,1.534811019897460938e+00,1.541510224342346191e+00,1.548742055892944336e+00,1.556517839431762695e+00,1.564851760864257812e+00,1.573757290840148926e+00,1.583249688148498535e+00,1.593345642089843750e+00,1.604063034057617188e+00,1.615420699119567871e+00,1.627439737319946289e+00,1.640142202377319336e+00,1.653552532196044922e+00,1.667695641517639160e+00,1.682600140571594238e+00,1.698295235633850098e+00,1.714813470840454102e+00,1.732188582420349121e+00,1.750458359718322754e+00,1.769662261009216309e+00,1.789843320846557617e+00,1.811048269271850586e+00,1.832902550697326660e+00,1.805817842483520508e+00,1.763859033584594727e+00,1.724486112594604492e+00,1.687353491783142090e+00,1.652037739753723145e+00,1.618764400482177734e+00,1.587312340736389160e+00,1.557348489761352539e+00,1.529034137725830078e+00,1.502197384834289551e+00,1.477099061012268066e+00,1.453261613845825195e+00,1.430609703063964844e+00,1.409075736999511719e+00,1.388597249984741211e+00,1.369116663932800293e+00,1.350580334663391113e+00,1.332940578460693359e+00,1.316150784492492676e+00,1.300169825553894043e+00,1.284959077835083008e+00,1.270482778549194336e+00,1.256707668304443359e+00,1.243602633476257324e+00,1.231139183044433594e+00,1.219290852546691895e+00,1.208032727241516113e+00,1.197342395782470703e+00,1.187197923660278320e+00,1.177579402923583984e+00,1.168468713760375977e+00,1.159848451614379883e+00,1.151702761650085449e+00,1.144016623497009277e+00,1.136776328086853027e+00,1.129969358444213867e+00,1.123583436012268066e+00,1.117607951164245605e+00,1.112032413482666016e+00,1.106848001480102539e+00,1.102045774459838867e+00,1.097617745399475098e+00,1.093557238578796387e+00,1.089857101440429688e+00,1.086511850357055664e+00,1.083516240119934082e+00,1.080865263938903809e+00,1.078555107116699219e+00,1.076582074165344238e+00,1.074942946434020996e+00,1.073635458946228027e+00,1.072657465934753418e+00,1.072007536888122559e+00,1.071684598922729492e+00,esquerda
5.969503879547119141e+00,5.971343040466308594e+00,5.975003242492675781e+00,5.980491161346435547e+00,5.987815380096435547e+00,5.996985435485839844e+00,6.008017539978027344e+00,6.020927429199218750e+00,6.035735607147216797e+00,6.052464485168457031e+00,6.071141719818115234e+00,6.091795444488525391e+00,6.114458560943603516e+00,6.139168739318847656e+00,5.951029777526855469e+00,5.595221519470214844e+00,5.263679027557373047e+00,4.972118854522705078e+00,4.712296009063720703e+00,4.478665351867675781e+00,4.268414020538330078e+00,4.078395843505859375e+00,3.904689788818359375e+00,3.746031522750854492e+00,3.602325677871704102e+00,3.469763755798339844e+00,3.347212314605712891e+00,3.233254432678222656e+00,3.128963232040405273e+00,3.031694412231445312e+00,2.940446376800537109e+00,2.856185674667358398e+00,2.776953458786010742e+00,2.702604055404663086e+00,2.633427143096923828e+00,2.567763328552246094e+00,2.506843566894531250e+00,2.448777198791503906e+00,2.394295930862426758e+00,2.342921972274780273e+00,2.294068098068237305e+00,2.248047590255737305e+00,2.204554319381713867e+00,2.163127422332763672e+00,2.123990297317504883e+00,2.086869716644287109e+00,2.052003383636474609e+00,2.018887996673583984e+00,1.987419486045837402e+00,1.957504272460937500e+00,1.929055333137512207e+00,1.901992440223693848e+00,1.876242041587829590e+00,1.851736307144165039e+00,1.828412175178527832e+00,1.806211471557617188e+00,1.785080194473266602e+00,1.764969825744628906e+00,1.745833396911621094e+00,1.727627635002136230e+00,1.710313677787780762e+00,1.693853855133056641e+00,1.678213953971862793e+00,1.663362622261047363e+00,1.649269938468933105e+00,1.635907888412475586e+00,1.623251318931579590e+00,1.611276030540466309e+00,1.599959969520568848e+00,1.589282274246215820e+00,1.579224109649658203e+00,1.569767594337463379e+00,1.560896515846252441e+00,1.552595257759094238e+00,1.544849514961242676e+00,1.537647247314453125e+00,1.530975937843322754e+00,1.524824738502502441e+00,1.519183635711669922e+00,1.514043450355529785e+00,1.509396314620971680e+00,1.505234718322753906e+00,1.501552104949951172e+00,1.498342752456665039e+00,1.495601773262023926e+00,1.493324875831604004e+00,1.491508245468139648e+00,1.490149855613708496e+00,1.489246964454650879e+00,1.488798260688781738e+00,1.488803267478942871e+00,1.489261984825134277e+00,1.490174889564514160e+00,1.491543412208557129e+00,1.493370175361633301e+00,1.495657324790954590e+00,1.498408675193786621e+00,1.501628398895263672e+00,1.505321621894836426e+00,1.509493827819824219e+00,1.514151692390441895e+00,1.519302964210510254e+00,1.524955153465270996e+00,1.531117796897888184e+00,1.537800908088684082e+00,1.545015096664428711e+00,1.552772402763366699e+00,1.561086058616638184e+00,1.569970130920410156e+00,1.579439640045166016e+00,1.589511513710021973e+00,1.600203156471252441e+00,1.611533403396606445e+00,1.623523473739624023e+00,1.636195421218872070e+00,1.649573564529418945e+00,1.663682460784912109e+00,1.678551077842712402e+00,1.694208621978759766e+00,1.710686922073364258e+00,1.728020071983337402e+00,1.746246099472045898e+00,1.765403747558593750e+00,1.785536170005798340e+00,1.806690216064453125e+00,1.828560233116149902e+00,1.805839061737060547e+00,1.763880610466003418e+00,1.724508523941040039e+00,1.687376260757446289e+00,1.652060985565185547e+00,1.618788123130798340e+00,1.587336182594299316e+00,1.557372808456420898e+00,1.529058694839477539e+00,1.502194523811340332e+00,1.477096199989318848e+00,1.453258872032165527e+00,1.430606961250305176e+00,1.409072875976562500e+00,1.388594627380371094e+00,1.369113922119140625e+00,1.350577831268310547e+00,1.332937836647033691e+00,1.316148281097412109e+00,1.300167560577392578e+00,1.284956693649291992e+00,1.270480513572692871e+00,1.256705284118652344e+00,1.243600487709045410e+00,1.231137156486511230e+00,1.219288825988769531e+00,1.208030939102172852e+00,1.197340250015258789e+00,1.187195897102355957e+00,1.177577495574951172e+00,1.168466687202453613e+00,1.159846544265747070e+00,1.151700854301452637e+00,1.144014716148376465e+00,1.136774539947509766e+00,1.129967451095581055e+00,1.123581647872924805e+00,1.117606163024902344e+00,1.112030863761901855e+00,1.106846094131469727e+00,1.102044105529785156e+00,1.097615957260131836e+00,1.093555569648742676e+00,1.089855432510375977e+00,1.086510300636291504e+00,1.083514571189880371e+00,1.080863595008850098e+00,1.078553318977355957e+00,1.076580405235290527e+00,1.074941277503967285e+00,1.073633790016174316e+00,1.072655797004699707e+00,1.072005867958068848e+00,1.071682929992675781e+00,esquerda
5.969504356384277344e+00,5.971343517303466797e+00,5.975003719329833984e+00,5.980492115020751953e+00,5.987815856933593750e+00,5.996985912322998047e+00,6.008018016815185547e+00,6.020927906036376953e+00,6.035736083984375000e+00,6.052464962005615234e+00,6.071142196655273438e+00,6.091796398162841797e+00,6.114459037780761719e+00,6.139169216156005859e+00,5.939165115356445312e+00,5.582354545593261719e+00,5.251581192016601562e+00,4.960698127746582031e+00,4.701476573944091797e+00,4.468386173248291016e+00,4.258622169494628906e+00,4.069042682647705078e+00,3.895736694335937500e+00,3.737440586090087891e+00,3.594045639038085938e+00,3.461771011352539062e+00,3.339485883712768555e+00,3.225777387619018555e+00,3.121714115142822266e+00,3.024659395217895508e+00,2.933612108230590820e+00,2.849537134170532227e+00,2.770480155944824219e+00,2.696295261383056641e+00,2.627272129058837891e+00,2.561754226684570312e+00,2.500970125198364258e+00,2.443032741546630859e+00,2.388673067092895508e+00,2.337413787841796875e+00,2.288669109344482422e+00,2.242751359939575195e+00,2.199355602264404297e+00,2.158021450042724609e+00,2.118971824645996094e+00,2.081838369369506836e+00,2.047056436538696289e+00,2.014020681381225586e+00,1.982628226280212402e+00,1.952785253524780273e+00,1.924404621124267578e+00,1.897407054901123047e+00,1.871718883514404297e+00,1.847271919250488281e+00,1.824004411697387695e+00,1.801856994628906250e+00,1.780776858329772949e+00,1.760714769363403320e+00,1.741624593734741211e+00,1.723462581634521484e+00,1.706190466880798340e+00,1.689770102500915527e+00,1.674168348312377930e+00,1.659352540969848633e+00,1.645293831825256348e+00,1.631963968276977539e+00,1.619338035583496094e+00,1.607391476631164551e+00,1.596102595329284668e+00,1.585450649261474609e+00,1.575416803359985352e+00,1.565983295440673828e+00,1.557133436203002930e+00,1.548852324485778809e+00,1.541125297546386719e+00,1.533940315246582031e+00,1.527285099029541016e+00,1.521148562431335449e+00,1.515521287918090820e+00,1.510393500328063965e+00,1.505757451057434082e+00,1.501605868339538574e+00,1.497932076454162598e+00,1.494730591773986816e+00,1.491996169090270996e+00,1.489724636077880859e+00,1.487912654876708984e+00,1.486557245254516602e+00,1.485656499862670898e+00,1.485209107398986816e+00,1.485214114189147949e+00,1.485671520233154297e+00,1.486582279205322266e+00,1.487947583198547363e+00,1.489769935607910156e+00,1.492051601409912109e+00,1.494796276092529297e+00,1.498008370399475098e+00,1.501692414283752441e+00,1.505854725837707520e+00,1.510501265525817871e+00,1.515640139579772949e+00,1.521278738975524902e+00,1.527426362037658691e+00,1.534093379974365234e+00,1.541290283203125000e+00,1.549028754234313965e+00,1.557322502136230469e+00,1.566185235977172852e+00,1.575631976127624512e+00,1.585679411888122559e+00,1.596345305442810059e+00,1.607648253440856934e+00,1.619609355926513672e+00,1.632250905036926270e+00,1.645596742630004883e+00,1.659671664237976074e+00,1.674504518508911133e+00,1.690124154090881348e+00,1.706562757492065430e+00,1.723854184150695801e+00,1.742036342620849609e+00,1.761147737503051758e+00,1.781231641769409180e+00,1.802334666252136230e+00,1.824220061302185059e+00,1.805852532386779785e+00,1.763892173767089844e+00,1.724518537521362305e+00,1.687384605407714844e+00,1.652067899703979492e+00,1.618793845176696777e+00,1.587340712547302246e+00,1.557376027107238770e+00,1.529060840606689453e+00,1.502193570137023926e+00,1.477095484733581543e+00,1.453257799148559570e+00,1.430606126785278320e+00,1.409072160720825195e+00,1.388593673706054688e+00,1.369112968444824219e+00,1.350576877593994141e+00,1.332937121391296387e+00,1.316147446632385254e+00,1.300166726112365723e+00,1.284955739974975586e+00,1.270479679107666016e+00,1.256704568862915039e+00,1.243599653244018555e+00,1.231136202812194824e+00,1.219287991523742676e+00,1.208029985427856445e+00,1.197339534759521484e+00,1.187195062637329102e+00,1.177576661109924316e+00,1.168465971946716309e+00,1.159845829010009766e+00,1.151700139045715332e+00,1.144014120101928711e+00,1.136773824691772461e+00,1.129966735839843750e+00,1.123581051826477051e+00,1.117605447769165039e+00,1.112030148506164551e+00,1.106845378875732422e+00,1.102043390274047852e+00,1.097615122795104980e+00,1.093554854393005371e+00,1.089854717254638672e+00,1.086509585380554199e+00,1.083513975143432617e+00,1.080862879753112793e+00,1.078552722930908203e+00,1.076579809188842773e+00,1.074940681457519531e+00,1.073633074760437012e+00,1.072654962539672852e+00,1.072005271911621094e+00,1.071682333946228027e+00,esquerda
5.969505310058593750e+00,5.971343994140625000e+00,5.975004196166992188e+00,5.980492591857910156e+00,5.987816333770751953e+00,5.996986389160156250e+00,6.008018493652343750e+00,6.020928859710693359e+00,6.035736560821533203e+00,6.052465438842773438e+00,6.071142673492431641e+00,6.091796875000000000e+00,6.114459514617919922e+00,6.139169692993164062e+00,5.926437377929687500e+00,5.568564414978027344e+00,5.238629341125488281e+00,4.948479175567626953e+00,4.689910411834716797e+00,4.457405090332031250e+00,4.248166084289550781e+00,4.059061050415039062e+00,3.886188030242919922e+00,3.728286504745483398e+00,3.585247755050659180e+00,3.453301906585693359e+00,3.331320524215698242e+00,3.217893838882446289e+00,3.114087820053100586e+00,3.017273426055908203e+00,2.926450252532958984e+00,2.842583179473876953e+00,2.763721227645874023e+00,2.689719438552856445e+00,2.620865821838378906e+00,2.555509328842163086e+00,2.494874238967895508e+00,2.437079668045043945e+00,2.382853031158447266e+00,2.331719398498535156e+00,2.283094167709350586e+00,2.237288713455200195e+00,2.193999052047729492e+00,2.152765989303588867e+00,2.113811492919921875e+00,2.076807498931884766e+00,2.042109489440917969e+00,2.009153604507446289e+00,1.977836966514587402e+00,1.948066115379333496e+00,1.919754028320312500e+00,1.892821788787841797e+00,1.867195606231689453e+00,1.842808127403259277e+00,1.819596409797668457e+00,1.797502636909484863e+00,1.776473402976989746e+00,1.756459951400756836e+00,1.737415790557861328e+00,1.719297647476196289e+00,1.702067255973815918e+00,1.685686707496643066e+00,1.670122265815734863e+00,1.655342578887939453e+00,1.641317844390869141e+00,1.628020167350769043e+00,1.615424513816833496e+00,1.603507041931152344e+00,1.592245578765869141e+00,1.581619262695312500e+00,1.571609616279602051e+00,1.562198877334594727e+00,1.553370594978332520e+00,1.545109152793884277e+00,1.537401080131530762e+00,1.530233383178710938e+00,1.523594141006469727e+00,1.517472624778747559e+00,1.511858820915222168e+00,1.506743431091308594e+00,1.502118587493896484e+00,1.497977137565612793e+00,1.494312286376953125e+00,1.491118431091308594e+00,1.488390684127807617e+00,1.486124515533447266e+00,1.484316825866699219e+00,1.482964992523193359e+00,1.482066392898559570e+00,1.481619954109191895e+00,1.481624841690063477e+00,1.482081294059753418e+00,1.482990026473999023e+00,1.484351873397827148e+00,1.486169695854187012e+00,1.488445878028869629e+00,1.491183996200561523e+00,1.494388341903686523e+00,1.498063564300537109e+00,1.502215623855590820e+00,1.506851077079772949e+00,1.511977434158325195e+00,1.517602443695068359e+00,1.523735284805297852e+00,1.530386090278625488e+00,1.537565827369689941e+00,1.545285463333129883e+00,1.553559184074401855e+00,1.562400460243225098e+00,1.571824312210083008e+00,1.581847548484802246e+00,1.592487692832946777e+00,1.603763222694396973e+00,1.615695357322692871e+00,1.628306388854980469e+00,1.641620039939880371e+00,1.655660867691040039e+00,1.670457959175109863e+00,1.686039924621582031e+00,1.702438712120056152e+00,1.719688415527343750e+00,1.737826585769653320e+00,1.756891846656799316e+00,1.776926994323730469e+00,1.797979116439819336e+00,1.819878578186035156e+00,1.805759906768798828e+00,1.763804793357849121e+00,1.724435806274414062e+00,1.687306761741638184e+00,1.651993989944458008e+00,1.618723750114440918e+00,1.587274432182312012e+00,1.557313084602355957e+00,1.529001235961914062e+00,1.502193212509155273e+00,1.477094888687133789e+00,1.453257322311401367e+00,1.430605530738830566e+00,1.409071683883666992e+00,1.388593316078186035e+00,1.369112610816955566e+00,1.350576400756835938e+00,1.332936644554138184e+00,1.316146969795227051e+00,1.300166130065917969e+00,1.284955263137817383e+00,1.270479321479797363e+00,1.256704092025756836e+00,1.243599057197570801e+00,1.231135606765747070e+00,1.219287514686584473e+00,1.208029389381408691e+00,1.197338938713073730e+00,1.187194466590881348e+00,1.177576065063476562e+00,1.168465256690979004e+00,1.159845232963562012e+00,1.151699542999267578e+00,1.144013285636901855e+00,1.136773109436035156e+00,1.129966139793395996e+00,1.123580217361450195e+00,1.117604851722717285e+00,1.112029314041137695e+00,1.106844782829284668e+00,1.102042555809020996e+00,1.097614526748657227e+00,1.093554139137268066e+00,1.089853882789611816e+00,1.086508750915527344e+00,1.083513259887695312e+00,1.080862283706665039e+00,1.078552007675170898e+00,1.076579093933105469e+00,1.074939966201782227e+00,1.073632359504699707e+00,1.072654247283935547e+00,1.072004437446594238e+00,1.071681499481201172e+00,esquerda
5.969505310058593750e+00,5.971343994140625000e+00,5.975004196166992188e+00,5.980492115020751953e+00,5.987815380096435547e+00,5.996985912322998047e+00,6.008018016815185547e+00,6.020928382873535156e+00,6.035736083984375000e+00,6.052464962005615234e+00,6.071142196655273438e+00,6.091796398162841797e+00,6.114459514617919922e+00,6.139169692993164062e+00,5.913695335388183594e+00,5.554760932922363281e+00,5.225665569305419922e+00,4.936252593994140625e+00,4.678339004516601562e+00,4.446420192718505859e+00,4.237708568572998047e+00,4.049078464508056641e+00,3.876639127731323242e+00,3.719132184982299805e+00,3.576451063156127930e+00,3.444833755493164062e+00,3.323155164718627930e+00,3.210010528564453125e+00,3.106462240219116211e+00,3.009887695312500000e+00,2.919290304183959961e+00,2.835630178451538086e+00,2.756963253021240234e+00,2.683143854141235352e+00,2.614460229873657227e+00,2.549264430999755859e+00,2.488779306411743164e+00,2.431126594543457031e+00,2.377033233642578125e+00,2.326025485992431641e+00,2.277519464492797852e+00,2.231826543807983398e+00,2.188642501831054688e+00,2.147510528564453125e+00,2.108651638031005859e+00,2.071774005889892578e+00,2.037159919738769531e+00,2.004283905029296875e+00,1.973043203353881836e+00,1.943344473838806152e+00,1.915101051330566406e+00,1.888234138488769531e+00,1.862669944763183594e+00,1.838341593742370605e+00,1.815186142921447754e+00,1.793145895004272461e+00,1.772167682647705078e+00,1.752202749252319336e+00,1.733204722404479980e+00,1.715130448341369629e+00,1.697941780090332031e+00,1.681600928306579590e+00,1.666074514389038086e+00,1.651330471038818359e+00,1.637339830398559570e+00,1.624074220657348633e+00,1.611509323120117188e+00,1.599620580673217773e+00,1.588386297225952148e+00,1.577785849571228027e+00,1.567800641059875488e+00,1.558412432670593262e+00,1.549605607986450195e+00,1.541364192962646484e+00,1.533674836158752441e+00,1.526524305343627930e+00,1.519901275634765625e+00,1.513794779777526855e+00,1.508194446563720703e+00,1.503091573715209961e+00,1.498477816581726074e+00,1.494346618652343750e+00,1.490690708160400391e+00,1.487504482269287109e+00,1.484783172607421875e+00,1.482522726058959961e+00,1.480719327926635742e+00,1.479370713233947754e+00,1.478474378585815430e+00,1.478029012680053711e+00,1.478033900260925293e+00,1.478489279747009277e+00,1.479395508766174316e+00,1.480754375457763672e+00,1.482567787170410156e+00,1.484838485717773438e+00,1.487569808959960938e+00,1.490766286849975586e+00,1.494432806968688965e+00,1.498574733734130859e+00,1.503198981285095215e+00,1.508312940597534180e+00,1.513924360275268555e+00,1.520042181015014648e+00,1.526676893234252930e+00,1.533839225769042969e+00,1.541540145874023438e+00,1.549793839454650879e+00,1.558613538742065430e+00,1.568014740943908691e+00,1.578013658523559570e+00,1.588627815246582031e+00,1.599876165390014648e+00,1.611779570579528809e+00,1.624359965324401855e+00,1.637641191482543945e+00,1.651648044586181641e+00,1.666409134864807129e+00,1.681953310966491699e+00,1.698312520980834961e+00,1.715520501136779785e+00,1.733614444732666016e+00,1.752633571624755859e+00,1.772620320320129395e+00,1.793621301651000977e+00,1.815537095069885254e+00,1.805833697319030762e+00,1.763874530792236328e+00,1.724501609802246094e+00,1.687368631362915039e+00,1.652052640914916992e+00,1.618779301643371582e+00,1.587326884269714355e+00,1.557362914085388184e+00,1.529048323631286621e+00,1.502192854881286621e+00,1.477094888687133789e+00,1.453257322311401367e+00,1.430605649948120117e+00,1.409071683883666992e+00,1.388593316078186035e+00,1.369112372398376465e+00,1.350576281547546387e+00,1.332936525344848633e+00,1.316146969795227051e+00,1.300166130065917969e+00,1.284955263137817383e+00,1.270479321479797363e+00,1.256704092025756836e+00,1.243599176406860352e+00,1.231135845184326172e+00,1.219287514686584473e+00,1.208029508590698242e+00,1.197338938713073730e+00,1.187194585800170898e+00,1.177576303482055664e+00,1.168465375900268555e+00,1.159845352172851562e+00,1.151699662208557129e+00,1.144013524055480957e+00,1.136773347854614258e+00,1.129966259002685547e+00,1.123580574989318848e+00,1.117605090141296387e+00,1.112029552459716797e+00,1.106845021247863770e+00,1.102042913436889648e+00,1.097614884376525879e+00,1.093554377555847168e+00,1.089854359626770020e+00,1.086509108543395996e+00,1.083513498306274414e+00,1.080862522125244141e+00,1.078552365303039551e+00,1.076579332351684570e+00,1.074940204620361328e+00,1.073632717132568359e+00,1.072654604911804199e+00,1.072004914283752441e+00,1.071681976318359375e+00,esquerda
5.969506740570068359e+00,5.971345901489257812e+00,5.975006103515625000e+00,5.980494022369384766e+00,5.987818241119384766e+00,5.996988296508789062e+00,6.008020401000976562e+00,6.020930290222167969e+00,6.035737991333007812e+00,6.052467346191406250e+00,6.071144580841064453e+00,6.091798305511474609e+00,6.114460945129394531e+00,6.139171123504638672e+00,5.902303218841552734e+00,5.542335033416748047e+00,5.213913440704345703e+00,4.925099849700927734e+00,4.667725086212158203e+00,4.436295032501220703e+00,4.228025436401367188e+00,4.039797306060791016e+00,3.867727994918823242e+00,3.710559606552124023e+00,3.568187475204467773e+00,3.436856031417846680e+00,3.315443515777587891e+00,3.202546358108520508e+00,3.099225759506225586e+00,3.002863645553588867e+00,2.912466287612915039e+00,2.828991651535034180e+00,2.750499010086059570e+00,2.676843881607055664e+00,2.608313083648681641e+00,2.543262958526611328e+00,2.482912540435791016e+00,2.425389051437377930e+00,2.371416568756103516e+00,2.320523262023925781e+00,2.272125959396362305e+00,2.226535797119140625e+00,2.183448791503906250e+00,2.142409324645996094e+00,2.103637456893920898e+00,2.066741228103637695e+00,2.032211542129516602e+00,1.999415159225463867e+00,1.968250393867492676e+00,1.938623785972595215e+00,1.910448908805847168e+00,1.883647203445434570e+00,1.858145236968994141e+00,1.833875775337219238e+00,1.810776710510253906e+00,1.788789749145507812e+00,1.767862558364868164e+00,1.747946023941040039e+00,1.728994131088256836e+00,1.710963964462280273e+00,1.693817019462585449e+00,1.677515745162963867e+00,1.662027001380920410e+00,1.647318720817565918e+00,1.633362054824829102e+00,1.620128750801086426e+00,1.607594370841979980e+00,1.595734477043151855e+00,1.584527492523193359e+00,1.573952674865722656e+00,1.563991665840148926e+00,1.554626464843750000e+00,1.545840859413146973e+00,1.537619471549987793e+00,1.529948711395263672e+00,1.522815823554992676e+00,1.516208767890930176e+00,1.510116696357727051e+00,1.504530191421508789e+00,1.499439716339111328e+00,1.494837284088134766e+00,1.490715980529785156e+00,1.487068891525268555e+00,1.483890295028686523e+00,1.481175780296325684e+00,1.478920578956604004e+00,1.477121829986572266e+00,1.475776314735412598e+00,1.474882006645202637e+00,1.474437952041625977e+00,1.474442839622497559e+00,1.474896907806396484e+00,1.475800991058349609e+00,1.477156400680541992e+00,1.478965520858764648e+00,1.481230616569519043e+00,1.483955502510070801e+00,1.487144231796264648e+00,1.490801572799682617e+00,1.494933605194091797e+00,1.499546647071838379e+00,1.504648089408874512e+00,1.510245800018310547e+00,1.516348719596862793e+00,1.522967338562011719e+00,1.530112147331237793e+00,1.537794470787048340e+00,1.546028137207031250e+00,1.554826498031616211e+00,1.564204692840576172e+00,1.574179291725158691e+00,1.584767699241638184e+00,1.595988750457763672e+00,1.607863068580627441e+00,1.620412826538085938e+00,1.633661866188049316e+00,1.647634744644165039e+00,1.662359833717346191e+00,1.677866339683532715e+00,1.694185614585876465e+00,1.711351752281188965e+00,1.729401946067810059e+00,1.748374700546264648e+00,1.768312931060791016e+00,1.789262890815734863e+00,1.811192512512207031e+00,1.805739760398864746e+00,1.763785839080810547e+00,1.724417924880981445e+00,1.687289595603942871e+00,1.651977896690368652e+00,1.618708252906799316e+00,1.587259769439697266e+00,1.557299375534057617e+00,1.528987765312194824e+00,1.502190470695495605e+00,1.477092504501342773e+00,1.453254938125610352e+00,1.430603265762329102e+00,1.409069299697875977e+00,1.388591051101684570e+00,1.369110226631164551e+00,1.350574254989624023e+00,1.332934498786926270e+00,1.316145062446594238e+00,1.300164222717285156e+00,1.284953236579895020e+00,1.270477414131164551e+00,1.256702184677124023e+00,1.243597149848937988e+00,1.231133818626403809e+00,1.219285726547241211e+00,1.208027720451354980e+00,1.197337269783020020e+00,1.187192916870117188e+00,1.177574276924133301e+00,1.168463706970214844e+00,1.159843564033508301e+00,1.151697874069213867e+00,1.144011735916137695e+00,1.136771559715270996e+00,1.129964590072631836e+00,1.123578667640686035e+00,1.117603182792663574e+00,1.112027764320373535e+00,1.106843233108520508e+00,1.102041125297546387e+00,1.097613096237182617e+00,1.093552589416503906e+00,1.089852452278137207e+00,1.086507320404052734e+00,1.083511829376220703e+00,1.080860853195190430e+00,1.078550696372985840e+00,1.076577663421630859e+00,1.074938535690307617e+00,1.073631048202514648e+00,1.072652935981750488e+00,1.072003126144409180e+00,1.071680188179016113e+00,esquerda
5.969507217407226562e+00,5.971346378326416016e+00,5.975006580352783203e+00,5.980494499206542969e+00,5.987818717956542969e+00,5.996988773345947266e+00,6.008020877838134766e+00,6.020930767059326172e+00,6.035738945007324219e+00,6.052467823028564453e+00,6.071144580841064453e+00,6.091798782348632812e+00,6.114461898803710938e+00,6.139171600341796875e+00,5.889576911926269531e+00,5.528544902801513672e+00,5.200961589813232422e+00,4.912881374359130859e+00,4.656158447265625000e+00,4.425313472747802734e+00,4.217569351196289062e+00,4.029815673828125000e+00,3.858178377151489258e+00,3.701406002044677734e+00,3.559390783309936523e+00,3.428387880325317383e+00,3.307278633117675781e+00,3.194663047790527344e+00,3.091600179672241211e+00,2.995477914810180664e+00,2.905305147171020508e+00,2.822038173675537109e+00,2.743740320205688477e+00,2.670267820358276367e+00,2.601907253265380859e+00,2.537017822265625000e+00,2.476816892623901367e+00,2.419435739517211914e+00,2.365597009658813477e+00,2.314828634262084961e+00,2.266551017761230469e+00,2.221072912216186523e+00,2.178092479705810547e+00,2.137153625488281250e+00,2.098477125167846680e+00,2.061707735061645508e+00,2.027261734008789062e+00,1.994545340538024902e+00,1.963456630706787109e+00,1.933902263641357422e+00,1.905795931816101074e+00,1.879059433937072754e+00,1.853619575500488281e+00,1.829409241676330566e+00,1.806366205215454102e+00,1.784433126449584961e+00,1.763556718826293945e+00,1.743688821792602539e+00,1.724783062934875488e+00,1.706796884536743164e+00,1.689691543579101562e+00,1.673430085182189941e+00,1.657978892326354980e+00,1.643306612968444824e+00,1.629383802413940430e+00,1.616182923316955566e+00,1.603678822517395020e+00,1.591848015785217285e+00,1.580668210983276367e+00,1.570119261741638184e+00,1.560182332992553711e+00,1.550840020179748535e+00,1.542075872421264648e+00,1.533874511718750000e+00,1.526222467422485352e+00,1.519106984138488770e+00,1.512515783309936523e+00,1.506438851356506348e+00,1.500865817070007324e+00,1.495787620544433594e+00,1.491196513175964355e+00,1.487085103988647461e+00,1.483446955680847168e+00,1.480276226997375488e+00,1.477568268775939941e+00,1.475318551063537598e+00,1.473524093627929688e+00,1.472181916236877441e+00,1.471289873123168945e+00,1.470846772193908691e+00,1.470851778984069824e+00,1.471304774284362793e+00,1.472206711769104004e+00,1.473558783531188965e+00,1.475363254547119141e+00,1.477622985839843750e+00,1.480341196060180664e+00,1.483522057533264160e+00,1.487170696258544922e+00,1.491292595863342285e+00,1.495894193649291992e+00,1.500983476638793945e+00,1.506567478179931641e+00,1.512655615806579590e+00,1.519258141517639160e+00,1.526385426521301270e+00,1.534049272537231445e+00,1.542262554168701172e+00,1.551039457321166992e+00,1.560395002365112305e+00,1.570345163345336914e+00,1.580907940864562988e+00,1.592101573944091797e+00,1.603947043418884277e+00,1.616466045379638672e+00,1.629683017730712891e+00,1.643621683120727539e+00,1.658311009407043457e+00,1.673779845237731934e+00,1.690059423446655273e+00,1.707183599472045898e+00,1.725189685821533203e+00,1.744116425514221191e+00,1.764006018638610840e+00,1.784905076026916504e+00,1.806851029396057129e+00,1.805811524391174316e+00,1.763853788375854492e+00,1.724481821060180664e+00,1.687349796295166016e+00,1.652034759521484375e+00,1.618762373924255371e+00,1.587310791015625000e+00,1.557347655296325684e+00,1.529033780097961426e+00,1.502190351486206055e+00,1.477092146873474121e+00,1.453254580497741699e+00,1.430602788925170898e+00,1.409068942070007324e+00,1.388590693473815918e+00,1.369109988212585449e+00,1.350573897361755371e+00,1.332934141159057617e+00,1.316144466400146484e+00,1.300163626670837402e+00,1.284952878952026367e+00,1.270476937294006348e+00,1.256701707839965820e+00,1.243596673011779785e+00,1.231133341789245605e+00,1.219285130500793457e+00,1.208027124404907227e+00,1.197336673736572266e+00,1.187192201614379883e+00,1.177573800086975098e+00,1.168463230133056641e+00,1.159843087196350098e+00,1.151697397232055664e+00,1.144011259078979492e+00,1.136770963668823242e+00,1.129963994026184082e+00,1.123578071594238281e+00,1.117602825164794922e+00,1.112027287483215332e+00,1.106842756271362305e+00,1.102040529251098633e+00,1.097612619400024414e+00,1.093552112579345703e+00,1.089851856231689453e+00,1.086506724357604980e+00,1.083511114120483398e+00,1.080860137939453125e+00,1.078549981117248535e+00,1.076576948165893555e+00,1.074937820434570312e+00,1.073630332946777344e+00,1.072652220726013184e+00,1.072002410888671875e+00,1.071679472923278809e+00,esquerda
5.969507217407226562e+00,5.971346378326416016e+00,5.975006580352783203e+00,5.980494022369384766e+00,5.987817764282226562e+00,5.996988296508789062e+00,6.008020401000976562e+00,6.020930290222167969e+00,6.035738468170166016e+00,6.052467346191406250e+00,6.071144104003906250e+00,6.091798782348632812e+00,6.114461898803710938e+00,6.139171600341796875e+00,5.876819610595703125e+00,5.514723777770996094e+00,5.187978744506835938e+00,4.900635719299316406e+00,4.644566059112548828e+00,4.414308547973632812e+00,4.207090854644775391e+00,4.019812107086181641e+00,3.848608732223510742e+00,3.692231416702270508e+00,3.550574302673339844e+00,3.419901847839355469e+00,3.299097299575805664e+00,3.186764955520629883e+00,3.083960533142089844e+00,2.988079309463500977e+00,2.898132085800170898e+00,2.815073490142822266e+00,2.736971616744995117e+00,2.663682222366333008e+00,2.595492124557495117e+00,2.530764818191528320e+00,2.470713615417480469e+00,2.413474559783935547e+00,2.359769582748413086e+00,2.309127569198608398e+00,2.260969638824462891e+00,2.215604305267333984e+00,2.172730207443237305e+00,2.131892681121826172e+00,2.093311786651611328e+00,2.056677103042602539e+00,2.022315025329589844e+00,1.989678740501403809e+00,1.958665847778320312e+00,1.929183363914489746e+00,1.901145696640014648e+00,1.874474644660949707e+00,1.849096894264221191e+00,1.824945569038391113e+00,1.801959037780761719e+00,1.780079245567321777e+00,1.759253859519958496e+00,1.739434480667114258e+00,1.720574975013732910e+00,1.702632427215576172e+00,1.685569047927856445e+00,1.669347167015075684e+00,1.653933763504028320e+00,1.639297246932983398e+00,1.625408649444580078e+00,1.612239837646484375e+00,1.599766254425048828e+00,1.587964177131652832e+00,1.576811790466308594e+00,1.566288590431213379e+00,1.556376099586486816e+00,1.547056555747985840e+00,1.538313627243041992e+00,1.530132293701171875e+00,1.522498965263366699e+00,1.515400648117065430e+00,1.508825898170471191e+00,1.502763748168945312e+00,1.497204303741455078e+00,1.492138385772705078e+00,1.487558484077453613e+00,1.483457207679748535e+00,1.479827880859375000e+00,1.476665019989013672e+00,1.473963737487792969e+00,1.471719503402709961e+00,1.469929218292236328e+00,1.468590497970581055e+00,1.467700600624084473e+00,1.467258572578430176e+00,1.467263579368591309e+00,1.467715620994567871e+00,1.468615293502807617e+00,1.469964027404785156e+00,1.471764087677001953e+00,1.474018335342407227e+00,1.476729869842529297e+00,1.479902982711791992e+00,1.483542799949645996e+00,1.487654685974121094e+00,1.492245078086853027e+00,1.497321844100952148e+00,1.502892255783081055e+00,1.508965730667114258e+00,1.515552163124084473e+00,1.522662043571472168e+00,1.530307054519653320e+00,1.538500547409057617e+00,1.547255992889404297e+00,1.556588649749755859e+00,1.566514611244201660e+00,1.577051639556884766e+00,1.588217973709106445e+00,1.600034594535827637e+00,1.612523078918457031e+00,1.625707626342773438e+00,1.639612674713134766e+00,1.654265999794006348e+00,1.669697284698486328e+00,1.685936808586120605e+00,1.703019380569458008e+00,1.720981597900390625e+00,1.739862322807312012e+00,1.759703397750854492e+00,1.780551433563232422e+00,1.802454590797424316e+00,1.804137468338012695e+00,1.763909459114074707e+00,1.724534273147583008e+00,1.687399148941040039e+00,1.652081251144409180e+00,1.618806004524230957e+00,1.587351918220520020e+00,1.557386398315429688e+00,1.529070377349853516e+00,1.502189278602600098e+00,1.477091193199157715e+00,1.453253746032714844e+00,1.430601835250854492e+00,1.409068107604980469e+00,1.388589739799499512e+00,1.369109034538269043e+00,1.350572824478149414e+00,1.332933306694030762e+00,1.316143631935119629e+00,1.300162792205810547e+00,1.284952044486999512e+00,1.270475864410400391e+00,1.256700873374938965e+00,1.243595838546752930e+00,1.231132626533508301e+00,1.219284296035766602e+00,1.208026289939880371e+00,1.197335839271545410e+00,1.187191367149353027e+00,1.177573204040527344e+00,1.168462276458740234e+00,1.159842252731323242e+00,1.151696681976318359e+00,1.144010424613952637e+00,1.136770129203796387e+00,1.129963278770446777e+00,1.123577475547790527e+00,1.117602109909057617e+00,1.112026453018188477e+00,1.106842041015625000e+00,1.102039933204650879e+00,1.097611904144287109e+00,1.093551397323608398e+00,1.089851260185241699e+00,1.086506009101867676e+00,1.083510518074035645e+00,1.080859541893005371e+00,1.078549385070800781e+00,1.076576352119445801e+00,1.074937224388122559e+00,1.073629617691040039e+00,1.072651624679565430e+00,1.072001814842224121e+00,1.071678757667541504e+00,esquerda
5.969508647918701172e+00,5.971347808837890625e+00,5.975008010864257812e+00,5.980496406555175781e+00,5.987820148468017578e+00,5.996990680694580078e+00,6.008022308349609375e+00,6.020932197570800781e+00,6.035740375518798828e+00,6.052469253540039062e+00,6.071146488189697266e+00,6.091800212860107422e+00,6.114463329315185547e+00,6.139173507690429688e+00,5.864526748657226562e+00,5.501333236694335938e+00,5.175333976745605469e+00,4.888649463653564453e+00,4.633172512054443359e+00,4.403449535369873047e+00,4.196716308593750000e+00,4.009876728057861328e+00,3.839076042175292969e+00,3.683079957962036133e+00,3.541779041290283203e+00,3.411435127258300781e+00,3.290933847427368164e+00,3.178883314132690430e+00,3.076336383819580078e+00,2.980695247650146484e+00,2.890973091125488281e+00,2.808121204376220703e+00,2.730214118957519531e+00,2.657107591629028320e+00,2.589087247848510742e+00,2.524521112442016602e+00,2.464618921279907227e+00,2.407522678375244141e+00,2.353950500488281250e+00,2.303434371948242188e+00,2.255395889282226562e+00,2.210143089294433594e+00,2.167374610900878906e+00,2.126638174057006836e+00,2.088152647018432617e+00,2.051645278930664062e+00,2.017367601394653320e+00,1.984810709953308105e+00,1.953873872756958008e+00,1.924463629722595215e+00,1.896494746208190918e+00,1.869888663291931152e+00,1.844573020935058594e+00,1.820480942726135254e+00,1.797550559043884277e+00,1.775724291801452637e+00,1.754950046539306641e+00,1.735178828239440918e+00,1.716365575790405273e+00,1.698466897010803223e+00,1.681445240974426270e+00,1.665263056755065918e+00,1.649887442588806152e+00,1.635286808013916016e+00,1.621431946754455566e+00,1.608295321464538574e+00,1.595852494239807129e+00,1.584079265594482422e+00,1.572954177856445312e+00,1.562456727027893066e+00,1.552568435668945312e+00,1.543271541595458984e+00,1.534550309181213379e+00,1.526389002799987793e+00,1.518774151802062988e+00,1.511693239212036133e+00,1.505134582519531250e+00,1.499087095260620117e+00,1.493541240692138672e+00,1.488487958908081055e+00,1.483919143676757812e+00,1.479828000068664551e+00,1.476207494735717773e+00,1.473052382469177246e+00,1.470357537269592285e+00,1.468119025230407715e+00,1.466333150863647461e+00,1.464997529983520508e+00,1.464109897613525391e+00,1.463668942451477051e+00,1.463673830032348633e+00,1.464124679565429688e+00,1.465022325515747070e+00,1.466367721557617188e+00,1.468163490295410156e+00,1.470412015914916992e+00,1.473117113113403320e+00,1.476282596588134766e+00,1.479913234710693359e+00,1.484014987945556641e+00,1.488594293594360352e+00,1.493658661842346191e+00,1.499215483665466309e+00,1.505273938179016113e+00,1.511844277381896973e+00,1.518936753273010254e+00,1.526563167572021484e+00,1.534736514091491699e+00,1.543470740318298340e+00,1.552780508995056152e+00,1.562682151794433594e+00,1.573193430900573730e+00,1.584332466125488281e+00,1.596120238304138184e+00,1.608578205108642578e+00,1.621730446815490723e+00,1.635601162910461426e+00,1.650218725204467773e+00,1.665612220764160156e+00,1.681812286376953125e+00,1.698853015899658203e+00,1.716771364212036133e+00,1.735605716705322266e+00,1.755398273468017578e+00,1.776195287704467773e+00,1.798045039176940918e+00,1.802065014839172363e+00,1.763823747634887695e+00,1.724453568458557129e+00,1.687322974205017090e+00,1.652009248733520508e+00,1.618738055229187012e+00,1.587287783622741699e+00,1.557325482368469238e+00,1.529012560844421387e+00,1.502187609672546387e+00,1.477089643478393555e+00,1.453252315521240234e+00,1.430600643157958984e+00,1.409066677093505859e+00,1.388588428497314453e+00,1.369107842445373535e+00,1.350571751594543457e+00,1.332931876182556152e+00,1.316142439842224121e+00,1.300161838531494141e+00,1.284950733184814453e+00,1.270474910736083984e+00,1.256699681282043457e+00,1.243594884872436523e+00,1.231131553649902344e+00,1.219283223152160645e+00,1.208025336265563965e+00,1.197334766387939453e+00,1.187190532684326172e+00,1.177572131156921387e+00,1.168461561203002930e+00,1.159841418266296387e+00,1.151695728302001953e+00,1.144009590148925781e+00,1.136769413948059082e+00,1.129962563514709473e+00,1.123576521873474121e+00,1.117601275444030762e+00,1.112025618553161621e+00,1.106841325759887695e+00,1.102039098739624023e+00,1.097611069679260254e+00,1.093550562858581543e+00,1.089850544929504395e+00,1.086505293846130371e+00,1.083509802818298340e+00,1.080858826637268066e+00,1.078548669815063477e+00,1.076575636863708496e+00,1.074936509132385254e+00,1.073628902435302734e+00,1.072650909423828125e+00,1.072001099586486816e+00,1.071678161621093750e+00,esquerda
5.969509601593017578e+00,5.971348285675048828e+00,5.975008487701416016e+00,5.980496883392333984e+00,5.987820625305175781e+00,5.996991157531738281e+00,6.008022785186767578e+00,6.020933151245117188e+00,6.035740852355957031e+00,6.052469730377197266e+00,6.071146965026855469e+00,6.091800689697265625e+00,6.114463806152343750e+00,6.139173984527587891e+00,5.852681159973144531e+00,5.488489627838134766e+00,5.163261413574218750e+00,4.877253055572509766e+00,4.622377872467041016e+00,4.393195629119873047e+00,4.186948299407958984e+00,4.000546932220458984e+00,3.830147504806518555e+00,3.674504280090332031e+00,3.533513307571411133e+00,3.403455734252929688e+00,3.283219814300537109e+00,3.171417236328125000e+00,3.069098234176635742e+00,2.973669528961181641e+00,2.884147644042968750e+00,2.801481723785400391e+00,2.723748683929443359e+00,2.650806665420532227e+00,2.582939147949218750e+00,2.518518209457397461e+00,2.458751440048217773e+00,2.401783943176269531e+00,2.348333597183227539e+00,2.297931432723999023e+00,2.250001668930053711e+00,2.204851388931274414e+00,2.162180185317993164e+00,2.121536254882812500e+00,2.083137989044189453e+00,2.046612501144409180e+00,2.012418985366821289e+00,1.979942321777343750e+00,1.949080944061279297e+00,1.919742822647094727e+00,1.891842603683471680e+00,1.865301847457885742e+00,1.840048193931579590e+00,1.816015243530273438e+00,1.793141007423400879e+00,1.771368384361267090e+00,1.750644922256469727e+00,1.730922579765319824e+00,1.712155103683471680e+00,1.694300413131713867e+00,1.677320599555969238e+00,1.661178231239318848e+00,1.645840167999267578e+00,1.631275415420532227e+00,1.617454648017883301e+00,1.604350328445434570e+00,1.591937780380249023e+00,1.580193519592285156e+00,1.569095611572265625e+00,1.558623909950256348e+00,1.548759818077087402e+00,1.539485812187194824e+00,1.530785918235778809e+00,1.522644519805908203e+00,1.515048623085021973e+00,1.507984995841979980e+00,1.501442313194274902e+00,1.495409846305847168e+00,1.489877581596374512e+00,1.484836697578430176e+00,1.480279207229614258e+00,1.476197838783264160e+00,1.472586274147033691e+00,1.469438910484313965e+00,1.466750860214233398e+00,1.464517712593078613e+00,1.462736248970031738e+00,1.461403965950012207e+00,1.460518479347229004e+00,1.460078477859497070e+00,1.460083365440368652e+00,1.460533142089843750e+00,1.461428642272949219e+00,1.462770700454711914e+00,1.464562058448791504e+00,1.466805219650268555e+00,1.469503402709960938e+00,1.472661137580871582e+00,1.476282954216003418e+00,1.480374813079833984e+00,1.484942793846130371e+00,1.489994645118713379e+00,1.495537877082824707e+00,1.501581549644470215e+00,1.508135795593261719e+00,1.515210986137390137e+00,1.522818446159362793e+00,1.530971884727478027e+00,1.539684653282165527e+00,1.548971295356750488e+00,1.558848977088928223e+00,1.569334268569946289e+00,1.580445885658264160e+00,1.592204689979553223e+00,1.604632258415222168e+00,1.617752313613891602e+00,1.631589055061340332e+00,1.646170973777770996e+00,1.661526441574096680e+00,1.677686691284179688e+00,1.694685697555541992e+00,1.712560057640075684e+00,1.731348276138305664e+00,1.751092195510864258e+00,1.771838188171386719e+00,1.793634295463562012e+00,1.800080180168151855e+00,1.763892412185668945e+00,1.724518299102783203e+00,1.687384128570556641e+00,1.652067303657531738e+00,1.618792653083801270e+00,1.587339520454406738e+00,1.557374596595764160e+00,1.529059171676635742e+00,1.502186655998229980e+00,1.477088689804077148e+00,1.453251242637634277e+00,1.430599689483642578e+00,1.409065723419189453e+00,1.388587594032287598e+00,1.369107127189636230e+00,1.350570917129516602e+00,1.332931160926818848e+00,1.316141605377197266e+00,1.300160884857177734e+00,1.284950256347656250e+00,1.270474076271057129e+00,1.256698846817016602e+00,1.243594169616699219e+00,1.231130719184875488e+00,1.219282627105712891e+00,1.208024621009826660e+00,1.197334170341491699e+00,1.187189698219299316e+00,1.177571296691894531e+00,1.168460726737976074e+00,1.159840583801269531e+00,1.151695013046264648e+00,1.144008874893188477e+00,1.136768698692321777e+00,1.129961609840393066e+00,1.123575806617736816e+00,1.117600560188293457e+00,1.112024903297424316e+00,1.106840610504150391e+00,1.102038264274597168e+00,1.097610354423522949e+00,1.093549847602844238e+00,1.089849829673767090e+00,1.086504578590393066e+00,1.083508968353271484e+00,1.080858111381530762e+00,1.078547954559326172e+00,1.076574921607971191e+00,1.074935793876647949e+00,1.073628306388854980e+00,1.072650194168090820e+00,1.072000384330749512e+00,1.071677446365356445e+00,esquerda
5.969509601593017578e+00,5.971348285675048828e+00,5.975008487701416016e+00,5.980496406555175781e+00,5.987819671630859375e+00,5.996990680694580078e+00,6.008022308349609375e+00,6.020932674407958984e+00,6.035740375518798828e+00,6.052469253540039062e+00,6.071146488189697266e+00,6.091800689697265625e+00,6.114463806152343750e+00,6.139173984527587891e+00,5.839959144592285156e+00,5.474704742431640625e+00,5.150312423706054688e+00,4.865038394927978516e+00,4.610815525054931641e+00,4.382217884063720703e+00,4.176495075225830078e+00,3.990568161010742188e+00,3.820600748062133789e+00,3.665350914001464844e+00,3.524716377258300781e+00,3.394987344741821289e+00,3.275055408477783203e+00,3.163534164428710938e+00,3.061472654342651367e+00,2.966284036636352539e+00,2.876987218856811523e+00,2.794528484344482422e+00,2.716990470886230469e+00,2.644231319427490234e+00,2.576533317565917969e+00,2.512273550033569336e+00,2.452656269073486328e+00,2.395830869674682617e+00,2.342513799667358398e+00,2.292237281799316406e+00,2.244426965713500977e+00,2.199388980865478516e+00,2.156823873519897461e+00,2.116280794143676758e+00,2.077977895736694336e+00,2.041579246520996094e+00,2.007469415664672852e+00,1.975072383880615234e+00,1.944287300109863281e+00,1.915021419525146484e+00,1.887189507484436035e+00,1.860714077949523926e+00,1.835522532463073730e+00,1.811548829078674316e+00,1.788731098175048828e+00,1.767011642456054688e+00,1.746339440345764160e+00,1.726665377616882324e+00,1.707944393157958984e+00,1.690133452415466309e+00,1.673195362091064453e+00,1.657092452049255371e+00,1.641792297363281250e+00,1.627263307571411133e+00,1.613476514816284180e+00,1.600404262542724609e+00,1.588022470474243164e+00,1.576306939125061035e+00,1.565236568450927734e+00,1.554790735244750977e+00,1.544950723648071289e+00,1.535699605941772461e+00,1.527020931243896484e+00,1.518899798393249512e+00,1.511322379112243652e+00,1.504276394844055176e+00,1.497749805450439453e+00,1.491732001304626465e+00,1.486213326454162598e+00,1.481184840202331543e+00,1.476638436317443848e+00,1.472567319869995117e+00,1.468964695930480957e+00,1.465824961662292480e+00,1.463143348693847656e+00,1.460915803909301758e+00,1.459138631820678711e+00,1.457809686660766602e+00,1.456926345825195312e+00,1.456487655639648438e+00,1.456492424011230469e+00,1.456941127777099609e+00,1.457834243774414062e+00,1.459173083305358887e+00,1.460960030555725098e+00,1.463197708129882812e+00,1.465889334678649902e+00,1.469039320945739746e+00,1.472652196884155273e+00,1.476733803749084473e+00,1.481290578842163086e+00,1.486330151557922363e+00,1.491859674453735352e+00,1.497888565063476562e+00,1.504426598548889160e+00,1.511484265327453613e+00,1.519073128700256348e+00,1.527206420898437500e+00,1.535897731781005859e+00,1.545161843299865723e+00,1.555015087127685547e+00,1.565474510192871094e+00,1.576558828353881836e+00,1.588288784027099609e+00,1.600685834884643555e+00,1.613773584365844727e+00,1.627576351165771484e+00,1.642122149467468262e+00,1.657439827919006348e+00,1.673560619354248047e+00,1.690517783164978027e+00,1.708348274230957031e+00,1.727090120315551758e+00,1.746785402297973633e+00,1.767480254173278809e+00,1.789223074913024902e+00,1.798005700111389160e+00,1.763804435729980469e+00,1.724435448646545410e+00,1.687305927276611328e+00,1.651993274688720703e+00,1.618722915649414062e+00,1.587273478507995605e+00,1.557312011718750000e+00,1.529000163078308105e+00,1.502187848091125488e+00,1.477089643478393555e+00,1.453252315521240234e+00,1.430600643157958984e+00,1.409066677093505859e+00,1.388588428497314453e+00,1.369107842445373535e+00,1.350571751594543457e+00,1.332931876182556152e+00,1.316142320632934570e+00,1.300161600112915039e+00,1.284950733184814453e+00,1.270474791526794434e+00,1.256699562072753906e+00,1.243594646453857422e+00,1.231131434440612793e+00,1.219283103942871094e+00,1.208025097846984863e+00,1.197334647178649902e+00,1.187190413475036621e+00,1.177572011947631836e+00,1.168461203575134277e+00,1.159841179847717285e+00,1.151695489883422852e+00,1.144009351730346680e+00,1.136769175529479980e+00,1.129962205886840820e+00,1.123576283454895020e+00,1.117600798606872559e+00,1.112025380134582520e+00,1.106840848922729492e+00,1.102038741111755371e+00,1.097610831260681152e+00,1.093550205230712891e+00,1.089850068092346191e+00,1.086504817008972168e+00,1.083509325981140137e+00,1.080858469009399414e+00,1.078548312187194824e+00,1.076575279235839844e+00,1.074936151504516602e+00,1.073628544807434082e+00,1.072650432586669922e+00,1.072000741958618164e+00,1.071677803993225098e+00,esquerda
5.969510555267333984e+00,5.971349716186523438e+00,5.975009918212890625e+00,5.980497837066650391e+00,5.987821578979492188e+00,5.996992588043212891e+00,6.008023738861083984e+00,6.020934104919433594e+00,6.035741806030273438e+00,6.052471637725830078e+00,6.071147918701171875e+00,6.091801643371582031e+00,6.114464759826660156e+00,6.139174938201904297e+00,5.827239513397216797e+00,5.460922241210937500e+00,5.137366294860839844e+00,4.852825641632080078e+00,4.599254131317138672e+00,4.371241569519042969e+00,4.166043281555175781e+00,3.980589866638183594e+00,3.811054944992065430e+00,3.656200170516967773e+00,3.515921592712402344e+00,3.386520862579345703e+00,3.266891717910766602e+00,3.155652523040771484e+00,3.053848505020141602e+00,2.958899736404418945e+00,2.869827270507812500e+00,2.787575960159301758e+00,2.710232973098754883e+00,2.637655973434448242e+00,2.570128202438354492e+00,2.506029844284057617e+00,2.446561574935913086e+00,2.389878511428833008e+00,2.336694478988647461e+00,2.286543607711791992e+00,2.238852500915527344e+00,2.193926811218261719e+00,2.151467800140380859e+00,2.111025810241699219e+00,2.072818040847778320e+00,2.036545276641845703e+00,2.002520084381103516e+00,1.970202803611755371e+00,1.939493417739868164e+00,1.910299777984619141e+00,1.882536649703979492e+00,1.856126546859741211e+00,1.830996990203857422e+00,1.807082295417785645e+00,1.784320592880249023e+00,1.762655138969421387e+00,1.742033720016479492e+00,1.722408175468444824e+00,1.703733086585998535e+00,1.685966491699218750e+00,1.669069886207580566e+00,1.653007030487060547e+00,1.637744307518005371e+00,1.623251199722290039e+00,1.609498262405395508e+00,1.596458435058593750e+00,1.584107160568237305e+00,1.572420716285705566e+00,1.561377406120300293e+00,1.550957083702087402e+00,1.541141510009765625e+00,1.531913280487060547e+00,1.523256063461303711e+00,1.515154838562011719e+00,1.507596254348754883e+00,1.500567436218261719e+00,1.494056820869445801e+00,1.488054037094116211e+00,1.482549071311950684e+00,1.477532982826232910e+00,1.472997784614562988e+00,1.468936443328857422e+00,1.465342760086059570e+00,1.462210774421691895e+00,1.459535837173461914e+00,1.457313895225524902e+00,1.455541133880615234e+00,1.454215407371520996e+00,1.453334212303161621e+00,1.452896475791931152e+00,1.452901363372802734e+00,1.453348875045776367e+00,1.454239845275878906e+00,1.455575466156005859e+00,1.457358121871948242e+00,1.459590077400207520e+00,1.462275028228759766e+00,1.465417265892028809e+00,1.469021320343017578e+00,1.473092913627624512e+00,1.477638483047485352e+00,1.482665419578552246e+00,1.488181471824645996e+00,1.494195461273193359e+00,1.500717163085937500e+00,1.507757663726806641e+00,1.515327811241149902e+00,1.523441076278686523e+00,1.532111048698425293e+00,1.541352033615112305e+00,1.551181077957153320e+00,1.561614990234375000e+00,1.572671890258789062e+00,1.584372758865356445e+00,1.596739292144775391e+00,1.609794616699218750e+00,1.623563408851623535e+00,1.638073563575744629e+00,1.653353452682495117e+00,1.669434309005737305e+00,1.686349630355834961e+00,1.704136133193969727e+00,1.722831845283508301e+00,1.742478847503662109e+00,1.763122558593750000e+00,1.784811496734619141e+00,1.796019315719604492e+00,1.763871669769287109e+00,1.724498867988586426e+00,1.687365770339965820e+00,1.652050018310546875e+00,1.618776559829711914e+00,1.587324380874633789e+00,1.557360410690307617e+00,1.529045820236206055e+00,1.502184867858886719e+00,1.477086663246154785e+00,1.453249454498291016e+00,1.430597782135009766e+00,1.409063816070556641e+00,1.388585686683654785e+00,1.369105100631713867e+00,1.350569128990173340e+00,1.332929372787475586e+00,1.316139817237854004e+00,1.300159215927124023e+00,1.284948348999023438e+00,1.270472407341003418e+00,1.256697297096252441e+00,1.243592381477355957e+00,1.231129169464111328e+00,1.219280958175659180e+00,1.208023071289062500e+00,1.197332501411437988e+00,1.187188267707824707e+00,1.177569866180419922e+00,1.168459177017211914e+00,1.159839034080505371e+00,1.151693463325500488e+00,1.144007444381713867e+00,1.136767268180847168e+00,1.129960179328918457e+00,1.123574495315551758e+00,1.117599010467529297e+00,1.112023711204528809e+00,1.106838941574096680e+00,1.102036952972412109e+00,1.097608804702758789e+00,1.093548536300659180e+00,1.089848399162292480e+00,1.086503148078918457e+00,1.083507537841796875e+00,1.080856680870056152e+00,1.078546524047851562e+00,1.076573610305786133e+00,1.074934482574462891e+00,1.073626875877380371e+00,1.072648763656616211e+00,1.071999073028564453e+00,1.071676135063171387e+00,esquerda
5.969511508941650391e+00,5.971350669860839844e+00,5.975010871887207031e+00,5.980498790740966797e+00,5.987823009490966797e+00,5.996993541717529297e+00,6.008025169372558594e+00,6.020935058593750000e+00,6.035742759704589844e+00,6.052472591400146484e+00,6.071148872375488281e+00,6.091803073883056641e+00,6.114466190338134766e+00,6.139175891876220703e+00,5.814902782440185547e+00,5.447486877441406250e+00,5.124679565429687500e+00,4.840801715850830078e+00,4.587824344635009766e+00,4.360348701477050781e+00,4.155637264251708984e+00,3.970625162124633789e+00,3.801494359970092773e+00,3.647028684616088867e+00,3.507108211517333984e+00,3.378037691116333008e+00,3.258713245391845703e+00,3.147756338119506836e+00,3.046211004257202148e+00,2.951503276824951172e+00,2.862656593322753906e+00,2.780613183975219727e+00,2.703465700149536133e+00,2.631072282791137695e+00,2.563714742660522461e+00,2.499777793884277344e+00,2.440459251403808594e+00,2.383918762207031250e+00,2.330868721008300781e+00,2.280843496322631836e+00,2.233272314071655273e+00,2.188459396362304688e+00,2.146106481552124023e+00,2.105765819549560547e+00,2.067653656005859375e+00,2.031513214111328125e+00,1.997572064399719238e+00,1.965334773063659668e+00,1.934701204299926758e+00,1.905579566955566406e+00,1.877884984016418457e+00,1.851540327072143555e+00,1.826472997665405273e+00,1.802617192268371582e+00,1.779911875724792480e+00,1.758299827575683594e+00,1.737729310989379883e+00,1.718152284622192383e+00,1.699523448944091797e+00,1.681800603866577148e+00,1.664945840835571289e+00,1.648922681808471680e+00,1.633697748184204102e+00,1.619240283966064453e+00,1.605521559715270996e+00,1.592513918876647949e+00,1.580193042755126953e+00,1.568535327911376953e+00,1.557519435882568359e+00,1.547124981880187988e+00,1.537333726882934570e+00,1.528128027915954590e+00,1.519492387771606445e+00,1.511411190032958984e+00,1.503871083259582520e+00,1.496859669685363770e+00,1.490365386009216309e+00,1.484377264976501465e+00,1.478885889053344727e+00,1.473882198333740234e+00,1.469358205795288086e+00,1.465307116508483887e+00,1.461722254753112793e+00,1.458597898483276367e+00,1.455929636955261230e+00,1.453713059425354004e+00,1.451944708824157715e+00,1.450622200965881348e+00,1.449743270874023438e+00,1.449306607246398926e+00,1.449311494827270508e+00,1.449757933616638184e+00,1.450646638870239258e+00,1.451978921890258789e+00,1.453757166862487793e+00,1.455983638763427734e+00,1.458662152290344238e+00,1.461796402931213379e+00,1.465391635894775391e+00,1.469453096389770508e+00,1.473987340927124023e+00,1.479002118110656738e+00,1.484504461288452148e+00,1.490503430366516113e+00,1.497009158134460449e+00,1.504032254219055176e+00,1.511583685874938965e+00,1.519676923751831055e+00,1.528325438499450684e+00,1.537543773651123047e+00,1.547348260879516602e+00,1.557756304740905762e+00,1.568786025047302246e+00,1.580458164215087891e+00,1.592793822288513184e+00,1.605817079544067383e+00,1.619551777839660645e+00,1.634025931358337402e+00,1.649268388748168945e+00,1.665309429168701172e+00,1.682183027267456055e+00,1.699925422668457031e+00,1.718575000762939453e+00,1.738173246383666992e+00,1.758766174316406250e+00,1.780401706695556641e+00,1.793944358825683594e+00,1.763781428337097168e+00,1.724413752555847168e+00,1.687285780906677246e+00,1.651974320411682129e+00,1.618705272674560547e+00,1.587256669998168945e+00,1.557296395301818848e+00,1.528985142707824707e+00,1.502183794975280762e+00,1.477085947990417480e+00,1.453248500823974609e+00,1.430596947669982910e+00,1.409062862396240234e+00,1.388584733009338379e+00,1.369104146957397461e+00,1.350568175315856934e+00,1.332928538322448730e+00,1.316138863563537598e+00,1.300158262252807617e+00,1.284947514533996582e+00,1.270471692085266113e+00,1.256696462631225586e+00,1.243591547012329102e+00,1.231128454208374023e+00,1.219280123710632324e+00,1.208022236824035645e+00,1.197331786155700684e+00,1.187187433242797852e+00,1.177569270133972168e+00,1.168458461761474609e+00,1.159838318824768066e+00,1.151692628860473633e+00,1.144006729125976562e+00,1.136766433715820312e+00,1.129959344863891602e+00,1.123573780059814453e+00,1.117598176002502441e+00,1.112022876739501953e+00,1.106838226318359375e+00,1.102036356925964355e+00,1.097608208656311035e+00,1.093547821044921875e+00,1.089847683906555176e+00,1.086502552032470703e+00,1.083506941795349121e+00,1.080855846405029297e+00,1.078545808792114258e+00,1.076572895050048828e+00,1.074933767318725586e+00,1.073626160621643066e+00,1.072648048400878906e+00,1.071998357772827148e+00,1.071675419807434082e+00,esquerda
5.969511985778808594e+00,5.971351146697998047e+00,5.975011348724365234e+00,5.980499267578125000e+00,5.987823486328125000e+00,5.996994018554687500e+00,6.008025646209716797e+00,6.020935535430908203e+00,6.035743713378906250e+00,6.052473068237304688e+00,6.071149349212646484e+00,6.091803550720214844e+00,6.114466667175292969e+00,6.134788513183593750e+00,5.802370071411132812e+00,5.434659957885742188e+00,5.112619400024414062e+00,4.829415321350097656e+00,4.577037334442138672e+00,4.350100994110107422e+00,4.145873546600341797e+00,3.961298227310180664e+00,3.792567253112792969e+00,3.638448238372802734e+00,3.498837947845458984e+00,3.370053768157958984e+00,3.250995397567749023e+00,3.140287160873413086e+00,3.038969039916992188e+00,2.944474220275878906e+00,2.855828285217285156e+00,2.773970603942871094e+00,2.696998119354248047e+00,2.624768495559692383e+00,2.557564258575439453e+00,2.493772745132446289e+00,2.434589862823486328e+00,2.378178358078002930e+00,2.325249433517456055e+00,2.275338888168334961e+00,2.227876663208007812e+00,2.183166265487670898e+00,2.140910625457763672e+00,2.100662469863891602e+00,2.062637805938720703e+00,2.026481628417968750e+00,1.992624402046203613e+00,1.960467100143432617e+00,1.929909348487854004e+00,1.900859832763671875e+00,1.873233795166015625e+00,1.846954107284545898e+00,1.821949124336242676e+00,1.798152208328247070e+00,1.775503158569335938e+00,1.753944635391235352e+00,1.733425140380859375e+00,1.713896632194519043e+00,1.695313930511474609e+00,1.677634954452514648e+00,1.660821795463562012e+00,1.644838333129882812e+00,1.629651069641113281e+00,1.615229487419128418e+00,1.601544618606567383e+00,1.588569164276123047e+00,1.576278686523437500e+00,1.564649939537048340e+00,1.553661465644836426e+00,1.543292641639709473e+00,1.533525586128234863e+00,1.524342656135559082e+00,1.515728354454040527e+00,1.507667064666748047e+00,1.500145673751831055e+00,1.493151783943176270e+00,1.486673474311828613e+00,1.480700254440307617e+00,1.475222468376159668e+00,1.470231056213378906e+00,1.465718388557434082e+00,1.461677074432373047e+00,1.458101153373718262e+00,1.454984664916992188e+00,1.452322840690612793e+00,1.450111746788024902e+00,1.448347806930541992e+00,1.447028636932373047e+00,1.446151852607727051e+00,1.445716261863708496e+00,1.445721149444580078e+00,1.446166396141052246e+00,1.447052955627441406e+00,1.448381900787353516e+00,1.450155615806579590e+00,1.452376723289489746e+00,1.455048441886901855e+00,1.458174943923950195e+00,1.461761236190795898e+00,1.465812563896179199e+00,1.470335721969604492e+00,1.475337982177734375e+00,1.480826497077941895e+00,1.486811041831970215e+00,1.493300437927246094e+00,1.500306010246276855e+00,1.507838845252990723e+00,1.515911936759948730e+00,1.524538993835449219e+00,1.533734440803527832e+00,1.543514728546142578e+00,1.553897023200988770e+00,1.564899325370788574e+00,1.576542496681213379e+00,1.588847637176513672e+00,1.601838707923889160e+00,1.615539312362670898e+00,1.629977703094482422e+00,1.645182013511657715e+00,1.661183595657348633e+00,1.678015112876892090e+00,1.695713758468627930e+00,1.714316844940185547e+00,1.733866930007934570e+00,1.754408597946166992e+00,1.775990605354309082e+00,1.791956782341003418e+00,1.763846278190612793e+00,1.724474906921386719e+00,1.687343478202819824e+00,1.652028799057006836e+00,1.618756651878356934e+00,1.587305307388305664e+00,1.557342529296875000e+00,1.529028892517089844e+00,1.502183437347412109e+00,1.477085351943969727e+00,1.453248143196105957e+00,1.430596470832824707e+00,1.409062862396240234e+00,1.388584494590759277e+00,1.369103908538818359e+00,1.350567698478698730e+00,1.332928061485290527e+00,1.316138625144958496e+00,1.300157904624938965e+00,1.284947037696838379e+00,1.270471096038818359e+00,1.256696105003356934e+00,1.243591189384460449e+00,1.231127858161926270e+00,1.219279646873474121e+00,1.208021640777587891e+00,1.197331190109252930e+00,1.187186956405639648e+00,1.177568554878234863e+00,1.168457865715026855e+00,1.159837722778320312e+00,1.151692271232604980e+00,1.144006013870239258e+00,1.136765837669372559e+00,1.129958868026733398e+00,1.123573064804077148e+00,1.117597579956054688e+00,1.112022399902343750e+00,1.106837749481201172e+00,1.102035760879516602e+00,1.097607612609863281e+00,1.093547224998474121e+00,1.089847087860107422e+00,1.086501955986022949e+00,1.083506345748901367e+00,1.080855250358581543e+00,1.078545212745666504e+00,1.076572179794311523e+00,1.074933052062988281e+00,1.073625564575195312e+00,1.072647452354431152e+00,1.071997642517089844e+00,1.071674704551696777e+00,esquerda
5.969511985778808594e+00,5.971351146697998047e+00,5.975011348724365234e+00,5.980498790740966797e+00,5.987822532653808594e+00,5.996993541717529297e+00,6.008025169372558594e+00,6.020935058593750000e+00,6.035743236541748047e+00,6.052472591400146484e+00,6.071148872375488281e+00,6.091803550720214844e+00,6.114466667175292969e+00,6.122213363647460938e+00,5.787613391876220703e+00,5.420865535736083984e+00,5.099664211273193359e+00,4.817195892333984375e+00,4.565472126007080078e+00,4.339121818542480469e+00,4.135420799255371094e+00,3.951320409774780273e+00,3.783022880554199219e+00,3.629297256469726562e+00,3.490043163299560547e+00,3.361587285995483398e+00,3.242832183837890625e+00,3.132405519485473633e+00,3.031345129013061523e+00,2.937090396881103516e+00,2.848669052124023438e+00,2.767018556594848633e+00,2.690240621566772461e+00,2.618193864822387695e+00,2.551159620285034180e+00,2.487529277801513672e+00,2.428495407104492188e+00,2.372226238250732422e+00,2.319430351257324219e+00,2.269645690917968750e+00,2.222302436828613281e+00,2.177704572677612305e+00,2.135555028915405273e+00,2.095407724380493164e+00,2.057478427886962891e+00,2.021450281143188477e+00,1.987676978111267090e+00,1.955599427223205566e+00,1.925117850303649902e+00,1.896140456199645996e+00,1.868583202362060547e+00,1.842368721961975098e+00,1.817425608634948730e+00,1.793688058853149414e+00,1.771095156669616699e+00,1.749590158462524414e+00,1.729121565818786621e+00,1.709641337394714355e+00,1.691105008125305176e+00,1.673469901084899902e+00,1.656698703765869141e+00,1.640754699707031250e+00,1.625605344772338867e+00,1.611219525337219238e+00,1.597568631172180176e+00,1.584625363349914551e+00,1.572365641593933105e+00,1.560765624046325684e+00,1.549804329872131348e+00,1.539461255073547363e+00,1.529718518257141113e+00,1.520558476448059082e+00,1.511965513229370117e+00,1.503924489021301270e+00,1.496421694755554199e+00,1.489445090293884277e+00,1.482982754707336426e+00,1.477024435997009277e+00,1.471560239791870117e+00,1.466581106185913086e+00,1.462079763412475586e+00,1.458048701286315918e+00,1.454481601715087891e+00,1.451372861862182617e+00,1.448717713356018066e+00,1.446512103080749512e+00,1.444752454757690430e+00,1.443436622619628906e+00,1.442561984062194824e+00,1.442127466201782227e+00,1.442132234573364258e+00,1.442576408386230469e+00,1.443460822105407715e+00,1.444786667823791504e+00,1.446555972099304199e+00,1.448771476745605469e+00,1.451436638832092285e+00,1.454555392265319824e+00,1.458132863044738770e+00,1.462174177169799805e+00,1.466686129570007324e+00,1.471675872802734375e+00,1.477150917053222656e+00,1.483120203018188477e+00,1.489593863487243652e+00,1.496581912040710449e+00,1.504096150398254395e+00,1.512149095535278320e+00,1.520754933357238770e+00,1.529927492141723633e+00,1.539683461189270020e+00,1.550040006637573242e+00,1.561015129089355469e+00,1.572629332542419434e+00,1.584903836250305176e+00,1.597862839698791504e+00,1.611529588699340820e+00,1.625932097434997559e+00,1.641098737716674805e+00,1.657060384750366211e+00,1.673850417137145996e+00,1.691504955291748047e+00,1.710061907768249512e+00,1.729563355445861816e+00,1.750054240226745605e+00,1.771582484245300293e+00,1.789955615997314453e+00,1.763884067535400391e+00,1.724510550498962402e+00,1.687376379966735840e+00,1.652059674263000488e+00,1.618785619735717773e+00,1.587332487106323242e+00,1.557367801666259766e+00,1.529052853584289551e+00,1.502182483673095703e+00,1.477084636688232422e+00,1.453247189521789551e+00,1.430595517158508301e+00,1.409061789512634277e+00,1.388583540916442871e+00,1.369102954864501953e+00,1.350566864013671875e+00,1.332927227020263672e+00,1.316137909889221191e+00,1.300157189369201660e+00,1.284946203231811523e+00,1.270470380783081055e+00,1.256695270538330078e+00,1.243590354919433594e+00,1.231127023696899414e+00,1.219278812408447266e+00,1.208020806312561035e+00,1.197330594062805176e+00,1.187186121940612793e+00,1.177567720413208008e+00,1.168457150459289551e+00,1.159837007522583008e+00,1.151691317558288574e+00,1.144005298614501953e+00,1.136765122413635254e+00,1.129958152770996094e+00,1.123572349548339844e+00,1.117596983909606934e+00,1.112021446228027344e+00,1.106837034225463867e+00,1.102034926414489746e+00,1.097606897354125977e+00,1.093546390533447266e+00,1.089846253395080566e+00,1.086501121520996094e+00,1.083505630493164062e+00,1.080854535102844238e+00,1.078544497489929199e+00,1.076571583747863770e+00,1.074932336807250977e+00,1.073624849319458008e+00,1.072646737098693848e+00,1.071996927261352539e+00,1.071673989295959473e+00,esquerda
5.969513416290283203e+00,5.971352577209472656e+00,5.975012779235839844e+00,5.980501174926757812e+00,5.987824916839599609e+00,5.996995449066162109e+00,6.008027076721191406e+00,6.020936965942382812e+00,6.035745143890380859e+00,6.052474975585937500e+00,6.071151256561279297e+00,6.091804981231689453e+00,6.114468097686767578e+00,6.109659194946289062e+00,5.772877693176269531e+00,5.407086849212646484e+00,5.086721897125244141e+00,4.804986000061035156e+00,4.553913593292236328e+00,4.328147411346435547e+00,4.124971389770507812e+00,3.941344261169433594e+00,3.773478984832763672e+00,3.620147705078125000e+00,3.481250047683715820e+00,3.353122711181640625e+00,3.234670639038085938e+00,3.124525547027587891e+00,3.023722410202026367e+00,2.929707050323486328e+00,2.841510534286499023e+00,2.760067701339721680e+00,2.683484315872192383e+00,2.611620664596557617e+00,2.544755697250366211e+00,2.481285810470581055e+00,2.422401428222656250e+00,2.366274118423461914e+00,2.313611984252929688e+00,2.263952732086181641e+00,2.216728925704956055e+00,2.172243118286132812e+00,2.130199432373046875e+00,2.090153217315673828e+00,2.052319049835205078e+00,2.016417026519775391e+00,1.982727646827697754e+00,1.950729846954345703e+00,1.920324206352233887e+00,1.891419172286987305e+00,1.863930106163024902e+00,1.837781071662902832e+00,1.812900066375732422e+00,1.789221644401550293e+00,1.766685128211975098e+00,1.745233416557312012e+00,1.724815845489501953e+00,1.705384373664855957e+00,1.686894178390502930e+00,1.669302940368652344e+00,1.652573466300964355e+00,1.636669158935546875e+00,1.621557354927062988e+00,1.607207536697387695e+00,1.593590736389160156e+00,1.580679655075073242e+00,1.568450450897216797e+00,1.556879281997680664e+00,1.545945167541503906e+00,1.535627961158752441e+00,1.525909423828125000e+00,1.516772270202636719e+00,1.508200764656066895e+00,1.500179529190063477e+00,1.492695569992065430e+00,1.485736250877380371e+00,1.479290127754211426e+00,1.473346590995788574e+00,1.467896103858947754e+00,1.462929368019104004e+00,1.458439111709594727e+00,1.454418182373046875e+00,1.450859785079956055e+00,1.447758793830871582e+00,1.445110321044921875e+00,1.442910194396972656e+00,1.441154956817626953e+00,1.439842343330383301e+00,1.438969969749450684e+00,1.438536524772644043e+00,1.438541412353515625e+00,1.438984513282775879e+00,1.439866542816162109e+00,1.441189050674438477e+00,1.442953944206237793e+00,1.445163965225219727e+00,1.447822570800781250e+00,1.450933575630187988e+00,1.454501986503601074e+00,1.458533406257629395e+00,1.463034033775329590e+00,1.468011379241943359e+00,1.473472714424133301e+00,1.479427218437194824e+00,1.485884785652160645e+00,1.492855429649353027e+00,1.500350952148437500e+00,1.508383870124816895e+00,1.516968011856079102e+00,1.526117920875549316e+00,1.535849690437316895e+00,1.546180486679077148e+00,1.557128190994262695e+00,1.568713545799255371e+00,1.580957531929016113e+00,1.593884110450744629e+00,1.607516646385192871e+00,1.621883273124694824e+00,1.637012362480163574e+00,1.652934312820434570e+00,1.669682383537292480e+00,1.687293171882629395e+00,1.705803990364074707e+00,1.725256562232971191e+00,1.745696544647216797e+00,1.767171263694763184e+00,1.787875175476074219e+00,1.763785481452941895e+00,1.724417328834533691e+00,1.687288641929626465e+00,1.651976585388183594e+00,1.618706822395324707e+00,1.587257981300354004e+00,1.557297348976135254e+00,1.528985857963562012e+00,1.502180933952331543e+00,1.477082967758178711e+00,1.453245759010314941e+00,1.430594086647033691e+00,1.409060239791870117e+00,1.388582110404968262e+00,1.369101643562316895e+00,1.350565671920776367e+00,1.332926034927368164e+00,1.316136717796325684e+00,1.300155878067016602e+00,1.284945130348205566e+00,1.270469188690185547e+00,1.256694316864013672e+00,1.243589282035827637e+00,1.231126070022583008e+00,1.219277977943420410e+00,1.208019852638244629e+00,1.197329640388488770e+00,1.187185168266296387e+00,1.177566885948181152e+00,1.168456315994262695e+00,1.159836053848266602e+00,1.151690602302551270e+00,1.144004464149475098e+00,1.136764287948608398e+00,1.129957318305969238e+00,1.123571515083312988e+00,1.117596149444580078e+00,1.112020730972290039e+00,1.106836199760437012e+00,1.102034091949462891e+00,1.097606182098388672e+00,1.093545675277709961e+00,1.089845538139343262e+00,1.086500406265258789e+00,1.083504915237426758e+00,1.080853819847106934e+00,1.078543782234191895e+00,1.076570868492126465e+00,1.074931740760803223e+00,1.073624134063720703e+00,1.072646021842956543e+00,1.071996331214904785e+00,1.071673393249511719e+00,esquerda
5.969514369964599609e+00,5.971353054046630859e+00,5.975013256072998047e+00,5.980501651763916016e+00,5.987825393676757812e+00,5.996995925903320312e+00,6.008027553558349609e+00,6.020937919616699219e+00,6.035745620727539062e+00,6.052475452423095703e+00,6.071151733398437500e+00,6.091805458068847656e+00,6.114468574523925781e+00,6.098475933074951172e+00,5.759660243988037109e+00,5.394634246826171875e+00,5.074946880340576172e+00,4.793812751770019531e+00,4.543281555175781250e+00,4.318005084991455078e+00,4.115272998809814453e+00,3.932049512863159180e+00,3.764554262161254883e+00,3.611563920974731445e+00,3.472975969314575195e+00,3.345135211944580078e+00,3.226949453353881836e+00,3.117052555084228516e+00,3.016477346420288086e+00,2.922675371170043945e+00,2.834679603576660156e+00,2.753422260284423828e+00,2.677013874053955078e+00,2.605314493179321289e+00,2.538602590560913086e+00,2.475279092788696289e+00,2.416529893875122070e+00,2.360531806945800781e+00,2.307990789413452148e+00,2.258445978164672852e+00,2.211331367492675781e+00,2.166948318481445312e+00,2.125002145767211914e+00,2.085048198699951172e+00,2.047301530838012695e+00,2.011385202407836914e+00,1.977779984474182129e+00,1.945862054824829102e+00,1.915532469749450684e+00,1.886699080467224121e+00,1.859278917312622070e+00,1.833195090293884277e+00,1.808376073837280273e+00,1.784756779670715332e+00,1.762276291847229004e+00,1.740878343582153320e+00,1.720511913299560547e+00,1.701128721237182617e+00,1.682684421539306641e+00,1.665137052536010742e+00,1.648449420928955078e+00,1.632584810256958008e+00,1.617510795593261719e+00,1.603196620941162109e+00,1.589613556861877441e+00,1.576734900474548340e+00,1.564536213874816895e+00,1.552994012832641602e+00,1.542087197303771973e+00,1.531795620918273926e+00,1.522101402282714844e+00,1.512987017631530762e+00,1.504436731338500977e+00,1.496435642242431641e+00,1.488970279693603516e+00,1.482028365135192871e+00,1.475598335266113281e+00,1.469669580459594727e+00,1.464232683181762695e+00,1.459278464317321777e+00,1.454799175262451172e+00,1.450788259506225586e+00,1.447238802909851074e+00,1.444145560264587402e+00,1.441503643989562988e+00,1.439309000968933105e+00,1.437558174133300781e+00,1.436248898506164551e+00,1.435378670692443848e+00,1.434946179389953613e+00,1.434951066970825195e+00,1.435393095016479492e+00,1.436272978782653809e+00,1.437592029571533203e+00,1.439352512359619141e+00,1.441557049751281738e+00,1.444208860397338867e+00,1.447312116622924805e+00,1.450871706008911133e+00,1.454892873764038086e+00,1.459382414817810059e+00,1.464347243309020996e+00,1.469795107841491699e+00,1.475734829902648926e+00,1.482176065444946289e+00,1.489129304885864258e+00,1.496605992317199707e+00,1.504619002342224121e+00,1.513181805610656738e+00,1.522308826446533203e+00,1.532016158103942871e+00,1.542321085929870605e+00,1.553241491317749023e+00,1.564797759056091309e+00,1.577011466026306152e+00,1.589905738830566406e+00,1.603504180908203125e+00,1.617834925651550293e+00,1.632926225662231445e+00,1.648808479309082031e+00,1.665514707565307617e+00,1.683081269264221191e+00,1.701546192169189453e+00,1.720950007438659668e+00,1.741339206695556641e+00,1.762760043144226074e+00,1.785265326499938965e+00,1.763879299163818359e+00,1.724506258964538574e+00,1.687373042106628418e+00,1.652056932449340820e+00,1.618783593177795410e+00,1.587331056594848633e+00,1.557367086410522461e+00,1.529052138328552246e+00,1.502180695533752441e+00,1.477082610130310059e+00,1.453245401382446289e+00,1.430593609809875488e+00,1.409059882164001465e+00,1.388581633567810059e+00,1.369101166725158691e+00,1.350565075874328613e+00,1.332925558090209961e+00,1.316136002540588379e+00,1.300155282020568848e+00,1.284944653511047363e+00,1.270468592643737793e+00,1.256693601608276367e+00,1.243588685989379883e+00,1.231125354766845703e+00,1.219277262687683105e+00,1.208019375801086426e+00,1.197328925132751465e+00,1.187184572219848633e+00,1.177566289901733398e+00,1.168455719947814941e+00,1.159835577011108398e+00,1.151690006256103516e+00,1.144003868103027344e+00,1.136763572692871094e+00,1.129956722259521484e+00,1.123570799827575684e+00,1.117595553398132324e+00,1.112020134925842285e+00,1.106835603713989258e+00,1.102033495903015137e+00,1.097605466842651367e+00,1.093544960021972656e+00,1.089844822883605957e+00,1.086499691009521484e+00,1.083504080772399902e+00,1.080853104591369629e+00,1.078542947769165039e+00,1.076570034027099609e+00,1.074930906295776367e+00,1.073623418807983398e+00,1.072645306587219238e+00,1.071995496749877930e+00,1.071672558784484863e+00,esquerda
5.969514369964599609e+00,5.971353054046630859e+00,5.975013256072998047e+00,5.980500698089599609e+00,5.987824440002441406e+00,5.996995449066162109e+00,6.008027076721191406e+00,6.020937442779541016e+00,6.035745143890380859e+00,6.052474498748779297e+00,6.071151256561279297e+00,6.091805458068847656e+00,6.114468574523925781e+00,6.085885524749755859e+00,5.744883537292480469e+00,5.380818843841552734e+00,5.061969280242919922e+00,4.781570911407470703e+00,4.531692981719970703e+00,4.307003021240234375e+00,4.104797363281250000e+00,3.922048807144165039e+00,3.754987478256225586e+00,3.602392435073852539e+00,3.464163541793823242e+00,3.336652517318725586e+00,3.218771696090698242e+00,3.109157323837280273e+00,3.008840560913085938e+00,2.915279626846313477e+00,2.827509403228759766e+00,2.746459960937500000e+00,2.670247077941894531e+00,2.598731040954589844e+00,2.532189846038818359e+00,2.469027757644653320e+00,2.410428285598754883e+00,2.354572772979736328e+00,2.302165508270263672e+00,2.252746820449829102e+00,2.205751657485961914e+00,2.161481380462646484e+00,2.119641542434692383e+00,2.079788684844970703e+00,2.042137861251831055e+00,2.006354808807373047e+00,1.972833633422851562e+00,1.940995812416076660e+00,1.910741686820983887e+00,1.881980657577514648e+00,1.854628920555114746e+00,1.828610301017761230e+00,1.803853392601013184e+00,1.780293345451354980e+00,1.757869124412536621e+00,1.736524701118469238e+00,1.716209053993225098e+00,1.696874380111694336e+00,1.678476333618164062e+00,1.660972714424133301e+00,1.644327163696289062e+00,1.628502130508422852e+00,1.613465785980224609e+00,1.599187254905700684e+00,1.585638523101806641e+00,1.572791934013366699e+00,1.560623645782470703e+00,1.549110174179077148e+00,1.538230776786804199e+00,1.527965068817138672e+00,1.518295049667358398e+00,1.509203433990478516e+00,1.500674605369567871e+00,1.492693543434143066e+00,1.485246896743774414e+00,1.478322267532348633e+00,1.471908450126647949e+00,1.465994477272033691e+00,1.460571169853210449e+00,1.455629348754882812e+00,1.451161503791809082e+00,1.447160482406616211e+00,1.443619728088378906e+00,1.440534353256225586e+00,1.437899112701416016e+00,1.435709953308105469e+00,1.433963537216186523e+00,1.432657480239868164e+00,1.431789278984069824e+00,1.431358098983764648e+00,1.431362986564636230e+00,1.431803941726684570e+00,1.432681560516357422e+00,1.433997392654418945e+00,1.435753464698791504e+00,1.437952518463134766e+00,1.440597891807556152e+00,1.443693399429321289e+00,1.447243928909301758e+00,1.451255202293395996e+00,1.455733299255371094e+00,1.460685849189758301e+00,1.466120004653930664e+00,1.472044825553894043e+00,1.478470087051391602e+00,1.485405921936035156e+00,1.492864012718200684e+00,1.500856995582580566e+00,1.509398341178894043e+00,1.518502473831176758e+00,1.528185606002807617e+00,1.538464903831481934e+00,1.549358010292053223e+00,1.560885548591613770e+00,1.573068380355834961e+00,1.585930466651916504e+00,1.599495053291320801e+00,1.613790273666381836e+00,1.628843545913696289e+00,1.644686102867126465e+00,1.661350607872009277e+00,1.678873419761657715e+00,1.697291851043701172e+00,1.716647624969482422e+00,1.736985325813293457e+00,1.758352994918823242e+00,1.780801892280578613e+00,1.763840079307556152e+00,1.724467754364013672e+00,1.687335014343261719e+00,1.652019500732421875e+00,1.618746399879455566e+00,1.587294340133666992e+00,1.557330727577209473e+00,1.529016375541687012e+00,1.502179622650146484e+00,1.477081775665283203e+00,1.453244447708129883e+00,1.430592775344848633e+00,1.409059166908264160e+00,1.388580918312072754e+00,1.369100332260131836e+00,1.350564241409301758e+00,1.332924842834472656e+00,1.316135287284851074e+00,1.300154566764831543e+00,1.284943819046020508e+00,1.270467877388000488e+00,1.256692886352539062e+00,1.243587970733642578e+00,1.231124639511108398e+00,1.219276428222656250e+00,1.208018541336059570e+00,1.197328329086303711e+00,1.187183856964111328e+00,1.177565574645996094e+00,1.168454885482788086e+00,1.159834861755371094e+00,1.151689171791076660e+00,1.144003152847290039e+00,1.136762976646423340e+00,1.129956007003784180e+00,1.123570203781127930e+00,1.117594957351684570e+00,1.112019300460815430e+00,1.106835007667541504e+00,1.102032780647277832e+00,1.097604870796203613e+00,1.093544363975524902e+00,1.089844226837158203e+00,1.086499214172363281e+00,1.083503603935241699e+00,1.080852508544921875e+00,1.078542351722717285e+00,1.076569557189941406e+00,1.074930310249328613e+00,1.073622703552246094e+00,1.072644710540771484e+00,1.071994900703430176e+00,1.071671962738037109e+00,esquerda
5.969515800476074219e+00,5.971354484558105469e+00,5.975014686584472656e+00,5.980502605438232422e+00,5.987826824188232422e+00,5.996997833251953125e+00,6.008028984069824219e+00,6.020939350128173828e+00,6.035746574401855469e+00,6.052476882934570312e+00,6.071153163909912109e+00,6.091806888580322266e+00,6.114470005035400391e+00,6.073333740234375000e+00,5.730149745941162109e+00,5.367042541503906250e+00,5.049028396606445312e+00,4.769362926483154297e+00,4.520136356353759766e+00,4.296030521392822266e+00,4.094349861145019531e+00,3.912074327468872070e+00,3.745444774627685547e+00,3.593244075775146484e+00,3.455370664596557617e+00,3.328188657760620117e+00,3.210610389709472656e+00,3.101277828216552734e+00,3.001218557357788086e+00,2.907896995544433594e+00,2.820351600646972656e+00,2.739509105682373047e+00,2.663491487503051758e+00,2.592157602310180664e+00,2.525786161422729492e+00,2.462785005569458008e+00,2.404334783554077148e+00,2.348621606826782227e+00,2.296347856521606445e+00,2.247054338455200195e+00,2.200178623199462891e+00,2.156020641326904297e+00,2.114286899566650391e+00,2.074534893035888672e+00,2.036978960037231445e+00,2.001319408416748047e+00,1.967882394790649414e+00,1.936124444007873535e+00,1.905946254730224609e+00,1.877257466316223145e+00,1.849974513053894043e+00,1.824021339416503906e+00,1.799326181411743164e+00,1.775825381278991699e+00,1.753457307815551758e+00,1.732166647911071777e+00,1.711901783943176270e+00,1.692615866661071777e+00,1.674263954162597656e+00,1.656804442405700684e+00,1.640200138092041016e+00,1.624414920806884766e+00,1.609416365623474121e+00,1.595173954963684082e+00,1.581659078598022461e+00,1.568844676017761230e+00,1.556706905364990234e+00,1.545222640037536621e+00,1.534370422363281250e+00,1.524130344390869141e+00,1.514484524726867676e+00,1.505415916442871094e+00,1.496908307075500488e+00,1.488947272300720215e+00,1.481519460678100586e+00,1.474612236022949219e+00,1.468214273452758789e+00,1.462315320968627930e+00,1.456905603408813477e+00,1.451976180076599121e+00,1.447519421577453613e+00,1.443528532981872559e+00,1.439996838569641113e+00,1.436918973922729492e+00,1.434290409088134766e+00,1.432106733322143555e+00,1.430364727973937988e+00,1.429062008857727051e+00,1.428196072578430176e+00,1.427765965461730957e+00,1.427770733833312988e+00,1.428210496902465820e+00,1.429085969924926758e+00,1.430398464202880859e+00,1.432150244712829590e+00,1.434343695640563965e+00,1.436982393264770508e+00,1.440070033073425293e+00,1.443611741065979004e+00,1.447613000869750977e+00,1.452079892158508301e+00,1.457020044326782227e+00,1.462440609931945801e+00,1.468350410461425781e+00,1.474759578704833984e+00,1.481678009033203125e+00,1.489117264747619629e+00,1.497090220451354980e+00,1.505610227584838867e+00,1.514691710472106934e+00,1.524350404739379883e+00,1.534603834152221680e+00,1.545469522476196289e+00,1.556968212127685547e+00,1.569120645523071289e+00,1.581950187683105469e+00,1.595480799674987793e+00,1.609739780426025391e+00,1.624755620956420898e+00,1.640558481216430664e+00,1.657181143760681152e+00,1.674659967422485352e+00,1.693032264709472656e+00,1.712339282035827637e+00,1.732626080513000488e+00,1.753939986228942871e+00,1.776332616806030273e+00,1.763845682144165039e+00,1.724474549293518066e+00,1.687343358993530273e+00,1.652029156684875488e+00,1.618757128715515137e+00,1.587306499481201172e+00,1.557343840599060059e+00,1.529030561447143555e+00,1.502177953720092773e+00,1.477080106735229492e+00,1.453243017196655273e+00,1.430591344833374023e+00,1.409057497978210449e+00,1.388579487800598145e+00,1.369099140167236328e+00,1.350563049316406250e+00,1.332923293113708496e+00,1.316133975982666016e+00,1.300153255462646484e+00,1.284942626953125000e+00,1.270466685295104980e+00,1.256691575050354004e+00,1.243586897850036621e+00,1.231123566627502441e+00,1.219275355339050293e+00,1.208017587661743164e+00,1.197327136993408203e+00,1.187182784080505371e+00,1.177564501762390137e+00,1.168454170227050781e+00,1.159833908081054688e+00,1.151688337326049805e+00,1.144002199172973633e+00,1.136762022972106934e+00,1.129955291748046875e+00,1.123569250106811523e+00,1.117594122886657715e+00,1.112018465995788574e+00,1.106834173202514648e+00,1.102031946182250977e+00,1.097603917121887207e+00,1.093543529510498047e+00,1.089843511581420898e+00,1.086498379707336426e+00,1.083502769470214844e+00,1.080851793289184570e+00,1.078541636466979980e+00,1.076568722724914551e+00,1.074929594993591309e+00,1.073622107505798340e+00,1.072643995285034180e+00,1.071994185447692871e+00,1.071671247482299805e+00,esquerda
5.969516277313232422e+00,5.971354961395263672e+00,5.975015163421630859e+00,5.980503082275390625e+00,5.987827301025390625e+00,5.996998310089111328e+00,6.008029460906982422e+00,6.020939826965332031e+00,6.035747051239013672e+00,6.052477359771728516e+00,6.071153640747070312e+00,6.091807365417480469e+00,6.114470481872558594e+00,6.061232089996337891e+00,5.715871810913085938e+00,5.353614807128906250e+00,5.036353111267089844e+00,4.757351398468017578e+00,4.508720874786376953e+00,4.285153388977050781e+00,4.083958625793457031e+00,3.902125120162963867e+00,3.735906362533569336e+00,3.584096908569335938e+00,3.446579694747924805e+00,3.319725513458251953e+00,3.202450275421142578e+00,3.093399286270141602e+00,2.993597030639648438e+00,2.900515556335449219e+00,2.813194513320922852e+00,2.732559680938720703e+00,2.656736373901367188e+00,2.585585117340087891e+00,2.519383192062377930e+00,2.456543207168579102e+00,2.398242235183715820e+00,2.342671155929565430e+00,2.290529966354370117e+00,2.241362571716308594e+00,2.194606065750122070e+00,2.150560140609741211e+00,2.108932018280029297e+00,2.069281101226806641e+00,2.031820774078369141e+00,1.996288418769836426e+00,1.962935686111450195e+00,1.931257486343383789e+00,1.901155114173889160e+00,1.872538328170776367e+00,1.845323801040649414e+00,1.819435715675354004e+00,1.794803142547607422e+00,1.771360993385314941e+00,1.749049544334411621e+00,1.727812170982360840e+00,1.707598209381103516e+00,1.688360571861267090e+00,1.670054793357849121e+00,1.652639150619506836e+00,1.636076688766479492e+00,1.620331406593322754e+00,1.605370402336120605e+00,1.591163754463195801e+00,1.577682614326477051e+00,1.564900517463684082e+00,1.552793383598327637e+00,1.541337728500366211e+00,1.530512809753417969e+00,1.520298600196838379e+00,1.510677099227905273e+00,1.501631140708923340e+00,1.493145108222961426e+00,1.485204100608825684e+00,1.477794647216796875e+00,1.470904827117919922e+00,1.464522957801818848e+00,1.458638787269592285e+00,1.453242659568786621e+00,1.448325634002685547e+00,1.443880081176757812e+00,1.439899325370788574e+00,1.436376571655273438e+00,1.433306455612182617e+00,1.430684328079223633e+00,1.428506135940551758e+00,1.426768422126770020e+00,1.425469040870666504e+00,1.424605131149291992e+00,1.424176096916198730e+00,1.424180865287780762e+00,1.424619674682617188e+00,1.425493001937866211e+00,1.426802158355712891e+00,1.428549528121948242e+00,1.430737376213073730e+00,1.433369278907775879e+00,1.436449289321899414e+00,1.439982056617736816e+00,1.443973183631896973e+00,1.448428750038146973e+00,1.453356504440307617e+00,1.458763480186462402e+00,1.464658498764038086e+00,1.471051454544067383e+00,1.477952718734741211e+00,1.485373258590698242e+00,1.493325948715209961e+00,1.501824498176574707e+00,1.510882973670959473e+00,1.520517468452453613e+00,1.530745148658752441e+00,1.541583657264709473e+00,1.553053259849548340e+00,1.565175056457519531e+00,1.577972531318664551e+00,1.591468930244445801e+00,1.605692148208618164e+00,1.620670080184936523e+00,1.636433124542236328e+00,1.653014063835144043e+00,1.670448899269104004e+00,1.688774943351745605e+00,1.708033561706542969e+00,1.728269219398498535e+00,1.749529480934143066e+00,1.771865963935852051e+00,1.763803005218505859e+00,1.724432706832885742e+00,1.687301993370056152e+00,1.651988267898559570e+00,1.618716835975646973e+00,1.587266564369201660e+00,1.557304382324218750e+00,1.528991699218750000e+00,1.502177000045776367e+00,1.477079153060913086e+00,1.453241825103759766e+00,1.430590391159057617e+00,1.409056663513183594e+00,1.388578534126281738e+00,1.369098305702209473e+00,1.350562334060668945e+00,1.332922577857971191e+00,1.316133022308349609e+00,1.300152540206909180e+00,1.284941911697387695e+00,1.270465850830078125e+00,1.256690740585327148e+00,1.243586182594299316e+00,1.231122732162475586e+00,1.219274520874023438e+00,1.208016753196716309e+00,1.197326421737670898e+00,1.187182068824768066e+00,1.177563667297363281e+00,1.168453216552734375e+00,1.159833073616027832e+00,1.151687502861022949e+00,1.144001483917236328e+00,1.136761307716369629e+00,1.129954338073730469e+00,1.123568534851074219e+00,1.117593407630920410e+00,1.112017869949340820e+00,1.106833457946777344e+00,1.102031230926513672e+00,1.097603321075439453e+00,1.093542814254760742e+00,1.089842796325683594e+00,1.086497545242309570e+00,1.083502054214477539e+00,1.080851078033447266e+00,1.078540921211242676e+00,1.076568007469177246e+00,1.074928879737854004e+00,1.073621392250061035e+00,1.072643280029296875e+00,1.071993470191955566e+00,1.071670532226562500e+00,esquerda
5.969515800476074219e+00,5.971354961395263672e+00,5.975015163421630859e+00,5.980502605438232422e+00,5.987826824188232422e+00,5.996997833251953125e+00,6.008028984069824219e+00,6.020939350128173828e+00,6.035746574401855469e+00,6.052476882934570312e+00,6.071153163909912109e+00,6.091807842254638672e+00,6.114470958709716797e+00,6.049571990966796875e+00,5.702171802520751953e+00,5.340792179107666016e+00,5.024295806884765625e+00,4.745967864990234375e+00,4.497936248779296875e+00,4.274907112121582031e+00,4.074197292327880859e+00,3.892800569534301758e+00,3.726974487304687500e+00,3.575508356094360352e+00,3.438301801681518555e+00,3.311734914779663086e+00,3.194725990295410156e+00,3.085923910140991211e+00,2.986350059509277344e+00,2.893481492996215820e+00,2.806361198425292969e+00,2.725912094116210938e+00,2.650264263153076172e+00,2.579277276992797852e+00,2.513229131698608398e+00,2.450534582138061523e+00,2.392369031906127930e+00,2.336927175521850586e+00,2.284907579421997070e+00,2.235854864120483398e+00,2.189207315444946289e+00,2.145264387130737305e+00,2.103733539581298828e+00,2.064175367355346680e+00,2.026802301406860352e+00,1.991256713867187500e+00,1.957987904548645020e+00,1.926389694213867188e+00,1.896363139152526855e+00,1.867818474769592285e+00,1.840672850608825684e+00,1.814849972724914551e+00,1.790279388427734375e+00,1.766896367073059082e+00,1.744640946388244629e+00,1.723457217216491699e+00,1.703294396400451660e+00,1.684105396270751953e+00,1.665845751762390137e+00,1.648473978042602539e+00,1.631953239440917969e+00,1.616247296333312988e+00,1.601324319839477539e+00,1.587153315544128418e+00,1.573706388473510742e+00,1.560956478118896484e+00,1.548879861831665039e+00,1.537453055381774902e+00,1.526655435562133789e+00,1.516466975212097168e+00,1.506869673728942871e+00,1.497846603393554688e+00,1.489381909370422363e+00,1.481460928916931152e+00,1.474070310592651367e+00,1.467197895050048828e+00,1.460832118988037109e+00,1.454962730407714844e+00,1.449580192565917969e+00,1.444675564765930176e+00,1.440241336822509766e+00,1.436270475387573242e+00,1.432756662368774414e+00,1.429694294929504395e+00,1.427078843116760254e+00,1.424906253814697266e+00,1.423172950744628906e+00,1.421876668930053711e+00,1.421015024185180664e+00,1.420587182044982910e+00,1.420591950416564941e+00,1.421029448509216309e+00,1.421900629997253418e+00,1.423206448554992676e+00,1.424949526786804199e+00,1.427131891250610352e+00,1.429757118225097656e+00,1.432829380035400391e+00,1.436353325843811035e+00,1.440334320068359375e+00,1.444778919219970703e+00,1.449694037437438965e+00,1.455087423324584961e+00,1.460967659950256348e+00,1.467344641685485840e+00,1.474228143692016602e+00,1.481630086898803711e+00,1.489562988281250000e+00,1.498039960861206055e+00,1.507075667381286621e+00,1.516685843467712402e+00,1.526887774467468262e+00,1.537698984146118164e+00,1.549139857292175293e+00,1.561231255531311035e+00,1.573996186256408691e+00,1.587458729743957520e+00,1.601646065711975098e+00,1.616586446762084961e+00,1.632309794425964355e+00,1.648848891258239746e+00,1.666239857673645020e+00,1.684519767761230469e+00,1.703729629516601562e+00,1.723914384841918945e+00,1.745121359825134277e+00,1.767401337623596191e+00,1.763861060142517090e+00,1.724487543106079102e+00,1.687353849411010742e+00,1.652037262916564941e+00,1.618763446807861328e+00,1.587310671806335449e+00,1.557346343994140625e+00,1.529031395912170410e+00,1.502178192138671875e+00,1.477080106735229492e+00,1.453243017196655273e+00,1.430591344833374023e+00,1.409057497978210449e+00,1.388579487800598145e+00,1.369099140167236328e+00,1.350563049316406250e+00,1.332923293113708496e+00,1.316133737564086914e+00,1.300153255462646484e+00,1.284942507743835449e+00,1.270466566085815430e+00,1.256691455841064453e+00,1.243586540222167969e+00,1.231123447418212891e+00,1.219275236129760742e+00,1.208017349243164062e+00,1.197326898574829102e+00,1.187182664871215820e+00,1.177564382553100586e+00,1.168453693389892578e+00,1.159833669662475586e+00,1.151688098907470703e+00,1.144001960754394531e+00,1.136761784553527832e+00,1.129954934120178223e+00,1.123569011688232422e+00,1.117593646049499512e+00,1.112018227577209473e+00,1.106833815574645996e+00,1.102031707763671875e+00,1.097603678703308105e+00,1.093543171882629395e+00,1.089843034744262695e+00,1.086497902870178223e+00,1.083502411842346191e+00,1.080851435661315918e+00,1.078541278839111328e+00,1.076568365097045898e+00,1.074929237365722656e+00,1.073621749877929688e+00,1.072643637657165527e+00,1.071993827819824219e+00,1.071670889854431152e+00,esquerda
5.969517707824707031e+00,5.971356868743896484e+00,5.975017070770263672e+00,5.980504989624023438e+00,5.987828731536865234e+00,5.996999740600585938e+00,6.008031368255615234e+00,6.020941257476806641e+00,6.035748958587646484e+00,6.052479267120361328e+00,6.071155548095703125e+00,6.091809272766113281e+00,6.114471912384033203e+00,6.037021160125732422e+00,5.687440395355224609e+00,5.327017307281494141e+00,5.011356830596923828e+00,4.733761787414550781e+00,4.486381053924560547e+00,4.263936042785644531e+00,4.063750267028808594e+00,3.882827281951904297e+00,3.717433214187622070e+00,3.566360950469970703e+00,3.429510116577148438e+00,3.303271532058715820e+00,3.186565876007080078e+00,3.078045129776000977e+00,2.978728771209716797e+00,2.886100053787231445e+00,2.799204587936401367e+00,2.718962669372558594e+00,2.643509149551391602e+00,2.572705030441284180e+00,2.506826162338256836e+00,2.444292783737182617e+00,2.386276245117187500e+00,2.330976724624633789e+00,2.279090404510498047e+00,2.230162858963012695e+00,2.183634519577026367e+00,2.139803886413574219e+00,2.098379135131835938e+00,2.058921813964843750e+00,2.021644115447998047e+00,1.986224770545959473e+00,1.953039884567260742e+00,1.921521306037902832e+00,1.891570806503295898e+00,1.863098263740539551e+00,1.836021184921264648e+00,1.810263514518737793e+00,1.785755038261413574e+00,1.762431025505065918e+00,1.740231871604919434e+00,1.719101667404174805e+00,1.698989868164062500e+00,1.679849147796630859e+00,1.661635637283325195e+00,1.644307851791381836e+00,1.627828836441040039e+00,1.612162709236145020e+00,1.597277164459228516e+00,1.583142161369323730e+00,1.569729089736938477e+00,1.557011485099792480e+00,1.544965267181396484e+00,1.533567309379577637e+00,1.522797107696533203e+00,1.512634277343750000e+00,1.503061294555664062e+00,1.494060993194580078e+00,1.485617756843566895e+00,1.477716565132141113e+00,1.470344662666320801e+00,1.463489651679992676e+00,1.457139968872070312e+00,1.451285362243652344e+00,1.445916414260864258e+00,1.441024065017700195e+00,1.436601161956787109e+00,1.432640314102172852e+00,1.429135322570800781e+00,1.426080703735351562e+00,1.423471927642822266e+00,1.421304702758789062e+00,1.419575572013854980e+00,1.418282747268676758e+00,1.417423367500305176e+00,1.416996359825134277e+00,1.417001128196716309e+00,1.417437672615051270e+00,1.418306589126586914e+00,1.419609189033508301e+00,1.421347737312316895e+00,1.423524618148803711e+00,1.426143169403076172e+00,1.429207682609558105e+00,1.432722687721252441e+00,1.436693668365478516e+00,1.441126942634582520e+00,1.446029782295227051e+00,1.451409339904785156e+00,1.457274675369262695e+00,1.463635444641113281e+00,1.470501780509948730e+00,1.477884888648986816e+00,1.485797762870788574e+00,1.494253396987915039e+00,1.503266215324401855e+00,1.512852191925048828e+00,1.523028135299682617e+00,1.533811926841735840e+00,1.545223832130432129e+00,1.557284593582153320e+00,1.570017576217651367e+00,1.583446025848388672e+00,1.597597479820251465e+00,1.612500071525573730e+00,1.628183484077453613e+00,1.644680857658386230e+00,1.662027597427368164e+00,1.680261373519897461e+00,1.699422836303710938e+00,1.719556689262390137e+00,1.740709662437438965e+00,1.762933492660522461e+00,1.763863325119018555e+00,1.724491596221923828e+00,1.687359452247619629e+00,1.652044653892517090e+00,1.618771910667419434e+00,1.587320446968078613e+00,1.557357192039489746e+00,1.529043316841125488e+00,1.502175807952880859e+00,1.477077841758728027e+00,1.453240752220153809e+00,1.430589079856872559e+00,1.409055352210998535e+00,1.388577342033386230e+00,1.369096875190734863e+00,1.350560784339904785e+00,1.332921266555786133e+00,1.316131711006164551e+00,1.300151228904724121e+00,1.284940481185913086e+00,1.270464539527893066e+00,1.256689667701721191e+00,1.243584632873535156e+00,1.231121540069580078e+00,1.219273328781127930e+00,1.208015441894531250e+00,1.197325110435485840e+00,1.187180876731872559e+00,1.177562594413757324e+00,1.168451905250549316e+00,1.159831881523132324e+00,1.151686310768127441e+00,1.144000172615051270e+00,1.136760115623474121e+00,1.129953145980834961e+00,1.123567461967468262e+00,1.117591857910156250e+00,1.112016558647155762e+00,1.106831908226013184e+00,1.102029919624328613e+00,1.097602009773254395e+00,1.093541502952575684e+00,1.089841365814208984e+00,1.086496114730834961e+00,1.083500742912292480e+00,1.080849766731262207e+00,1.078539490699768066e+00,1.076566576957702637e+00,1.074927449226379395e+00,1.073619961738586426e+00,1.072641849517822266e+00,1.071992039680480957e+00,1.071669101715087891e+00,esquerda
5.969518661499023438e+00,5.971357345581054688e+00,5.975017547607421875e+00,5.980505466461181641e+00,5.987829208374023438e+00,5.997000217437744141e+00,6.008031845092773438e+00,6.020942211151123047e+00,6.035749435424804688e+00,6.052479743957519531e+00,6.071156024932861328e+00,6.091809749603271484e+00,6.114472389221191406e+00,6.024440765380859375e+00,5.672673225402832031e+00,5.313210487365722656e+00,4.998387336730957031e+00,4.721526622772216797e+00,4.474798679351806641e+00,4.252939701080322266e+00,4.053279876708984375e+00,3.872831106185913086e+00,3.707869768142700195e+00,3.557193517684936523e+00,3.420700550079345703e+00,3.294791698455810547e+00,3.178390502929687500e+00,3.070152044296264648e+00,2.971093654632568359e+00,2.878705739974975586e+00,2.792035818099975586e+00,2.712001800537109375e+00,2.636743783950805664e+00,2.566122770309448242e+00,2.500414609909057617e+00,2.438042402267456055e+00,2.380175828933715820e+00,2.325018405914306641e+00,2.273265838623046875e+00,2.224464178085327148e+00,2.178055763244628906e+00,2.134337425231933594e+00,2.093019247055053711e+00,2.053663015365600586e+00,2.016480684280395508e+00,1.981190681457519531e+00,1.948090076446533203e+00,1.916651487350463867e+00,1.886776924133300781e+00,1.858376622200012207e+00,1.831368088722229004e+00,1.805675864219665527e+00,1.781229376792907715e+00,1.757964611053466797e+00,1.735821843147277832e+00,1.714744925498962402e+00,1.694684147834777832e+00,1.675591945648193359e+00,1.657424807548522949e+00,1.640140771865844727e+00,1.623703718185424805e+00,1.608077049255371094e+00,1.593229532241821289e+00,1.579130172729492188e+00,1.565751075744628906e+00,1.553065896034240723e+00,1.541050076484680176e+00,1.529681205749511719e+00,1.518938183784484863e+00,1.508801221847534180e+00,1.499252319335937500e+00,1.490274786949157715e+00,1.481853008270263672e+00,1.473972082138061523e+00,1.466618895530700684e+00,1.459781050682067871e+00,1.453447580337524414e+00,1.447607874870300293e+00,1.442252516746520996e+00,1.437372684478759766e+00,1.432960867881774902e+00,1.429010033607482910e+00,1.425513863563537598e+00,1.422466993331909180e+00,1.419864773750305176e+00,1.417703151702880859e+00,1.415978670120239258e+00,1.414688944816589355e+00,1.413831710815429688e+00,1.413405895233154297e+00,1.413410663604736328e+00,1.413846015930175781e+00,1.414712786674499512e+00,1.416012167930603027e+00,1.417746186256408691e+00,1.419917583465576172e+00,1.422529578208923340e+00,1.425586342811584473e+00,1.429092526435852051e+00,1.433053493499755859e+00,1.437475442886352539e+00,1.442365765571594238e+00,1.447731852531433105e+00,1.453582286834716797e+00,1.459926843643188477e+00,1.466776013374328613e+00,1.474140286445617676e+00,1.482033014297485352e+00,1.490467309951782227e+00,1.499457240104675293e+00,1.509019136428833008e+00,1.519169330596923828e+00,1.529925823211669922e+00,1.541308760643005371e+00,1.553339004516601562e+00,1.566039681434631348e+00,1.579434037208557129e+00,1.593549728393554688e+00,1.608414411544799805e+00,1.624058246612548828e+00,1.640513777732849121e+00,1.657816886901855469e+00,1.676004290580749512e+00,1.695117235183715820e+00,1.715200185775756836e+00,1.736299633979797363e+00,1.758467078208923340e+00,1.763818621635437012e+00,1.724447488784790039e+00,1.687316298484802246e+00,1.652002096176147461e+00,1.618730068206787109e+00,1.587279438972473145e+00,1.557316780090332031e+00,1.529003381729125977e+00,1.502174139022827148e+00,1.477076411247253418e+00,1.453239083290100098e+00,1.430587530136108398e+00,1.409053921699523926e+00,1.388575792312622070e+00,1.369095325469970703e+00,1.350559473037719727e+00,1.332919955253601074e+00,1.316130518913269043e+00,1.300149917602539062e+00,1.284939169883728027e+00,1.270463466644287109e+00,1.256688356399536133e+00,1.243583559989929199e+00,1.231120467185974121e+00,1.219272255897521973e+00,1.208014488220214844e+00,1.197324037551879883e+00,1.187179803848266602e+00,1.177561640739440918e+00,1.168450832366943359e+00,1.159830927848815918e+00,1.151685237884521484e+00,1.143999338150024414e+00,1.136759161949157715e+00,1.129952073097229004e+00,1.123566508293151855e+00,1.117591023445129395e+00,1.112015724182128906e+00,1.106831073760986328e+00,1.102029204368591309e+00,1.097601175308227539e+00,1.093540787696838379e+00,1.089840769767761230e+00,1.086495518684387207e+00,1.083500027656555176e+00,1.080849051475524902e+00,1.078538775444030762e+00,1.076565861701965332e+00,1.074926853179931641e+00,1.073619246482849121e+00,1.072641134262084961e+00,1.071991443634033203e+00,1.071668505668640137e+00,esquerda
5.969519138336181641e+00,5.971357822418212891e+00,5.975018024444580078e+00,5.980505943298339844e+00,5.987830162048339844e+00,5.997001171112060547e+00,6.008032321929931641e+00,6.020942687988281250e+00,6.035749912261962891e+00,6.052480220794677734e+00,6.071156501770019531e+00,6.091810226440429688e+00,6.114473342895507812e+00,6.012347698211669922e+00,5.658402919769287109e+00,5.299787521362304688e+00,4.985713005065917969e+00,4.709515571594238281e+00,4.463381767272949219e+00,4.242059707641601562e+00,4.042885780334472656e+00,3.862877845764160156e+00,3.698331117630004883e+00,3.548046588897705078e+00,3.411909818649291992e+00,3.286328792572021484e+00,3.170230388641357422e+00,3.062273502349853516e+00,2.963472366333007812e+00,2.871324300765991211e+00,2.784878492355346680e+00,2.705051898956298828e+00,2.629988193511962891e+00,2.559550046920776367e+00,2.494011163711547852e+00,2.431800127029418945e+00,2.374082565307617188e+00,2.319067478179931641e+00,2.267448186874389648e+00,2.218771934509277344e+00,2.172482728958129883e+00,2.128876924514770508e+00,2.087664365768432617e+00,2.048409223556518555e+00,2.011321783065795898e+00,1.976159334182739258e+00,1.943142533302307129e+00,1.911784052848815918e+00,1.881985068321228027e+00,1.853656888008117676e+00,1.826716780662536621e+00,1.801089882850646973e+00,1.776705384254455566e+00,1.753499865531921387e+00,1.731413006782531738e+00,1.710389971733093262e+00,1.690379977226257324e+00,1.671336412429809570e+00,1.653215289115905762e+00,1.635975122451782227e+00,1.619579672813415527e+00,1.603992938995361328e+00,1.589182853698730469e+00,1.575119495391845703e+00,1.561774373054504395e+00,1.549121141433715820e+00,1.537136077880859375e+00,1.525795936584472656e+00,1.515080213546752930e+00,1.504969000816345215e+00,1.495444416999816895e+00,1.486489534378051758e+00,1.478089094161987305e+00,1.470228075981140137e+00,1.462893605232238770e+00,1.456073284149169922e+00,1.449755787849426270e+00,1.443930983543395996e+00,1.438589215278625488e+00,1.433721780776977539e+00,1.429321050643920898e+00,1.425380229949951172e+00,1.421893000602722168e+00,1.418853878974914551e+00,1.416258335113525391e+00,1.414102077484130859e+00,1.412381887435913086e+00,1.411095619201660156e+00,1.410240411758422852e+00,1.409815669059753418e+00,1.409820318222045898e+00,1.410254716873168945e+00,1.411119222640991211e+00,1.412415146827697754e+00,1.414144873619079590e+00,1.416310787200927734e+00,1.418916106224060059e+00,1.421965122222900391e+00,1.425462245941162109e+00,1.429413199424743652e+00,1.433823943138122559e+00,1.438701868057250977e+00,1.444054245948791504e+00,1.449889779090881348e+00,1.456218361854553223e+00,1.463050007820129395e+00,1.470395684242248535e+00,1.478268384933471680e+00,1.486681103706359863e+00,1.495648264884948730e+00,1.505185604095458984e+00,1.515310168266296387e+00,1.526039242744445801e+00,1.537393331527709961e+00,1.549392938613891602e+00,1.562061309814453125e+00,1.575421810150146484e+00,1.589501500129699707e+00,1.604328513145446777e+00,1.619932413101196289e+00,1.636346101760864258e+00,1.653605222702026367e+00,1.671746611595153809e+00,1.690810918807983398e+00,1.710842609405517578e+00,1.731888532638549805e+00,1.753999590873718262e+00,1.763872623443603516e+00,1.724498629570007324e+00,1.687364697456359863e+00,1.652047514915466309e+00,1.618773341178894043e+00,1.587320089340209961e+00,1.557355403900146484e+00,1.529040098190307617e+00,1.502173900604248047e+00,1.477076053619384766e+00,1.453238964080810547e+00,1.430587410926818848e+00,1.409053683280944824e+00,1.388575673103332520e+00,1.369095087051391602e+00,1.350559115409851074e+00,1.332919597625732422e+00,1.316130161285400391e+00,1.300149679183959961e+00,1.284938931465148926e+00,1.270462989807128906e+00,1.256688117980957031e+00,1.243583083152770996e+00,1.231119990348815918e+00,1.219271898269653320e+00,1.208014011383056641e+00,1.197323679924011230e+00,1.187179446220397949e+00,1.177561044692993164e+00,1.168450474739074707e+00,1.159830451011657715e+00,1.151684880256652832e+00,1.143998861312866211e+00,1.136758565902709961e+00,1.129951715469360352e+00,1.123565912246704102e+00,1.117590546607971191e+00,1.112015247344970703e+00,1.106830596923828125e+00,1.102028727531433105e+00,1.097600698471069336e+00,1.093540310859680176e+00,1.089840173721313477e+00,1.086494922637939453e+00,1.083499431610107422e+00,1.080848455429077148e+00,1.078538298606872559e+00,1.076565265655517578e+00,1.074926257133483887e+00,1.073618650436401367e+00,1.072640538215637207e+00,1.071990847587585449e+00,1.071667909622192383e+00,esquerda
5.969518661499023438e+00,5.971357822418212891e+00,5.975017547607421875e+00,5.980505466461181641e+00,5.987829685211181641e+00,5.997000694274902344e+00,6.008031845092773438e+00,6.020942211151123047e+00,6.035749435424804688e+00,6.052479267120361328e+00,6.071156024932861328e+00,6.091810226440429688e+00,6.114473342895507812e+00,6.000670909881591797e+00,5.644686698913574219e+00,5.286952018737792969e+00,4.973647594451904297e+00,4.698125362396240234e+00,4.452593326568603516e+00,4.231811046600341797e+00,4.033122539520263672e+00,3.853552818298339844e+00,3.689395427703857422e+00,3.539454221725463867e+00,3.403628110885620117e+00,3.278334617614746094e+00,3.162503480911254883e+00,3.054795026779174805e+00,2.956222534179687500e+00,2.864288330078125000e+00,2.778043270111083984e+00,2.698402643203735352e+00,2.623514413833618164e+00,2.553240776062011719e+00,2.487855434417724609e+00,2.425790309906005859e+00,2.368208408355712891e+00,2.313322782516479492e+00,2.261824846267700195e+00,2.213263511657714844e+00,2.167083263397216797e+00,2.123580217361450195e+00,2.082465171813964844e+00,2.043302774429321289e+00,2.006303071975708008e+00,1.971126198768615723e+00,1.938193678855895996e+00,1.906914710998535156e+00,1.877191901206970215e+00,1.848935842514038086e+00,1.822064638137817383e+00,1.796502828598022461e+00,1.772180676460266113e+00,1.749034047126770020e+00,1.727003574371337891e+00,1.706034183502197266e+00,1.686074972152709961e+00,1.667080044746398926e+00,1.649004936218261719e+00,1.631808876991271973e+00,1.615455150604248047e+00,1.599907994270324707e+00,1.585135817527770996e+00,1.571108341217041016e+00,1.557797312736511230e+00,1.545176267623901367e+00,1.533221721649169922e+00,1.521910429000854492e+00,1.511221885681152344e+00,1.501136422157287598e+00,1.491636276245117188e+00,1.482704162597656250e+00,1.474325180053710938e+00,1.466484308242797852e+00,1.459168434143066406e+00,1.452365517616271973e+00,1.446063995361328125e+00,1.440253973007202148e+00,1.434925794601440430e+00,1.430070757865905762e+00,1.425681352615356445e+00,1.421750545501708984e+00,1.418272256851196289e+00,1.415241003036499023e+00,1.412652015686035156e+00,1.410501241683959961e+00,1.408785462379455566e+00,1.407502412796020508e+00,1.406649470329284668e+00,1.406225800514221191e+00,1.406230568885803223e+00,1.406663656234741211e+00,1.407526016235351562e+00,1.408818840980529785e+00,1.410544037818908691e+00,1.412704467773437500e+00,1.415303230285644531e+00,1.418344497680664062e+00,1.421832680702209473e+00,1.425773501396179199e+00,1.430173039436340332e+00,1.435038566589355469e+00,1.440377354621887207e+00,1.446198225021362305e+00,1.452510476112365723e+00,1.459324717521667480e+00,1.466651797294616699e+00,1.474504351615905762e+00,1.482895731925964355e+00,1.491840004920959473e+00,1.501353263854980469e+00,1.511451840400695801e+00,1.522153854370117188e+00,1.533478856086730957e+00,1.545448064804077148e+00,1.558084130287170410e+00,1.571410536766052246e+00,1.585454463958740234e+00,1.600243568420410156e+00,1.615808129310607910e+00,1.632179975509643555e+00,1.649394989013671875e+00,1.667490243911743164e+00,1.686506032943725586e+00,1.706486940383911133e+00,1.727479338645935059e+00,1.749534130096435547e+00,1.763771057128906250e+00,1.724402904510498047e+00,1.687274336814880371e+00,1.651962399482727051e+00,1.618692874908447266e+00,1.587244033813476562e+00,1.557283401489257812e+00,1.528971910476684570e+00,1.502172946929931641e+00,1.477075099945068359e+00,1.453238010406494141e+00,1.430586457252502441e+00,1.409052848815917969e+00,1.388574719429016113e+00,1.369094252586364746e+00,1.350558280944824219e+00,1.332918763160705566e+00,1.316129446029663086e+00,1.300148725509643555e+00,1.284938097000122070e+00,1.270462155342102051e+00,1.256687283515930176e+00,1.243582367897033691e+00,1.231119275093078613e+00,1.219271063804626465e+00,1.208013176918029785e+00,1.197322845458984375e+00,1.187178611755371094e+00,1.177560329437255859e+00,1.168449640274047852e+00,1.159829616546630859e+00,1.151684045791625977e+00,1.143998026847839355e+00,1.136757850646972656e+00,1.129951000213623047e+00,1.123565196990966797e+00,1.117589712142944336e+00,1.112014412879943848e+00,1.106830000877380371e+00,1.102027893066406250e+00,1.097599864006042480e+00,1.093539476394653320e+00,1.089839220046997070e+00,1.086494088172912598e+00,1.083498597145080566e+00,1.080847740173339844e+00,1.078537583351135254e+00,1.076564550399780273e+00,1.074925541877746582e+00,1.073618054389953613e+00,1.072639942169189453e+00,1.071990132331848145e+00,1.071667194366455078e+00,esquerda
5.969520568847656250e+00,5.971359252929687500e+00,5.975019454956054688e+00,5.980507373809814453e+00,5.987831592559814453e+00,5.997002601623535156e+00,6.008033752441406250e+00,6.020944118499755859e+00,6.035751819610595703e+00,6.052481651306152344e+00,6.071157932281494141e+00,6.091811656951904297e+00,6.114474773406982422e+00,5.988123893737792969e+00,5.629959106445312500e+00,5.273180484771728516e+00,4.960711479187011719e+00,4.685921192169189453e+00,4.441040039062500000e+00,4.220841884613037109e+00,4.022677898406982422e+00,3.843580722808837891e+00,3.679855823516845703e+00,3.530308485031127930e+00,3.394837856292724609e+00,3.269872903823852539e+00,3.154344081878662109e+00,3.046917676925659180e+00,2.948601961135864258e+00,2.856906890869140625e+00,2.770886898040771484e+00,2.691453456878662109e+00,2.616759538650512695e+00,2.546668291091918945e+00,2.481452941894531250e+00,2.419548988342285156e+00,2.362115859985351562e+00,2.307372093200683594e+00,2.256007671356201172e+00,2.207571506500244141e+00,2.161510705947875977e+00,2.118119716644287109e+00,2.077110767364501953e+00,2.038048982620239258e+00,2.001144886016845703e+00,1.966093063354492188e+00,1.933244585990905762e+00,1.902045607566833496e+00,1.872398614883422852e+00,1.844214558601379395e+00,1.817411780357360840e+00,1.791915416717529297e+00,1.767655372619628906e+00,1.744567990303039551e+00,1.722593665122985840e+00,1.701677560806274414e+00,1.681769490242004395e+00,1.662822842597961426e+00,1.644794106483459473e+00,1.627641797065734863e+00,1.611329913139343262e+00,1.595822453498840332e+00,1.581087946891784668e+00,1.567096114158630371e+00,1.553819060325622559e+00,1.541230201721191406e+00,1.529306173324584961e+00,1.518023848533630371e+00,1.507362723350524902e+00,1.497302889823913574e+00,1.487826943397521973e+00,1.478917717933654785e+00,1.470560193061828613e+00,1.462739109992980957e+00,1.455441951751708984e+00,1.448656320571899414e+00,1.442370891571044922e+00,1.436575889587402344e+00,1.431261181831359863e+00,1.426418662071228027e+00,1.422040462493896484e+00,1.418119668960571289e+00,1.414650201797485352e+00,1.411626577377319336e+00,1.409044146537780762e+00,1.406898975372314453e+00,1.405187487602233887e+00,1.403907656669616699e+00,1.403056979179382324e+00,1.402634501457214355e+00,1.402639150619506836e+00,1.403071284294128418e+00,1.403931379318237305e+00,1.405220746994018555e+00,1.406941652297973633e+00,1.409096360206604004e+00,1.411688566207885742e+00,1.414722084999084473e+00,1.418201327323913574e+00,1.422132015228271484e+00,1.426520347595214844e+00,1.431373596191406250e+00,1.436698675155639648e+00,1.442504405975341797e+00,1.448800802230834961e+00,1.455597400665283203e+00,1.462905883789062500e+00,1.470738410949707031e+00,1.479108214378356934e+00,1.488029837608337402e+00,1.497518658638000488e+00,1.507591485977172852e+00,1.518265962600708008e+00,1.529562234878540039e+00,1.541500687599182129e+00,1.554104566574096680e+00,1.567396759986877441e+00,1.581405043601989746e+00,1.596156358718872070e+00,1.611681103706359863e+00,1.628010988235473633e+00,1.645182371139526367e+00,1.663231253623962402e+00,1.682198286056518555e+00,1.702128052711486816e+00,1.723066806793212891e+00,1.745065331459045410e+00,1.763438105583190918e+00,1.724453091621398926e+00,1.687321662902832031e+00,1.652007222175598145e+00,1.618735194206237793e+00,1.587284445762634277e+00,1.557321667671203613e+00,1.529008150100708008e+00,1.502171277999877930e+00,1.477073431015014648e+00,1.453236341476440430e+00,1.430584788322448730e+00,1.409051299095153809e+00,1.388573169708251953e+00,1.369092822074890137e+00,1.350556969642639160e+00,1.332917332649230957e+00,1.316128253936767578e+00,1.300147414207458496e+00,1.284936785697937012e+00,1.270461082458496094e+00,1.256686210632324219e+00,1.243581175804138184e+00,1.231118083000183105e+00,1.219270110130310059e+00,1.208012104034423828e+00,1.197321891784667969e+00,1.187177658081054688e+00,1.177559256553649902e+00,1.168448805809020996e+00,1.159828662872314453e+00,1.151683092117309570e+00,1.143997073173522949e+00,1.136757016181945801e+00,1.129949927330017090e+00,1.123564362525939941e+00,1.117588877677917480e+00,1.112013697624206543e+00,1.106829166412353516e+00,1.102027177810668945e+00,1.097599029541015625e+00,1.093538641929626465e+00,1.089838624000549316e+00,1.086493492126464844e+00,1.083497881889343262e+00,1.080847024917602539e+00,1.078536748886108398e+00,1.076563835144042969e+00,1.074924826622009277e+00,1.073617219924926758e+00,1.072639107704162598e+00,1.071989417076110840e+00,1.071666479110717773e+00,esquerda
5.969521045684814453e+00,5.971359729766845703e+00,5.975019931793212891e+00,5.980508327484130859e+00,5.987832069396972656e+00,5.997003078460693359e+00,6.008034229278564453e+00,6.020944595336914062e+00,6.035752296447753906e+00,6.052482128143310547e+00,6.071158885955810547e+00,6.091812133789062500e+00,6.114475250244140625e+00,5.975579261779785156e+00,5.615233898162841797e+00,5.259411811828613281e+00,4.947776794433593750e+00,4.673719406127929688e+00,4.429488182067871094e+00,4.209873676300048828e+00,4.012234210968017578e+00,3.833610296249389648e+00,3.670316696166992188e+00,3.521162509918212891e+00,3.386048793792724609e+00,3.261411428451538086e+00,3.146185874938964844e+00,3.039040088653564453e+00,2.940982341766357422e+00,2.849526643753051758e+00,2.763731241226196289e+00,2.684504747390747070e+00,2.610005617141723633e+00,2.540096759796142578e+00,2.475050926208496094e+00,2.413307666778564453e+00,2.356024026870727539e+00,2.301422357559204102e+00,2.250190734863281250e+00,2.201880216598510742e+00,2.155938625335693359e+00,2.112660169601440430e+00,2.071757078170776367e+00,2.032795906066894531e+00,1.995986938476562500e+00,1.961062431335449219e+00,1.928298234939575195e+00,1.897179007530212402e+00,1.867607474327087402e+00,1.839496135711669922e+00,1.812761783599853516e+00,1.787330508232116699e+00,1.763132572174072266e+00,1.740104079246520996e+00,1.718186140060424805e+00,1.697323560714721680e+00,1.677466273307800293e+00,1.658568382263183594e+00,1.640585541725158691e+00,1.623477220535278320e+00,1.607206940650939941e+00,1.591739296913146973e+00,1.577042460441589355e+00,1.563086509704589844e+00,1.549843311309814453e+00,1.537286877632141113e+00,1.525393128395080566e+00,1.514139771461486816e+00,1.503505825996398926e+00,1.493471741676330566e+00,1.484020113945007324e+00,1.475133776664733887e+00,1.466797471046447754e+00,1.458996415138244629e+00,1.451718091964721680e+00,1.444949746131896973e+00,1.438680529594421387e+00,1.432900190353393555e+00,1.427599072456359863e+00,1.422768950462341309e+00,1.418401837348937988e+00,1.414491176605224609e+00,1.411030650138854980e+00,1.408014774322509766e+00,1.405438899993896484e+00,1.403299212455749512e+00,1.401592135429382324e+00,1.400315642356872559e+00,1.399466991424560547e+00,1.399045586585998535e+00,1.399050235748291016e+00,1.399481177330017090e+00,1.400339126586914062e+00,1.401625156402587891e+00,1.403341650962829590e+00,1.405490994453430176e+00,1.408076524734497070e+00,1.411102175712585449e+00,1.414572596549987793e+00,1.418493390083312988e+00,1.422870278358459473e+00,1.427711009979248047e+00,1.433022618293762207e+00,1.438813567161560059e+00,1.445093750953674316e+00,1.451873183250427246e+00,1.459162712097167969e+00,1.466975212097167969e+00,1.475323796272277832e+00,1.484222412109375000e+00,1.493687033653259277e+00,1.503734111785888672e+00,1.514381289482116699e+00,1.525648474693298340e+00,1.537556529045104980e+00,1.550128221511840820e+00,1.563386559486389160e+00,1.577358722686767578e+00,1.592072367668151855e+00,1.607557177543640137e+00,1.623845577239990234e+00,1.640972733497619629e+00,1.658975481986999512e+00,1.677893996238708496e+00,1.697772979736328125e+00,1.718658089637756348e+00,1.740600109100341797e+00,1.759467601776123047e+00,1.724500894546508789e+00,1.687366724014282227e+00,1.652049899101257324e+00,1.618775606155395508e+00,1.587322354316711426e+00,1.557357668876647949e+00,1.529042243957519531e+00,1.502170324325561523e+00,1.477072596549987793e+00,1.453235387802124023e+00,1.430584073066711426e+00,1.409050345420837402e+00,1.388572454452514648e+00,1.369091868400573730e+00,1.350556015968322754e+00,1.332916498184204102e+00,1.316127300262451172e+00,1.300146698951721191e+00,1.284935951232910156e+00,1.270460367202758789e+00,1.256685376167297363e+00,1.243580341339111328e+00,1.231117248535156250e+00,1.219269275665283203e+00,1.208011269569396973e+00,1.197321057319641113e+00,1.187176942825317383e+00,1.177558422088623047e+00,1.168447971343994141e+00,1.159827947616577148e+00,1.151682376861572266e+00,1.143996357917785645e+00,1.136756300926208496e+00,1.129949450492858887e+00,1.123563528060913086e+00,1.117588281631469727e+00,1.112012743949890137e+00,1.106828331947326660e+00,1.102026343345642090e+00,1.097598314285278320e+00,1.093537807464599609e+00,1.089837789535522461e+00,1.086492657661437988e+00,1.083497166633605957e+00,1.080846309661865234e+00,1.078536152839660645e+00,1.076563119888305664e+00,1.074924111366271973e+00,1.073616504669189453e+00,1.072638511657714844e+00,1.071988701820373535e+00,1.071665763854980469e+00,esquerda
5.969520568847656250e+00,5.971359729766845703e+00,5.975019931793212891e+00,5.980507850646972656e+00,5.987831592559814453e+00,5.997002601623535156e+00,6.008033752441406250e+00,6.020944118499755859e+00,6.035751819610595703e+00,6.052481651306152344e+00,6.071158885955810547e+00,6.091812610626220703e+00,6.114475727081298828e+00,5.964333057403564453e+00,5.601946353912353516e+00,5.246895790100097656e+00,4.935944557189941406e+00,4.662493228912353516e+00,4.418807029724121094e+00,4.199687004089355469e+00,4.002494812011718750e+00,3.824276924133300781e+00,3.661357164382934570e+00,3.512546539306640625e+00,3.377744913101196289e+00,3.253397226333618164e+00,3.138439893722534180e+00,3.031544923782348633e+00,2.933716297149658203e+00,2.842475652694702148e+00,2.756881952285766602e+00,2.677842140197753906e+00,2.603519439697265625e+00,2.533776283264160156e+00,2.468884468078613281e+00,2.407287836074829102e+00,2.350140333175659180e+00,2.295668601989746094e+00,2.244559049606323242e+00,2.196363687515258789e+00,2.150531530380249023e+00,2.107356309890747070e+00,2.066550970077514648e+00,2.027683258056640625e+00,1.990962028503417969e+00,1.956030726432800293e+00,1.923350572586059570e+00,1.892311096191406250e+00,1.862815856933593750e+00,1.834776163101196289e+00,1.808110713958740234e+00,1.782744765281677246e+00,1.758608818054199219e+00,1.735639452934265137e+00,1.713777780532836914e+00,1.692968726158142090e+00,1.673162579536437988e+00,1.654312968254089355e+00,1.636376500129699707e+00,1.619311809539794922e+00,1.603083610534667969e+00,1.587655544281005859e+00,1.572996377944946289e+00,1.559076070785522461e+00,1.545867204666137695e+00,1.533342838287353516e+00,1.521479725837707520e+00,1.510255098342895508e+00,1.499648690223693848e+00,1.489640355110168457e+00,1.480212807655334473e+00,1.471349239349365234e+00,1.463034391403198242e+00,1.455253481864929199e+00,1.447993636131286621e+00,1.441242933273315430e+00,1.434989690780639648e+00,1.429224252700805664e+00,1.423936843872070312e+00,1.419119000434875488e+00,1.414763092994689941e+00,1.410862445831298828e+00,1.407410740852355957e+00,1.404402613639831543e+00,1.401833415031433105e+00,1.399699330329895020e+00,1.397996664047241211e+00,1.396723270416259766e+00,1.395877003669738770e+00,1.395456671714782715e+00,1.395461320877075195e+00,1.395891070365905762e+00,1.396746754646301270e+00,1.398029565811157227e+00,1.399741768836975098e+00,1.401885628700256348e+00,1.404464483261108398e+00,1.407482385635375977e+00,1.410943865776062012e+00,1.414854526519775391e+00,1.419220328330993652e+00,1.424048662185668945e+00,1.429346561431884766e+00,1.435122609138488770e+00,1.441386818885803223e+00,1.448148846626281738e+00,1.455419898033142090e+00,1.463212251663208008e+00,1.471539258956909180e+00,1.480415225028991699e+00,1.489855527877807617e+00,1.499876856803894043e+00,1.510496616363525391e+00,1.521735072135925293e+00,1.533612489700317383e+00,1.546151995658874512e+00,1.559376478195190430e+00,1.573312640190124512e+00,1.587988734245300293e+00,1.603433847427368164e+00,1.619680404663085938e+00,1.636763572692871094e+00,1.654720187187194824e+00,1.673590302467346191e+00,1.693418145179748535e+00,1.714249730110168457e+00,1.736135721206665039e+00,1.755479574203491211e+00,1.724402308464050293e+00,1.687273979187011719e+00,1.651962280273437500e+00,1.618692874908447266e+00,1.587244033813476562e+00,1.557283759117126465e+00,1.528972268104553223e+00,1.502170085906982422e+00,1.477072238922119141e+00,1.453235030174255371e+00,1.430583596229553223e+00,1.409049987792968750e+00,1.388571977615356445e+00,1.369091510772705078e+00,1.350555539131164551e+00,1.332916259765625000e+00,1.316126704216003418e+00,1.300146102905273438e+00,1.284935474395751953e+00,1.270459651947021484e+00,1.256684780120849609e+00,1.243579983711242676e+00,1.231116771697998047e+00,1.219268679618835449e+00,1.208010792732238770e+00,1.197320580482482910e+00,1.187176227569580078e+00,1.177557945251464844e+00,1.168447494506835938e+00,1.159827470779418945e+00,1.151681900024414062e+00,1.143995881080627441e+00,1.136755585670471191e+00,1.129948854446411133e+00,1.123562932014465332e+00,1.117587804794311523e+00,1.112012267112731934e+00,1.106827855110168457e+00,1.102025628089904785e+00,1.097597837448120117e+00,1.093537330627441406e+00,1.089837193489074707e+00,1.086492180824279785e+00,1.083496570587158203e+00,1.080845594406127930e+00,1.078535437583923340e+00,1.076562404632568359e+00,1.074923396110534668e+00,1.073615908622741699e+00,1.072637796401977539e+00,1.071987986564636230e+00,1.071665048599243164e+00,esquerda
5.969522476196289062e+00,5.971361637115478516e+00,5.975021839141845703e+00,5.980509757995605469e+00,5.987833499908447266e+00,5.997004508972167969e+00,6.008036613464355469e+00,6.020946025848388672e+00,6.035754203796386719e+00,6.052484035491943359e+00,6.071160793304443359e+00,6.091814041137695312e+00,6.114476680755615234e+00,5.951789855957031250e+00,5.587222099304199219e+00,5.233127593994140625e+00,4.923011302947998047e+00,4.650291919708251953e+00,4.407257080078125000e+00,4.188719749450683594e+00,3.992051362991333008e+00,3.814306735992431641e+00,3.651817798614501953e+00,3.503400325775146484e+00,3.368955373764038086e+00,3.244935035705566406e+00,3.130280971527099609e+00,3.023666858673095703e+00,2.926095247268676758e+00,2.835094451904296875e+00,2.749725341796875000e+00,2.670892953872680664e+00,2.596764564514160156e+00,2.527203559875488281e+00,2.462481737136840820e+00,2.401046037673950195e+00,2.344047307968139648e+00,2.289717912673950195e+00,2.238741397857666016e+00,2.190671682357788086e+00,2.144958734512329102e+00,2.101895570755004883e+00,2.061196327209472656e+00,2.022429227828979492e+00,1.985803127288818359e+00,1.950997471809387207e+00,1.918401122093200684e+00,1.887441754341125488e+00,1.858022212982177734e+00,1.830054640769958496e+00,1.803457856178283691e+00,1.778157114982604980e+00,1.754083275794982910e+00,1.731173038482666016e+00,1.709367513656616211e+00,1.688612103462219238e+00,1.668856978416442871e+00,1.650055766105651855e+00,1.632165312767028809e+00,1.615144848823547363e+00,1.598958015441894531e+00,1.583569645881652832e+00,1.568948507308959961e+00,1.555063962936401367e+00,1.541888833045959473e+00,1.529396653175354004e+00,1.517564177513122559e+00,1.506368637084960938e+00,1.495789170265197754e+00,1.485806584358215332e+00,1.476403355598449707e+00,1.467562794685363770e+00,1.459269165992736816e+00,1.451508283615112305e+00,1.444267034530639648e+00,1.437533497810363770e+00,1.431296706199645996e+00,1.425545930862426758e+00,1.420271992683410645e+00,1.415466547012329102e+00,1.411122083663940430e+00,1.407231450080871582e+00,1.403788566589355469e+00,1.400788187980651855e+00,1.398225545883178711e+00,1.396096825599670410e+00,1.394398450851440430e+00,1.393128514289855957e+00,1.392284393310546875e+00,1.391865015029907227e+00,1.391869664192199707e+00,1.392298460006713867e+00,1.393151879310607910e+00,1.394431471824645996e+00,1.396139144897460938e+00,1.398277401924133301e+00,1.400849580764770508e+00,1.403859734535217285e+00,1.407312393188476562e+00,1.411213040351867676e+00,1.415567636489868164e+00,1.420383453369140625e+00,1.425667524337768555e+00,1.431428909301757812e+00,1.437676906585693359e+00,1.444421529769897461e+00,1.451673626899719238e+00,1.459446072578430176e+00,1.467751741409301758e+00,1.476604819297790527e+00,1.486020684242248535e+00,1.496016144752502441e+00,1.506608843803405762e+00,1.517818212509155273e+00,1.529665231704711914e+00,1.542172193527221680e+00,1.555362462997436523e+00,1.569263100624084473e+00,1.583901166915893555e+00,1.599306464195251465e+00,1.615511417388916016e+00,1.632550477981567383e+00,1.650460958480834961e+00,1.669282555580139160e+00,1.689059138298034668e+00,1.709837198257446289e+00,1.731666803359985352e+00,1.751505732536315918e+00,1.724449753761291504e+00,1.687318682670593262e+00,1.652004599571228027e+00,1.618732810020446777e+00,1.587282180786132812e+00,1.557319760322570801e+00,1.529006481170654297e+00,1.502168297767639160e+00,1.477070569992065430e+00,1.453233599662780762e+00,1.430582165718078613e+00,1.409048438072204590e+00,1.388570547103881836e+00,1.369090318679809570e+00,1.350554227828979492e+00,1.332914710044860840e+00,1.316125392913818359e+00,1.300144910812377930e+00,1.284934401512145996e+00,1.270458459854125977e+00,1.256683468818664551e+00,1.243578791618347168e+00,1.231115698814392090e+00,1.219267487525939941e+00,1.208009719848632812e+00,1.197319507598876953e+00,1.187175154685974121e+00,1.177556872367858887e+00,1.168446540832519531e+00,1.159826397895812988e+00,1.151680827140808105e+00,1.143994808197021484e+00,1.136754751205444336e+00,1.129947781562805176e+00,1.123562097549438477e+00,1.117586851119995117e+00,1.112011432647705078e+00,1.106827020645141602e+00,1.102024793624877930e+00,1.097597002983093262e+00,1.093536496162414551e+00,1.089836478233337402e+00,1.086491346359252930e+00,1.083495736122131348e+00,1.080844879150390625e+00,1.078534722328186035e+00,1.076561689376831055e+00,1.074922680854797363e+00,1.073615193367004395e+00,1.072637081146240234e+00,1.071987271308898926e+00,1.071664333343505859e+00,esquerda
5.969523429870605469e+00,5.971362113952636719e+00,5.975022315979003906e+00,5.980510234832763672e+00,5.987833976745605469e+00,5.997004985809326172e+00,6.008037090301513672e+00,6.020946979522705078e+00,6.035754680633544922e+00,6.052484512329101562e+00,6.071161270141601562e+00,6.091814517974853516e+00,6.114477157592773438e+00,5.939231395721435547e+00,5.572483062744140625e+00,5.219349384307861328e+00,4.910069942474365234e+00,4.638085365295410156e+00,4.395702362060546875e+00,4.177750587463378906e+00,3.981607913970947266e+00,3.804337739944458008e+00,3.642279863357543945e+00,3.494256496429443359e+00,3.360167264938354492e+00,3.236475467681884766e+00,3.122123479843139648e+00,3.015790700912475586e+00,2.918476581573486328e+00,2.827715158462524414e+00,2.742570400238037109e+00,2.663945436477661133e+00,2.590011358261108398e+00,2.520632982254028320e+00,2.456080436706542969e+00,2.394805192947387695e+00,2.337956190109252930e+00,2.283768415451049805e+00,2.232925176620483398e+00,2.184980869293212891e+00,2.139387369155883789e+00,2.096436262130737305e+00,2.055842876434326172e+00,2.017176866531372070e+00,1.980645895004272461e+00,1.945964455604553223e+00,1.913452267646789551e+00,1.882572531700134277e+00,1.853229284286499023e+00,1.825333952903747559e+00,1.798805356025695801e+00,1.773570060729980469e+00,1.749558210372924805e+00,1.726707100868225098e+00,1.704957842826843262e+00,1.684255957603454590e+00,1.664551615715026855e+00,1.645799160003662109e+00,1.627954840660095215e+00,1.610978126525878906e+00,1.594833254814147949e+00,1.579484701156616211e+00,1.564900875091552734e+00,1.551052212715148926e+00,1.537911176681518555e+00,1.525451302528381348e+00,1.513649344444274902e+00,1.502482533454895020e+00,1.491930603981018066e+00,1.481973767280578613e+00,1.472594738006591797e+00,1.463776826858520508e+00,1.455504655838012695e+00,1.447763681411743164e+00,1.440541386604309082e+00,1.433825135231018066e+00,1.427604317665100098e+00,1.421868562698364258e+00,1.416608214378356934e+00,1.411815285682678223e+00,1.407481789588928223e+00,1.403601169586181641e+00,1.400167226791381836e+00,1.397174477577209473e+00,1.394618511199951172e+00,1.392495274543762207e+00,1.390801310539245605e+00,1.389534711837768555e+00,1.388692855834960938e+00,1.388274550437927246e+00,1.388279080390930176e+00,1.388706803321838379e+00,1.389558076858520508e+00,1.390834331512451172e+00,1.392537593841552734e+00,1.394670248031616211e+00,1.397235751152038574e+00,1.400238156318664551e+00,1.403682112693786621e+00,1.407572507858276367e+00,1.411915779113769531e+00,1.416719317436218262e+00,1.421989798545837402e+00,1.427736282348632812e+00,1.433968186378479004e+00,1.440695285797119141e+00,1.447928905487060547e+00,1.455681204795837402e+00,1.463965415954589844e+00,1.472795605659484863e+00,1.482187271118164062e+00,1.492156982421875000e+00,1.502722263336181641e+00,1.513902783393859863e+00,1.525718927383422852e+00,1.538193941116333008e+00,1.551350355148315430e+00,1.565214991569519043e+00,1.579815268516540527e+00,1.595180869102478027e+00,1.611343741416931152e+00,1.628339052200317383e+00,1.646203041076660156e+00,1.664976239204406738e+00,1.684702038764953613e+00,1.705426335334777832e+00,1.727199554443359375e+00,1.747533082962036133e+00,1.724495530128479004e+00,1.687362074851989746e+00,1.652045607566833496e+00,1.618771791458129883e+00,1.587318897247314453e+00,1.557354688644409180e+00,1.529039621353149414e+00,1.502167224884033203e+00,1.477069616317749023e+00,1.453232645988464355e+00,1.430581212043762207e+00,1.409047484397888184e+00,1.388569593429565430e+00,1.369089365005493164e+00,1.350553631782531738e+00,1.332913994789123535e+00,1.316124558448791504e+00,1.300144076347351074e+00,1.284933686256408691e+00,1.270457625389099121e+00,1.256682634353637695e+00,1.243578076362609863e+00,1.231114864349365234e+00,1.219266891479492188e+00,1.208008885383605957e+00,1.197318673133850098e+00,1.187174558639526367e+00,1.177556157112121582e+00,1.168445706367492676e+00,1.159825682640075684e+00,1.151680111885070801e+00,1.143994092941284180e+00,1.136753916740417480e+00,1.129947066307067871e+00,1.123561263084411621e+00,1.117586135864257812e+00,1.112010717391967773e+00,1.106826305389404297e+00,1.102024197578430176e+00,1.097596287727355957e+00,1.093535780906677246e+00,1.089835762977600098e+00,1.086490631103515625e+00,1.083495020866394043e+00,1.080844163894653320e+00,1.078534007072448730e+00,1.076560974121093750e+00,1.074921965599060059e+00,1.073614478111267090e+00,1.072636365890502930e+00,1.071986675262451172e+00,1.071663737297058105e+00,esquerda
5.969522953033447266e+00,5.971362113952636719e+00,5.975021839141845703e+00,5.980509757995605469e+00,5.987833499908447266e+00,5.997004508972167969e+00,6.008036613464355469e+00,6.020946502685546875e+00,6.035754203796386719e+00,6.052484035491943359e+00,6.071161270141601562e+00,6.091814517974853516e+00,6.114477634429931641e+00,5.927122116088867188e+00,5.558195114135742188e+00,5.205911636352539062e+00,4.897382736206054688e+00,4.626061916351318359e+00,4.384274959564208984e+00,4.166861534118652344e+00,3.971205234527587891e+00,3.794376373291015625e+00,3.632741689682006836e+00,3.485111713409423828e+00,3.351378440856933594e+00,3.228014469146728516e+00,3.113965511322021484e+00,3.007914066314697266e+00,2.910856962203979492e+00,2.820335149765014648e+00,2.735414981842041016e+00,2.656996965408325195e+00,2.583257436752319336e+00,2.514061689376831055e+00,2.449678659439086914e+00,2.388564825057983398e+00,2.331864595413208008e+00,2.277818918228149414e+00,2.227108716964721680e+00,2.179289817810058594e+00,2.133815288543701172e+00,2.090976953506469727e+00,2.050489425659179688e+00,2.011924028396606445e+00,1.975488185882568359e+00,1.940930724143981934e+00,1.908502936363220215e+00,1.877703189849853516e+00,1.848435640335083008e+00,1.820612311363220215e+00,1.794152736663818359e+00,1.768982529640197754e+00,1.745032906532287598e+00,1.722241044044494629e+00,1.700547933578491211e+00,1.679899692535400391e+00,1.660246491432189941e+00,1.641542196273803711e+00,1.623744249343872070e+00,1.606811285018920898e+00,1.590708255767822266e+00,1.575399398803710938e+00,1.560853600502014160e+00,1.547040700912475586e+00,1.533933639526367188e+00,1.521505832672119141e+00,1.509734392166137695e+00,1.498596549034118652e+00,1.488072037696838379e+00,1.478140830993652344e+00,1.468786120414733887e+00,1.459991097450256348e+00,1.451740384101867676e+00,1.444019436836242676e+00,1.436815500259399414e+00,1.430117011070251465e+00,1.423912048339843750e+00,1.418191194534301758e+00,1.412944555282592773e+00,1.408163905143737793e+00,1.403841614723205566e+00,1.399971127510070801e+00,1.396546006202697754e+00,1.393561244010925293e+00,1.391011834144592285e+00,1.388893961906433105e+00,1.387204527854919434e+00,1.385941147804260254e+00,1.385101318359375000e+00,1.384684085845947266e+00,1.384688735008239746e+00,1.385115265846252441e+00,1.385964512825012207e+00,1.387237310409545898e+00,1.388936281204223633e+00,1.391063570976257324e+00,1.393622398376464844e+00,1.396617174148559570e+00,1.400052070617675781e+00,1.403932332992553711e+00,1.408264517784118652e+00,1.413055539131164551e+00,1.418312549591064453e+00,1.424044132232666016e+00,1.430259823799133301e+00,1.436969757080078125e+00,1.444184541702270508e+00,1.451916933059692383e+00,1.460179567337036133e+00,1.468986868858337402e+00,1.478354454040527344e+00,1.488298296928405762e+00,1.498836398124694824e+00,1.509987950325012207e+00,1.521773695945739746e+00,1.534216284751892090e+00,1.547338485717773438e+00,1.561167240142822266e+00,1.575729966163635254e+00,1.591055989265441895e+00,1.607177138328552246e+00,1.624128460884094238e+00,1.641946315765380859e+00,1.660670876502990723e+00,1.680345654487609863e+00,1.701016426086425781e+00,1.722733378410339355e+00,1.743543148040771484e+00,1.724393367767333984e+00,1.687265634536743164e+00,1.651954531669616699e+00,1.618685603141784668e+00,1.587237596511840820e+00,1.557277679443359375e+00,1.528966784477233887e+00,1.502167224884033203e+00,1.477069497108459473e+00,1.453232288360595703e+00,1.430580854415893555e+00,1.409047365188598633e+00,1.388569355010986328e+00,1.369089007377624512e+00,1.350553035736083984e+00,1.332913637161254883e+00,1.316124320030212402e+00,1.300143718719482422e+00,1.284933209419250488e+00,1.270457267761230469e+00,1.256682395935058594e+00,1.243577599525451660e+00,1.231114506721496582e+00,1.219266414642333984e+00,1.208008646965026855e+00,1.197318315505981445e+00,1.187173962593078613e+00,1.177555680274963379e+00,1.168445110321044922e+00,1.159825205802917480e+00,1.151679754257202148e+00,1.143993616104125977e+00,1.136753439903259277e+00,1.129946708679199219e+00,1.123560786247253418e+00,1.117585539817810059e+00,1.112010121345520020e+00,1.106825709342956543e+00,1.102023601531982422e+00,1.097595691680908203e+00,1.093535304069519043e+00,1.089835166931152344e+00,1.086490035057067871e+00,1.083494424819946289e+00,1.080843567848205566e+00,1.078533411026000977e+00,1.076560378074645996e+00,1.074921369552612305e+00,1.073613882064819336e+00,1.072635769844055176e+00,1.071985960006713867e+00,1.071663022041320801e+00,esquerda
5.969524860382080078e+00,5.971363544464111328e+00,5.975023746490478516e+00,5.980511665344238281e+00,5.987835884094238281e+00,5.997006893157958984e+00,6.008038520812988281e+00,6.020948410034179688e+00,6.035756111145019531e+00,6.052485942840576172e+00,6.071162700653076172e+00,6.091815948486328125e+00,6.114479541778564453e+00,5.915468215942382812e+00,5.544501304626464844e+00,5.193093299865722656e+00,4.885330677032470703e+00,4.614682674407958984e+00,4.373494625091552734e+00,4.156619071960449219e+00,3.961446523666381836e+00,3.785054206848144531e+00,3.623801946640014648e+00,3.476513624191284180e+00,3.343091249465942383e+00,3.220015287399291992e+00,3.106233835220336914e+00,3.000431299209594727e+00,2.903603076934814453e+00,2.813295364379882812e+00,2.728576183319091797e+00,2.650344133377075195e+00,2.576780080795288086e+00,2.507749319076538086e+00,2.443519830703735352e+00,2.382552146911621094e+00,2.325987577438354492e+00,2.272071599960327148e+00,2.221482992172241211e+00,2.173779010772705078e+00,2.128413915634155273e+00,2.085678339004516602e+00,2.045287847518920898e+00,2.006815433502197266e+00,1.970467686653137207e+00,1.935900449752807617e+00,1.903556466102600098e+00,1.872836589813232422e+00,1.843644857406616211e+00,1.815893888473510742e+00,1.789502620697021484e+00,1.764397859573364258e+00,1.740510344505310059e+00,1.717777252197265625e+00,1.696140646934509277e+00,1.675545811653137207e+00,1.655943393707275391e+00,1.637287735939025879e+00,1.619535803794860840e+00,1.602646946907043457e+00,1.586585640907287598e+00,1.571316361427307129e+00,1.556808233261108398e+00,1.543031215667724609e+00,1.529957890510559082e+00,1.517562508583068848e+00,1.505821704864501953e+00,1.494712591171264648e+00,1.484215021133422852e+00,1.474309802055358887e+00,1.464979529380798340e+00,1.456207036972045898e+00,1.447977662086486816e+00,1.440276861190795898e+00,1.433091759681701660e+00,1.426410317420959473e+00,1.420221686363220215e+00,1.414515495300292969e+00,1.409282565116882324e+00,1.404514193534851074e+00,1.400203108787536621e+00,1.396342635154724121e+00,1.392926573753356934e+00,1.389949321746826172e+00,1.387406706809997559e+00,1.385294318199157715e+00,1.383609294891357422e+00,1.382349014282226562e+00,1.381511449813842773e+00,1.381095290184020996e+00,1.381099939346313477e+00,1.381525516510009766e+00,1.382372260093688965e+00,1.383641839027404785e+00,1.385336399078369141e+00,1.387458205223083496e+00,1.390010476112365723e+00,1.392997264862060547e+00,1.396423339843750000e+00,1.400293707847595215e+00,1.404614686965942383e+00,1.409393191337585449e+00,1.414636611938476562e+00,1.420353293418884277e+00,1.426553010940551758e+00,1.433245301246643066e+00,1.440441370010375977e+00,1.448153972625732422e+00,1.456395030021667480e+00,1.465179681777954102e+00,1.474522829055786133e+00,1.484441041946411133e+00,1.494951605796813965e+00,1.506074190139770508e+00,1.517829537391662598e+00,1.530240058898925781e+00,1.543328285217285156e+00,1.557121038436889648e+00,1.571645975112915039e+00,1.586932301521301270e+00,1.603011608123779297e+00,1.619919061660766602e+00,1.637690901756286621e+00,1.656366825103759766e+00,1.675990581512451172e+00,1.696607708930969238e+00,1.718268394470214844e+00,1.739572525024414062e+00,1.724438190460205078e+00,1.687308073043823242e+00,1.651994824409484863e+00,1.618723869323730469e+00,1.587273836135864258e+00,1.557312011718750000e+00,1.528999328613281250e+00,1.502166271209716797e+00,1.477068424224853516e+00,1.453231453895568848e+00,1.430579900741577148e+00,1.409046411514282227e+00,1.388568401336669922e+00,1.369088053703308105e+00,1.350552082061767578e+00,1.332912802696228027e+00,1.316123366355895996e+00,1.300142884254455566e+00,1.284932374954223633e+00,1.270456552505493164e+00,1.256681561470031738e+00,1.243576765060424805e+00,1.231113791465759277e+00,1.219265580177307129e+00,1.208007812500000000e+00,1.197317481040954590e+00,1.187173128128051758e+00,1.177555084228515625e+00,1.168444395065307617e+00,1.159824490547180176e+00,1.151678919792175293e+00,1.143992900848388672e+00,1.136752843856811523e+00,1.129945993423461914e+00,1.123560190200805664e+00,1.117584824562072754e+00,1.112009406089782715e+00,1.106824994087219238e+00,1.102023005485534668e+00,1.097594857215881348e+00,1.093534588813781738e+00,1.089834451675415039e+00,1.086489319801330566e+00,1.083493709564208984e+00,1.080842852592468262e+00,1.078532695770263672e+00,1.076559782028198242e+00,1.074920535087585449e+00,1.073613166809082031e+00,1.072635054588317871e+00,1.071985244750976562e+00,1.071662306785583496e+00,esquerda
5.969525337219238281e+00,5.971364021301269531e+00,5.975024223327636719e+00,5.980512142181396484e+00,5.987836360931396484e+00,5.997007369995117188e+00,6.008038997650146484e+00,6.020948886871337891e+00,6.035756587982177734e+00,6.052486419677734375e+00,6.071163177490234375e+00,6.091816425323486328e+00,6.114480018615722656e+00,5.902894496917724609e+00,5.529743194580078125e+00,5.179293155670166016e+00,4.872367858886718750e+00,4.602453231811523438e+00,4.361917972564697266e+00,4.145627021789550781e+00,3.950980186462402344e+00,3.775061607360839844e+00,3.614242315292358398e+00,3.467349529266357422e+00,3.334284782409667969e+00,3.211538314819335938e+00,3.098060607910156250e+00,2.992540836334228516e+00,2.895970344543457031e+00,2.805903196334838867e+00,2.721409559249877930e+00,2.643385171890258789e+00,2.570017099380493164e+00,2.501168966293334961e+00,2.437109947204589844e+00,2.376303195953369141e+00,2.319888591766357422e+00,2.266114950180053711e+00,2.215659856796264648e+00,2.168081760406494141e+00,2.122836112976074219e+00,2.080212831497192383e+00,2.039929151535034180e+00,2.001557826995849609e+00,1.965305209159851074e+00,1.930868864059448242e+00,1.898608922958374023e+00,1.867968797683715820e+00,1.838853001594543457e+00,1.811174273490905762e+00,1.784851551055908203e+00,1.759811758995056152e+00,1.735986471176147461e+00,1.713312625885009766e+00,1.691732048988342285e+00,1.671190977096557617e+00,1.651639223098754883e+00,1.633032321929931641e+00,1.615326404571533203e+00,1.598481655120849609e+00,1.582461833953857422e+00,1.567232370376586914e+00,1.552761912345886230e+00,1.539020538330078125e+00,1.525981426239013672e+00,1.513618111610412598e+00,1.501907825469970703e+00,1.490827679634094238e+00,1.480357408523559570e+00,1.470477938652038574e+00,1.461171627044677734e+00,1.452422380447387695e+00,1.444214105606079102e+00,1.436533570289611816e+00,1.429366946220397949e+00,1.422703027725219727e+00,1.416530370712280273e+00,1.410839080810546875e+00,1.405619621276855469e+00,1.400863647460937500e+00,1.396564006805419922e+00,1.392713546752929688e+00,1.389306306838989258e+00,1.386336803436279297e+00,1.383800625801086426e+00,1.381693840026855469e+00,1.380013108253479004e+00,1.378756284713745117e+00,1.377920866012573242e+00,1.377505779266357422e+00,1.377510428428649902e+00,1.377934813499450684e+00,1.378779411315917969e+00,1.380045771598815918e+00,1.381735801696777344e+00,1.383852124214172363e+00,1.386397719383239746e+00,1.389376878738403320e+00,1.392793893814086914e+00,1.396654248237609863e+00,1.400963902473449707e+00,1.405730128288269043e+00,1.410959839820861816e+00,1.416661739349365234e+00,1.422845125198364258e+00,1.429520249366760254e+00,1.436697602272033691e+00,1.444389939308166504e+00,1.452609896659851074e+00,1.461371541023254395e+00,1.470690369606018066e+00,1.480582833290100098e+00,1.491066098213195801e+00,1.502159953117370605e+00,1.513884663581848145e+00,1.526262879371643066e+00,1.539316892623901367e+00,1.553074121475219727e+00,1.567561149597167969e+00,1.582807660102844238e+00,1.598845243453979492e+00,1.615708708763122559e+00,1.633434414863586426e+00,1.652061700820922852e+00,1.671634554862976074e+00,1.692198038101196289e+00,1.713802456855773926e+00,1.735597610473632812e+00,1.724457502365112305e+00,1.687326073646545410e+00,1.652011275291442871e+00,1.618738770484924316e+00,1.587287902832031250e+00,1.557325005531311035e+00,1.529011249542236328e+00,1.502164602279663086e+00,1.477066874504089355e+00,1.453229904174804688e+00,1.430578470230102539e+00,1.409044861793518066e+00,1.388566970825195312e+00,1.369086623191833496e+00,1.350550889968872070e+00,1.332911252975463867e+00,1.316122055053710938e+00,1.300141692161560059e+00,1.284931063652038574e+00,1.270455241203308105e+00,1.256680488586425781e+00,1.243575692176818848e+00,1.231112599372863770e+00,1.219264507293701172e+00,1.208006739616394043e+00,1.197316408157348633e+00,1.187172293663024902e+00,1.177554011344909668e+00,1.168443441390991211e+00,1.159823417663574219e+00,1.151677966117858887e+00,1.143991947174072266e+00,1.136751890182495117e+00,1.129944920539855957e+00,1.123559474945068359e+00,1.117583870887756348e+00,1.112008690834045410e+00,1.106824040412902832e+00,1.102022171020507812e+00,1.097594022750854492e+00,1.093533873558044434e+00,1.089833736419677734e+00,1.086488604545593262e+00,1.083492994308471680e+00,1.080842018127441406e+00,1.078531980514526367e+00,1.076558947563171387e+00,1.074919819831848145e+00,1.073612451553344727e+00,1.072634339332580566e+00,1.071984648704528809e+00,1.071661710739135742e+00,esquerda
5.969524860382080078e+00,5.971364021301269531e+00,5.975024223327636719e+00,5.980511665344238281e+00,5.987835884094238281e+00,5.997006893157958984e+00,6.008038520812988281e+00,6.020948410034179688e+00,6.035756111145019531e+00,6.052485942840576172e+00,6.071163177490234375e+00,6.091816902160644531e+00,6.114480495452880859e+00,5.890353202819824219e+00,5.515022277832031250e+00,5.165528774261474609e+00,4.859436988830566406e+00,4.590254306793212891e+00,4.350368499755859375e+00,4.134661674499511719e+00,3.940538883209228516e+00,3.765093326568603516e+00,3.604705333709716797e+00,3.458205938339233398e+00,3.325497388839721680e+00,3.203078269958496094e+00,3.089903593063354492e+00,2.984665155410766602e+00,2.888351917266845703e+00,2.798523902893066406e+00,2.714254617691040039e+00,2.636437654495239258e+00,2.563263654708862305e+00,2.494598388671875000e+00,2.430708885192871094e+00,2.370062828063964844e+00,2.313796997070312500e+00,2.260165452957153320e+00,2.209843635559082031e+00,2.162390947341918945e+00,2.117264509201049805e+00,2.074753761291503906e+00,2.034575700759887695e+00,1.996305108070373535e+00,1.960147738456726074e+00,1.925836205482482910e+00,1.893660306930541992e+00,1.863100051879882812e+00,1.834060072898864746e+00,1.806453227996826172e+00,1.780199408531188965e+00,1.755224943161010742e+00,1.731461524963378906e+00,1.708846807479858398e+00,1.687322497367858887e+00,1.666834712028503418e+00,1.647334337234497070e+00,1.628775835037231445e+00,1.611115813255310059e+00,1.594314932823181152e+00,1.578336954116821289e+00,1.563147187232971191e+00,1.548714280128479004e+00,1.535008788108825684e+00,1.522003769874572754e+00,1.509672641754150391e+00,1.497992753982543945e+00,1.486941456794738770e+00,1.476498603820800781e+00,1.466644883155822754e+00,1.457362890243530273e+00,1.448636174201965332e+00,1.440449476242065430e+00,1.432788729667663574e+00,1.425641059875488281e+00,1.418994307518005371e+00,1.412837624549865723e+00,1.407161116600036621e+00,1.401955485343933105e+00,1.397211909294128418e+00,1.392923355102539062e+00,1.389082908630371094e+00,1.385684609413146973e+00,1.382722854614257812e+00,1.380193233489990234e+00,1.378092050552368164e+00,1.376415491104125977e+00,1.375162005424499512e+00,1.374328732490539551e+00,1.373914837837219238e+00,1.373919367790222168e+00,1.374342560768127441e+00,1.375185132026672363e+00,1.376448154449462891e+00,1.378133654594421387e+00,1.380244374275207520e+00,1.382783532142639160e+00,1.385754942893981934e+00,1.389163017272949219e+00,1.393013238906860352e+00,1.397311568260192871e+00,1.402065277099609375e+00,1.407281517982482910e+00,1.412968516349792480e+00,1.419135928153991699e+00,1.425793290138244629e+00,1.432952165603637695e+00,1.440624475479125977e+00,1.448822736740112305e+00,1.457561731338500977e+00,1.466856241226196289e+00,1.476722836494445801e+00,1.487178683280944824e+00,1.498243689537048340e+00,1.509937763214111328e+00,1.522283673286437988e+00,1.535303711891174316e+00,1.549025058746337891e+00,1.563474297523498535e+00,1.578681111335754395e+00,1.594676613807678223e+00,1.611496329307556152e+00,1.629175662994384766e+00,1.647754549980163574e+00,1.667276263236999512e+00,1.687786102294921875e+00,1.709334373474121094e+00,1.731614708900451660e+00,1.724425792694091797e+00,1.687294721603393555e+00,1.651980400085449219e+00,1.618708610534667969e+00,1.587257862091064453e+00,1.557295441627502441e+00,1.528982162475585938e+00,1.502164959907531738e+00,1.477067112922668457e+00,1.453230142593383789e+00,1.430578827857971191e+00,1.409045338630676270e+00,1.388567328453063965e+00,1.369086980819702148e+00,1.350551247596740723e+00,1.332911729812622070e+00,1.316122531890869141e+00,1.300141930580139160e+00,1.284931302070617676e+00,1.270455718040466309e+00,1.256680727005004883e+00,1.243576049804687500e+00,1.231112957000732422e+00,1.219264984130859375e+00,1.208007097244262695e+00,1.197316884994506836e+00,1.187172651290893555e+00,1.177554368972778320e+00,1.168443679809570312e+00,1.159823894500732422e+00,1.151678204536437988e+00,1.143992304801940918e+00,1.136752247810363770e+00,1.129945158958435059e+00,1.123559713363647461e+00,1.117584109306335449e+00,1.112008929252624512e+00,1.106824278831481934e+00,1.102022528648376465e+00,1.097594380378723145e+00,1.093534111976623535e+00,1.089833974838256836e+00,1.086488842964172363e+00,1.083493351936340332e+00,1.080842494964599609e+00,1.078532338142395020e+00,1.076559305191040039e+00,1.074920177459716797e+00,1.073612689971923828e+00,1.072634577751159668e+00,1.071984887123107910e+00,1.071661949157714844e+00,esquerda
5.969525337219238281e+00,5.971364498138427734e+00,5.975024700164794922e+00,5.980512619018554688e+00,5.987836360931396484e+00,5.997007369995117188e+00,6.008038997650146484e+00,6.020948886871337891e+00,6.035756587982177734e+00,6.052486419677734375e+00,6.071163654327392578e+00,6.091817855834960938e+00,6.114480972290039062e+00,5.878221035003662109e+00,5.500710487365722656e+00,5.152071475982666016e+00,4.846734523773193359e+00,4.578219413757324219e+00,4.338931560516357422e+00,4.123765468597412109e+00,3.930130720138549805e+00,3.755132675170898438e+00,3.595169305801391602e+00,3.449063301086425781e+00,3.316710472106933594e+00,3.194619417190551758e+00,3.081747055053710938e+00,2.976789951324462891e+00,2.880733728408813477e+00,2.791144847869873047e+00,2.707100391387939453e+00,2.629490137100219727e+00,2.556510686874389648e+00,2.488027572631835938e+00,2.424307584762573242e+00,2.363822698593139648e+00,2.307705879211425781e+00,2.254216194152832031e+00,2.204027652740478516e+00,2.156700134277343750e+00,2.111693143844604492e+00,2.069293975830078125e+00,2.029222011566162109e+00,1.991052389144897461e+00,1.954990148544311523e+00,1.920802593231201172e+00,1.888710975646972656e+00,1.858230710029602051e+00,1.829266667366027832e+00,1.801731944084167480e+00,1.775546550750732422e+00,1.750637531280517578e+00,1.726936221122741699e+00,1.704380512237548828e+00,1.682912588119506836e+00,1.662478327751159668e+00,1.643028736114501953e+00,1.624518513679504395e+00,1.606905102729797363e+00,1.590148091316223145e+00,1.574211835861206055e+00,1.559061765670776367e+00,1.544666647911071777e+00,1.530997037887573242e+00,1.518025636672973633e+00,1.505727052688598633e+00,1.494077563285827637e+00,1.483055233955383301e+00,1.472639560699462891e+00,1.462811589241027832e+00,1.453553915023803711e+00,1.444850087165832520e+00,1.436684846878051758e+00,1.429043889045715332e+00,1.421914935111999512e+00,1.415285706520080566e+00,1.409145116806030273e+00,1.403483390808105469e+00,1.398291230201721191e+00,1.393560171127319336e+00,1.389282703399658203e+00,1.385452389717102051e+00,1.382062792778015137e+00,1.379108786582946777e+00,1.376585960388183594e+00,1.374490141868591309e+00,1.372818231582641602e+00,1.371567845344543457e+00,1.370736718177795410e+00,1.370323896408081055e+00,1.370328426361083984e+00,1.370750546455383301e+00,1.371590852737426758e+00,1.372850537300109863e+00,1.374531745910644531e+00,1.376636981964111328e+00,1.379169344902038574e+00,1.382133007049560547e+00,1.385532140731811523e+00,1.389372348785400391e+00,1.393659591674804688e+00,1.398400902748107910e+00,1.403603315353393555e+00,1.409275531768798828e+00,1.415426731109619141e+00,1.422066926956176758e+00,1.429206848144531250e+00,1.436859130859375000e+00,1.445036053657531738e+00,1.453752160072326660e+00,1.463022470474243164e+00,1.472863197326660156e+00,1.483291864395141602e+00,1.494327902793884277e+00,1.505991339683532715e+00,1.518304944038391113e+00,1.531291127204895020e+00,1.544976353645324707e+00,1.559387922286987305e+00,1.574554920196533203e+00,1.590508818626403809e+00,1.607284545898437500e+00,1.624917626380920410e+00,1.643447995185852051e+00,1.662918567657470703e+00,1.683374881744384766e+00,1.704866528511047363e+00,1.727446675300598145e+00,1.724004387855529785e+00,1.687287688255310059e+00,1.651975750923156738e+00,1.618705868721008301e+00,1.587257027626037598e+00,1.557296156883239746e+00,1.528984427452087402e+00,1.502163290977478027e+00,1.477065563201904297e+00,1.453228592872619629e+00,1.430577158927917480e+00,1.409043788909912109e+00,1.388565778732299805e+00,1.369085431098937988e+00,1.350549578666687012e+00,1.332910180091857910e+00,1.316120862960815430e+00,1.300140380859375000e+00,1.284929752349853516e+00,1.270453929901123047e+00,1.256679177284240723e+00,1.243574380874633789e+00,1.231111288070678711e+00,1.219263195991516113e+00,1.208005309104919434e+00,1.197315096855163574e+00,1.187170982360839844e+00,1.177552700042724609e+00,1.168442130088806152e+00,1.159822106361389160e+00,1.151676654815673828e+00,1.143990635871887207e+00,1.136750578880310059e+00,1.129943728446960449e+00,1.123557925224304199e+00,1.117582559585571289e+00,1.112007260322570801e+00,1.106822848320007324e+00,1.102020740509033203e+00,1.097592830657958984e+00,1.093532323837280273e+00,1.089832186698913574e+00,1.086487054824829102e+00,1.083491683006286621e+00,1.080840706825256348e+00,1.078530669212341309e+00,1.076557636260986328e+00,1.074918508529663086e+00,1.073611140251159668e+00,1.072633028030395508e+00,1.071983218193054199e+00,1.071660280227661133e+00,esquerda
5.969527721405029297e+00,5.971366405487060547e+00,5.975026607513427734e+00,5.980514526367187500e+00,5.987838268280029297e+00,5.997009277343750000e+00,6.008041381835937500e+00,6.020951271057128906e+00,6.035758972167968750e+00,6.052488327026367188e+00,6.071165561676025391e+00,6.091819286346435547e+00,6.114481925964355469e+00,5.866570949554443359e+00,5.487022399902343750e+00,5.139258384704589844e+00,4.834685802459716797e+00,4.566843032836914062e+00,4.328154563903808594e+00,4.113525867462158203e+00,3.920374631881713867e+00,3.745808124542236328e+00,3.586224317550659180e+00,3.440460681915283203e+00,3.308419466018676758e+00,3.186616659164428711e+00,3.074012041091918945e+00,2.969304084777832031e+00,2.873477220535278320e+00,2.784102439880371094e+00,2.700258970260620117e+00,2.622835397720336914e+00,2.550031423568725586e+00,2.481713533401489258e+00,2.418147325515747070e+00,2.357808589935302734e+00,2.301827430725097656e+00,2.248467683792114258e+00,2.198400735855102539e+00,2.151188135147094727e+00,2.106290340423583984e+00,2.063994407653808594e+00,2.024019956588745117e+00,1.985943078994750977e+00,1.949968695640563965e+00,1.915771722793579102e+00,1.883763909339904785e+00,1.853363513946533203e+00,1.824475169181823730e+00,1.797012686729431152e+00,1.770895957946777344e+00,1.746052026748657227e+00,1.722412824630737305e+00,1.699916481971740723e+00,1.678504467010498047e+00,1.658123731613159180e+00,1.638725280761718750e+00,1.620263695716857910e+00,1.602696180343627930e+00,1.585983037948608398e+00,1.570088505744934082e+00,1.554978013038635254e+00,1.540620684623718262e+00,1.526986956596374512e+00,1.514049649238586426e+00,1.501783013343811035e+00,1.490164160728454590e+00,1.479170799255371094e+00,1.468782424926757812e+00,1.458980083465576172e+00,1.449746608734130859e+00,1.441065549850463867e+00,1.432921767234802246e+00,1.425300836563110352e+00,1.418190598487854004e+00,1.411578536033630371e+00,1.405454277992248535e+00,1.399807333946228027e+00,1.394628763198852539e+00,1.389910101890563965e+00,1.385643839836120605e+00,1.381823658943176270e+00,1.378442883491516113e+00,1.375496745109558105e+00,1.372980356216430664e+00,1.370890021324157715e+00,1.369222521781921387e+00,1.367975354194641113e+00,1.367146492004394531e+00,1.366734623908996582e+00,1.366739273071289062e+00,1.367160320281982422e+00,1.367998361587524414e+00,1.369254708290100098e+00,1.370931506156921387e+00,1.373031377792358398e+00,1.375557065010070801e+00,1.378512859344482422e+00,1.381903171539306641e+00,1.385733246803283691e+00,1.390009164810180664e+00,1.394738197326660156e+00,1.399926900863647461e+00,1.405584216117858887e+00,1.411719322204589844e+00,1.418342351913452148e+00,1.425463318824768066e+00,1.433095693588256836e+00,1.441251277923583984e+00,1.449944496154785156e+00,1.459190487861633301e+00,1.469005465507507324e+00,1.479406714439392090e+00,1.490413784980773926e+00,1.502046823501586914e+00,1.514328122138977051e+00,1.527280211448669434e+00,1.540929794311523438e+00,1.555303573608398438e+00,1.570430874824523926e+00,1.586342930793762207e+00,1.603074431419372559e+00,1.620661616325378418e+00,1.639143466949462891e+00,1.658563017845153809e+00,1.678965806961059570e+00,1.700401067733764648e+00,1.722922205924987793e+00,1.722804665565490723e+00,1.687288165092468262e+00,1.651975393295288086e+00,1.618705034255981445e+00,1.587255716323852539e+00,1.557294368743896484e+00,1.528982281684875488e+00,1.502161622047424316e+00,1.477063894271850586e+00,1.453226923942565918e+00,1.430575609207153320e+00,1.409042239189147949e+00,1.388564348220825195e+00,1.369083881378173828e+00,1.350548148155212402e+00,1.332908749580383301e+00,1.316119790077209473e+00,1.300139188766479492e+00,1.284928441047668457e+00,1.270452976226806641e+00,1.256678104400634766e+00,1.243573188781738281e+00,1.231110215187072754e+00,1.219262242317199707e+00,1.208004236221313477e+00,1.197314143180847168e+00,1.187170028686523438e+00,1.177551627159118652e+00,1.168441057205200195e+00,1.159821271896362305e+00,1.151675701141357422e+00,1.143989682197570801e+00,1.136749505996704102e+00,1.129942774772644043e+00,1.123557090759277344e+00,1.117581725120544434e+00,1.112006425857543945e+00,1.106822013854980469e+00,1.102020025253295898e+00,1.097591996192932129e+00,1.093531608581542969e+00,1.089831590652465820e+00,1.086486458778381348e+00,1.083490967750549316e+00,1.080839991569519043e+00,1.078529953956604004e+00,1.076556921005249023e+00,1.074917793273925781e+00,1.073610305786132812e+00,1.072632312774658203e+00,1.071982502937316895e+00,1.071659564971923828e+00,esquerda
5.969528198242187500e+00,5.971366882324218750e+00,5.975027084350585938e+00,5.980515003204345703e+00,5.987839221954345703e+00,5.997010231018066406e+00,6.008041858673095703e+00,6.020951747894287109e+00,6.035759449005126953e+00,6.052488803863525391e+00,6.071166038513183594e+00,6.091819763183593750e+00,6.114482879638671875e+00,5.854033470153808594e+00,5.472303867340087891e+00,5.125495910644531250e+00,4.821757793426513672e+00,4.554646015167236328e+00,4.316607952117919922e+00,4.102561950683593750e+00,3.909934759140014648e+00,3.735841035842895508e+00,3.576688766479492188e+00,3.431318521499633789e+00,3.299632549285888672e+00,3.178157806396484375e+00,3.065855741500854492e+00,2.961429119110107422e+00,2.865858793258666992e+00,2.776723861694335938e+00,2.693104743957519531e+00,2.615888118743896484e+00,2.543278932571411133e+00,2.475143194198608398e+00,2.411746263504028320e+00,2.351568460464477539e+00,2.295736551284790039e+00,2.242518424987792969e+00,2.192584991455078125e+00,2.145497798919677734e+00,2.100718736648559570e+00,2.058535575866699219e+00,2.018666744232177734e+00,1.980690717697143555e+00,1.944811344146728516e+00,1.910738706588745117e+00,1.878815174102783203e+00,1.848494410514831543e+00,1.819682240486145020e+00,1.792291879653930664e+00,1.766243696212768555e+00,1.741464972496032715e+00,1.717887997627258301e+00,1.695450544357299805e+00,1.674094915390014648e+00,1.653767943382263184e+00,1.634420156478881836e+00,1.616007089614868164e+00,1.598485827445983887e+00,1.581816554069519043e+00,1.565963864326477051e+00,1.550893068313598633e+00,1.536573410034179688e+00,1.522975444793701172e+00,1.510072112083435059e+00,1.497837781906127930e+00,1.486249566078186035e+00,1.475284814834594727e+00,1.464923858642578125e+00,1.455147266387939453e+00,1.445938110351562500e+00,1.437279820442199707e+00,1.429157376289367676e+00,1.421556711196899414e+00,1.414464831352233887e+00,1.407870411872863770e+00,1.401762008666992188e+00,1.396130084991455078e+00,1.390964984893798828e+00,1.386258721351623535e+00,1.382003784179687500e+00,1.378193497657775879e+00,1.374821662902832031e+00,1.371883153915405273e+00,1.369373440742492676e+00,1.367288708686828613e+00,1.365625381469726562e+00,1.364381670951843262e+00,1.363554835319519043e+00,1.363144159317016602e+00,1.363148808479309082e+00,1.363568663597106934e+00,1.364404559135437012e+00,1.365657687187194824e+00,1.367330074310302734e+00,1.369424223899841309e+00,1.371943354606628418e+00,1.374891400337219238e+00,1.378272771835327148e+00,1.382092952728271484e+00,1.386357545852661133e+00,1.391074061393737793e+00,1.396249413490295410e+00,1.401891708374023438e+00,1.408010721206665039e+00,1.414616227149963379e+00,1.421718716621398926e+00,1.429330825805664062e+00,1.437465071678161621e+00,1.446135282516479492e+00,1.455357193946838379e+00,1.465146303176879883e+00,1.475520253181457520e+00,1.486498475074768066e+00,1.498100757598876953e+00,1.510349869728088379e+00,1.523267865180969238e+00,1.536881685256958008e+00,1.551217675209045410e+00,1.566305279731750488e+00,1.582175612449645996e+00,1.598863244056701660e+00,1.616404056549072266e+00,1.634837150573730469e+00,1.654205918312072754e+00,1.674554944038391113e+00,1.695934176445007324e+00,1.718395948410034180e+00,1.721589565277099609e+00,1.687268853187561035e+00,1.651956081390380859e+00,1.618685841560363770e+00,1.587236642837524414e+00,1.557275176048278809e+00,1.528963208198547363e+00,1.502160549163818359e+00,1.477063059806823730e+00,1.453225970268249512e+00,1.430574774742126465e+00,1.409041285514831543e+00,1.388563394546508789e+00,1.369083046913146973e+00,1.350547313690185547e+00,1.332907915115356445e+00,1.316118836402893066e+00,1.300138354301452637e+00,1.284927725791931152e+00,1.270452141761779785e+00,1.256677269935607910e+00,1.243572473526000977e+00,1.231109380722045898e+00,1.219261407852172852e+00,1.208003520965576172e+00,1.197313308715820312e+00,1.187169194221496582e+00,1.177550911903381348e+00,1.168440461158752441e+00,1.159820437431335449e+00,1.151674985885620117e+00,1.143988966941833496e+00,1.136748790740966797e+00,1.129942059516906738e+00,1.123556256294250488e+00,1.117581009864807129e+00,1.112005591392517090e+00,1.106821298599243164e+00,1.102019190788269043e+00,1.097591280937194824e+00,1.093530774116516113e+00,1.089830756187438965e+00,1.086485624313354492e+00,1.083490252494812012e+00,1.080839276313781738e+00,1.078529238700866699e+00,1.076556205749511719e+00,1.074917078018188477e+00,1.073609590530395508e+00,1.072631597518920898e+00,1.071981787681579590e+00,1.071658849716186523e+00,esquerda
5.969527721405029297e+00,5.971366882324218750e+00,5.975026607513427734e+00,5.980514526367187500e+00,5.987838745117187500e+00,5.997009754180908203e+00,6.008041381835937500e+00,6.020951271057128906e+00,6.035758972167968750e+00,6.052488803863525391e+00,6.071166038513183594e+00,6.091819763183593750e+00,6.114482879638671875e+00,5.841464519500732422e+00,5.457551479339599609e+00,5.111701011657714844e+00,4.808799266815185547e+00,4.542420864105224609e+00,4.305034160614013672e+00,4.091573715209960938e+00,3.899471282958984375e+00,3.725851535797119141e+00,3.567132234573364258e+00,3.422157287597656250e+00,3.290828704833984375e+00,3.169682979583740234e+00,3.057684659957885742e+00,2.953540325164794922e+00,2.858228445053100586e+00,2.769333839416503906e+00,2.685939788818359375e+00,2.608931064605712891e+00,2.536516904830932617e+00,2.468564033508300781e+00,2.405337572097778320e+00,2.345320701599121094e+00,2.289638519287109375e+00,2.236562728881835938e+00,2.186762571334838867e+00,2.139801263809204102e+00,2.095142126083374023e+00,2.053071260452270508e+00,2.013308525085449219e+00,1.975433588027954102e+00,1.939649581909179688e+00,1.905705451965332031e+00,1.873865962028503418e+00,1.843625187873840332e+00,1.814888715744018555e+00,1.787570595741271973e+00,1.761591076850891113e+00,1.736877560615539551e+00,1.713362693786621094e+00,1.690984249114990234e+00,1.669685006141662598e+00,1.649411439895629883e+00,1.630114793777465820e+00,1.611750125885009766e+00,1.594274997711181641e+00,1.577649474143981934e+00,1.561838746070861816e+00,1.546807646751403809e+00,1.532525539398193359e+00,1.518963575363159180e+00,1.506094217300415039e+00,1.493892192840576172e+00,1.482334256172180176e+00,1.471398591995239258e+00,1.461064934730529785e+00,1.451314091682434082e+00,1.442129135131835938e+00,1.433493614196777344e+00,1.425392627716064453e+00,1.417811751365661621e+00,1.410738825798034668e+00,1.404161691665649414e+00,1.398069381713867188e+00,1.392452239990234375e+00,1.387300848960876465e+00,1.382606983184814453e+00,1.378363251686096191e+00,1.374562978744506836e+00,1.371199965476989746e+00,1.368269205093383789e+00,1.365766167640686035e+00,1.363686919212341309e+00,1.362028002738952637e+00,1.360787510871887207e+00,1.359962940216064453e+00,1.359553337097167969e+00,1.359557867050170898e+00,1.359976649284362793e+00,1.360810399055480957e+00,1.362060070037841797e+00,1.363728165626525879e+00,1.365816712379455566e+00,1.368329405784606934e+00,1.371269583702087402e+00,1.374642133712768555e+00,1.378452062606811523e+00,1.382705569267272949e+00,1.387409687042236328e+00,1.392571210861206055e+00,1.398198843002319336e+00,1.404301643371582031e+00,1.410889625549316406e+00,1.417973637580871582e+00,1.425565600395202637e+00,1.433678388595581055e+00,1.442325830459594727e+00,1.451523303985595703e+00,1.461286664009094238e+00,1.471633553504943848e+00,1.482582569122314453e+00,1.494154572486877441e+00,1.506371259689331055e+00,1.519255399703979492e+00,1.532833218574523926e+00,1.547131419181823730e+00,1.562179207801818848e+00,1.578007817268371582e+00,1.594651460647583008e+00,1.612146019935607910e+00,1.630530595779418945e+00,1.649848341941833496e+00,1.670143842697143555e+00,1.691466689109802246e+00,1.713869333267211914e+00,1.720416665077209473e+00,1.687305331230163574e+00,1.651990890502929688e+00,1.618718743324279785e+00,1.587267637252807617e+00,1.557304859161376953e+00,1.528991341590881348e+00,1.502160429954528809e+00,1.477062702178955078e+00,1.453225851058959961e+00,1.430574536323547363e+00,1.409041047096252441e+00,1.388563156127929688e+00,1.369082808494567871e+00,1.350546956062316895e+00,1.332907557487487793e+00,1.316118359565734863e+00,1.300137877464294434e+00,1.284927368164062500e+00,1.270451545715332031e+00,1.256676793098449707e+00,1.243572115898132324e+00,1.231108903884887695e+00,1.219260811805725098e+00,1.208003044128417969e+00,1.197312831878662109e+00,1.187168717384338379e+00,1.177550435066223145e+00,1.168440103530883789e+00,1.159819960594177246e+00,1.151674628257751465e+00,1.143988609313964844e+00,1.136748433113098145e+00,1.129941701889038086e+00,1.123555779457092285e+00,1.117580533027648926e+00,1.112005114555358887e+00,1.106820821762084961e+00,1.102018713951110840e+00,1.097590804100036621e+00,1.093530297279357910e+00,1.089830279350280762e+00,1.086485147476196289e+00,1.083489656448364258e+00,1.080838680267333984e+00,1.078528523445129395e+00,1.076555609703063965e+00,1.074916362762451172e+00,1.073608994483947754e+00,1.072630882263183594e+00,1.071981072425842285e+00,1.071658134460449219e+00,esquerda
5.969529628753662109e+00,5.971368312835693359e+00,5.975028514862060547e+00,5.980516433715820312e+00,5.987840652465820312e+00,5.997011661529541016e+00,6.008043289184570312e+00,6.020953178405761719e+00,6.035760879516601562e+00,6.052490711212158203e+00,6.071167469024658203e+00,6.091821193695068359e+00,6.114484310150146484e+00,5.830225944519042969e+00,5.444272518157958984e+00,5.099194049835205078e+00,4.796976089477539062e+00,4.531205177307128906e+00,4.294363498687744141e+00,4.081397056579589844e+00,3.889741897583007812e+00,3.716528415679931641e+00,3.558182477951049805e+00,3.413549900054931641e+00,3.282533645629882812e+00,3.161676645278930664e+00,3.049946308135986328e+00,2.946051120758056641e+00,2.850968360900878906e+00,2.762287855148315430e+00,2.679095745086669922e+00,2.602273464202880859e+00,2.530034780502319336e+00,2.462247133255004883e+00,2.399174451828002930e+00,2.339304208755493164e+00,2.283757686614990234e+00,2.230811834335327148e+00,2.181133508682250977e+00,2.134287118911743164e+00,2.089737176895141602e+00,2.047769546508789062e+00,2.008104324340820312e+00,1.970322489738464355e+00,1.934626340866088867e+00,1.900674343109130859e+00,1.868919014930725098e+00,1.838758230209350586e+00,1.810097455978393555e+00,1.782851338386535645e+00,1.756940603256225586e+00,1.732292175292968750e+00,1.708839535713195801e+00,1.686520218849182129e+00,1.665277004241943359e+00,1.645056962966918945e+00,1.625811338424682617e+00,1.607495188713073730e+00,1.590066313743591309e+00,1.573484659194946289e+00,1.557715535163879395e+00,1.542724251747131348e+00,1.528479814529418945e+00,1.514953494071960449e+00,1.502118349075317383e+00,1.489948391914367676e+00,1.478421092033386230e+00,1.467514038085937500e+00,1.457207679748535156e+00,1.447482705116271973e+00,1.438321948051452637e+00,1.429709315299987793e+00,1.421629667282104492e+00,1.414068937301635742e+00,1.407014489173889160e+00,1.400454759597778320e+00,1.394378542900085449e+00,1.388776302337646484e+00,1.383638501167297363e+00,1.378957033157348633e+00,1.374724388122558594e+00,1.370934128761291504e+00,1.367580056190490723e+00,1.364657163619995117e+00,1.362160682678222656e+00,1.360086798667907715e+00,1.358432292938232422e+00,1.357195019721984863e+00,1.356372714042663574e+00,1.355964183807373047e+00,1.355968713760375977e+00,1.356386423110961914e+00,1.357217907905578613e+00,1.358464241027832031e+00,1.360128045082092285e+00,1.362211227416992188e+00,1.364717125892639160e+00,1.367649435997009277e+00,1.371013164520263672e+00,1.374813079833984375e+00,1.379055380821228027e+00,1.383747100830078125e+00,1.388894796371459961e+00,1.394507646560668945e+00,1.400594353675842285e+00,1.407165050506591797e+00,1.414230346679687500e+00,1.421802163124084473e+00,1.429893493652343750e+00,1.438518166542053223e+00,1.447691321372985840e+00,1.457428932189941406e+00,1.467748403549194336e+00,1.478668808937072754e+00,1.490210175514221191e+00,1.502394437789916992e+00,1.515244603157043457e+00,1.528786540031433105e+00,1.543047070503234863e+00,1.558055281639099121e+00,1.573841929435729980e+00,1.590441823005676270e+00,1.607890129089355469e+00,1.626226186752319336e+00,1.645492792129516602e+00,1.665734887123107910e+00,1.687001466751098633e+00,1.709344744682312012e+00,1.719165921211242676e+00,1.687240958213806152e+00,1.651930570602416992e+00,1.618662595748901367e+00,1.587215304374694824e+00,1.557256102561950684e+00,1.528945684432983398e+00,1.502159476280212402e+00,1.477061867713928223e+00,1.453224897384643555e+00,1.430573582649230957e+00,1.409040093421936035e+00,1.388562202453613281e+00,1.369081974029541016e+00,1.350546121597290039e+00,1.332906723022460938e+00,1.316117525100708008e+00,1.300137042999267578e+00,1.284926533699035645e+00,1.270450711250305176e+00,1.256675958633422852e+00,1.243571281433105469e+00,1.231108069419860840e+00,1.219260096549987793e+00,1.208002328872680664e+00,1.197312116622924805e+00,1.187167882919311523e+00,1.177549719810485840e+00,1.168439149856567383e+00,1.159819245338439941e+00,1.151673674583435059e+00,1.143987774848937988e+00,1.136747598648071289e+00,1.129940748214721680e+00,1.123555064201354980e+00,1.117579936981201172e+00,1.112004399299621582e+00,1.106820106506347656e+00,1.102017998695373535e+00,1.097589969635009766e+00,1.093529582023620605e+00,1.089829564094543457e+00,1.086484551429748535e+00,1.083489060401916504e+00,1.080837965011596680e+00,1.078527927398681641e+00,1.076555013656616211e+00,1.074915766716003418e+00,1.073608279228210449e+00,1.072630286216735840e+00,1.071980476379394531e+00,1.071657538414001465e+00,esquerda
5.969530105590820312e+00,5.971368789672851562e+00,5.975028991699218750e+00,5.980517387390136719e+00,5.987841129302978516e+00,5.997012138366699219e+00,6.008043766021728516e+00,6.020953655242919922e+00,6.035761356353759766e+00,6.052491188049316406e+00,6.071167945861816406e+00,6.091821670532226562e+00,6.114484786987304688e+00,5.817676067352294922e+00,5.429543495178222656e+00,5.085423946380615234e+00,4.784042835235595703e+00,4.519005298614501953e+00,4.282814979553222656e+00,4.070433139801025391e+00,3.879303216934204102e+00,3.706562280654907227e+00,3.548647880554199219e+00,3.404408693313598633e+00,3.273747920989990234e+00,3.153218507766723633e+00,3.041790723800659180e+00,2.938177108764648438e+00,2.843350887298583984e+00,2.754909753799438477e+00,2.671941995620727539e+00,2.595326900482177734e+00,2.523282766342163086e+00,2.455677270889282227e+00,2.392774343490600586e+00,2.333064794540405273e+00,2.277667284011840820e+00,2.224863290786743164e+00,2.175318241119384766e+00,2.128597259521484375e+00,2.084166526794433594e+00,2.042310953140258789e+00,2.002751827239990234e+00,1.965070366859436035e+00,1.929469585418701172e+00,1.895642638206481934e+00,1.863971114158630371e+00,1.833890080451965332e+00,1.805305480957031250e+00,1.778131484985351562e+00,1.752289295196533203e+00,1.727706432342529297e+00,1.704315543174743652e+00,1.682055354118347168e+00,1.660868525505065918e+00,1.640701889991760254e+00,1.621507287025451660e+00,1.603239655494689941e+00,1.585856795310974121e+00,1.569319248199462891e+00,1.553591847419738770e+00,1.538640141487121582e+00,1.524433612823486328e+00,1.510943055152893066e+00,1.498141765594482422e+00,1.486004114151000977e+00,1.474507331848144531e+00,1.463629364967346191e+00,1.453350186347961426e+00,1.443650960922241211e+00,1.434514522552490234e+00,1.425924658775329590e+00,1.417866349220275879e+00,1.410325646400451660e+00,1.403290033340454102e+00,1.396747708320617676e+00,1.390687465667724609e+00,1.385100126266479492e+00,1.379975795745849609e+00,1.375306725502014160e+00,1.371085405349731445e+00,1.367305159568786621e+00,1.363960146903991699e+00,1.361044883728027344e+00,1.358554959297180176e+00,1.356486558914184570e+00,1.354836463928222656e+00,1.353602647781372070e+00,1.352782368659973145e+00,1.352374911308288574e+00,1.352379441261291504e+00,1.352795958518981934e+00,1.353625297546386719e+00,1.354868531227111816e+00,1.356527805328369141e+00,1.358605265617370605e+00,1.361104607582092285e+00,1.364029526710510254e+00,1.367384195327758789e+00,1.371174097061157227e+00,1.375405073165893555e+00,1.380084395408630371e+00,1.385218620300292969e+00,1.390816569328308105e+00,1.396887302398681641e+00,1.403440475463867188e+00,1.410486936569213867e+00,1.418038964271545410e+00,1.426108956336975098e+00,1.434710741043090820e+00,1.443859577178955078e+00,1.453571557998657227e+00,1.463863492012023926e+00,1.474755048751831055e+00,1.486265659332275391e+00,1.498417854309082031e+00,1.511234045028686523e+00,1.524740338325500488e+00,1.538963079452514648e+00,1.553931474685668945e+00,1.569676280021667480e+00,1.586232304573059082e+00,1.603634476661682129e+00,1.621921896934509277e+00,1.641137719154357910e+00,1.661326289176940918e+00,1.682536482810974121e+00,1.704820990562438965e+00,1.718032956123352051e+00,1.687328815460205078e+00,1.652014851570129395e+00,1.618743300437927246e+00,1.587292790412902832e+00,1.557330250740051270e+00,1.529017090797424316e+00,1.502157688140869141e+00,1.477060317993164062e+00,1.453223228454589844e+00,1.430572152137756348e+00,1.409038543701171875e+00,1.388560771942138672e+00,1.369080781936645508e+00,1.350544929504394531e+00,1.332905530929565430e+00,1.316116213798522949e+00,1.300135850906372070e+00,1.284925341606140137e+00,1.270449638366699219e+00,1.256674647331237793e+00,1.243570089340209961e+00,1.231106996536254883e+00,1.219259023666381836e+00,1.208001136779785156e+00,1.197310924530029297e+00,1.187166810035705566e+00,1.177548646926879883e+00,1.168438196182250977e+00,1.159818291664123535e+00,1.151672840118408203e+00,1.143986821174621582e+00,1.136746764183044434e+00,1.129939913749694824e+00,1.123554229736328125e+00,1.117579102516174316e+00,1.112003445625305176e+00,1.106819272041320801e+00,1.102017045021057129e+00,1.097589135169982910e+00,1.093528866767883301e+00,1.089828848838806152e+00,1.086483716964721680e+00,1.083488225936889648e+00,1.080837249755859375e+00,1.078527212142944336e+00,1.076554179191589355e+00,1.074915051460266113e+00,1.073607563972473145e+00,1.072629570960998535e+00,1.071979761123657227e+00,1.071656823158264160e+00,esquerda
5.969529628753662109e+00,5.971368789672851562e+00,5.975028991699218750e+00,5.980516910552978516e+00,5.987840652465820312e+00,5.997011661529541016e+00,6.008043289184570312e+00,6.020953178405761719e+00,6.035760879516601562e+00,6.052490711212158203e+00,6.071167945861816406e+00,6.091822147369384766e+00,6.114485263824462891e+00,5.805142402648925781e+00,5.414830207824707031e+00,5.071665763854980469e+00,4.771118640899658203e+00,4.506811618804931641e+00,4.271271228790283203e+00,4.059472084045410156e+00,3.868865966796875000e+00,3.696597814559936523e+00,3.539114475250244141e+00,3.395268201828002930e+00,3.264962911605834961e+00,3.144761562347412109e+00,3.033636093139648438e+00,2.930303335189819336e+00,2.835733890533447266e+00,2.747532606124877930e+00,2.664788961410522461e+00,2.588380336761474609e+00,2.516530990600585938e+00,2.449108362197875977e+00,2.386374473571777344e+00,2.326825618743896484e+00,2.271577358245849609e+00,2.218915462493896484e+00,2.169502973556518555e+00,2.122907400131225586e+00,2.078595876693725586e+00,2.036852359771728516e+00,1.997399210929870605e+00,1.959818720817565918e+00,1.924312949180603027e+00,1.890610337257385254e+00,1.859022736549377441e+00,1.829021811485290527e+00,1.800513029098510742e+00,1.773411035537719727e+00,1.747637510299682617e+00,1.723119974136352539e+00,1.699791193008422852e+00,1.677590131759643555e+00,1.656459569931030273e+00,1.636346578598022461e+00,1.617202639579772949e+00,1.598983645439147949e+00,1.581647038459777832e+00,1.565153241157531738e+00,1.549467563629150391e+00,1.534555673599243164e+00,1.520386815071105957e+00,1.506932139396667480e+00,1.494164824485778809e+00,1.482059240341186523e+00,1.470593214035034180e+00,1.459743976593017578e+00,1.449492216110229492e+00,1.439818501472473145e+00,1.430706501007080078e+00,1.422139286994934082e+00,1.414102554321289062e+00,1.406581759452819824e+00,1.399564743041992188e+00,1.393039822578430176e+00,1.386995792388916016e+00,1.381423115730285645e+00,1.376312613487243652e+00,1.371655821800231934e+00,1.367445707321166992e+00,1.363675475120544434e+00,1.360339403152465820e+00,1.357431769371032715e+00,1.354948520660400391e+00,1.352885603904724121e+00,1.351239919662475586e+00,1.350009322166442871e+00,1.349191308021545410e+00,1.348784923553466797e+00,1.348789453506469727e+00,1.349205017089843750e+00,1.350032091140747070e+00,1.351271986961364746e+00,1.352926731109619141e+00,1.354998826980590820e+00,1.357491493225097656e+00,1.360408544540405273e+00,1.363754391670227051e+00,1.367534160614013672e+00,1.371753931045532227e+00,1.376420855522155762e+00,1.381541490554809570e+00,1.387124538421630859e+00,1.393178939819335938e+00,1.399714946746826172e+00,1.406742691993713379e+00,1.414274454116821289e+00,1.422323226928710938e+00,1.430902123451232910e+00,1.440026760101318359e+00,1.449712872505187988e+00,1.459977626800537109e+00,1.470839977264404297e+00,1.482320308685302734e+00,1.494440436363220215e+00,1.507222414016723633e+00,1.520692706108093262e+00,1.534877896308898926e+00,1.549806475639343262e+00,1.565509557723999023e+00,1.582021355628967285e+00,1.599377632141113281e+00,1.617616653442382812e+00,1.636781215667724609e+00,1.656916022300720215e+00,1.678069949150085449e+00,1.700295329093933105e+00,1.716809034347534180e+00,1.687297940254211426e+00,1.651984453201293945e+00,1.618713378906250000e+00,1.587263345718383789e+00,1.557301282882690430e+00,1.528988599777221680e+00,1.502158284187316895e+00,1.477060556411743164e+00,1.453223705291748047e+00,1.430572390556335449e+00,1.409038901329040527e+00,1.388561129570007324e+00,1.369081020355224609e+00,1.350545406341552734e+00,1.332905650138854980e+00,1.316116452217102051e+00,1.300136208534240723e+00,1.284925580024719238e+00,1.270449876785278320e+00,1.256675124168395996e+00,1.243570446968078613e+00,1.231107354164123535e+00,1.219259381294250488e+00,1.208001613616943359e+00,1.197311401367187500e+00,1.187167286872863770e+00,1.177548885345458984e+00,1.168438673019409180e+00,1.159818530082702637e+00,1.151673078536987305e+00,1.143987059593200684e+00,1.136747002601623535e+00,1.129940271377563477e+00,1.123554468154907227e+00,1.117579340934753418e+00,1.112003922462463379e+00,1.106819510459899902e+00,1.102017521858215332e+00,1.097589492797851562e+00,1.093529105186462402e+00,1.089829087257385254e+00,1.086483955383300781e+00,1.083488464355468750e+00,1.080837488174438477e+00,1.078527450561523438e+00,1.076554417610168457e+00,1.074915289878845215e+00,1.073607802391052246e+00,1.072629809379577637e+00,1.071980118751525879e+00,1.071657180786132812e+00,esquerda
5.969531536102294922e+00,5.971370697021484375e+00,5.975030899047851562e+00,5.980518817901611328e+00,5.987842559814453125e+00,5.997013568878173828e+00,6.008045673370361328e+00,6.020955085754394531e+00,6.035763263702392578e+00,6.052492618560791016e+00,6.071169853210449219e+00,6.091823577880859375e+00,6.114486217498779297e+00,5.792613029479980469e+00,5.400122165679931641e+00,5.057911872863769531e+00,4.758196830749511719e+00,4.494620323181152344e+00,4.259729862213134766e+00,4.048513889312744141e+00,3.858430624008178711e+00,3.686634778976440430e+00,3.529582023620605469e+00,3.386128902435302734e+00,3.256179332733154297e+00,3.136305093765258789e+00,3.025482416152954102e+00,2.922430515289306641e+00,2.828118562698364258e+00,2.740156173706054688e+00,2.657636880874633789e+00,2.581435680389404297e+00,2.509780168533325195e+00,2.442539453506469727e+00,2.379975318908691406e+00,2.320587396621704102e+00,2.265487909317016602e+00,2.212967634201049805e+00,2.163688659667968750e+00,2.117218255996704102e+00,2.073026180267333984e+00,2.031394481658935547e+00,1.992047071456909180e+00,1.954567670822143555e+00,1.919156789779663086e+00,1.885578751564025879e+00,1.854075312614440918e+00,1.824154019355773926e+00,1.795721173286437988e+00,1.768691539764404297e+00,1.742986321449279785e+00,1.718533992767333984e+00,1.695267319679260254e+00,1.673125147819519043e+00,1.652050971984863281e+00,1.631991386413574219e+00,1.612898349761962891e+00,1.594727873802185059e+00,1.577437281608581543e+00,1.560987591743469238e+00,1.545343637466430664e+00,1.530471324920654297e+00,1.516340136528015137e+00,1.502921342849731445e+00,1.490187883377075195e+00,1.478114724159240723e+00,1.466678857803344727e+00,1.455858707427978516e+00,1.445634126663208008e+00,1.435986280441284180e+00,1.426898479461669922e+00,1.418354034423828125e+00,1.410338640213012695e+00,1.402837872505187988e+00,1.395839691162109375e+00,1.389331936836242676e+00,1.383303880691528320e+00,1.377746105194091797e+00,1.372649192810058594e+00,1.368004918098449707e+00,1.363805890083312988e+00,1.360045671463012695e+00,1.356718301773071289e+00,1.353818535804748535e+00,1.351341962814331055e+00,1.349284529685974121e+00,1.347643136978149414e+00,1.346415758132934570e+00,1.345600008964538574e+00,1.345194578170776367e+00,1.345199108123779297e+00,1.345613598823547363e+00,1.346438407897949219e+00,1.347674965858459473e+00,1.349325418472290039e+00,1.351392030715942383e+00,1.353878021240234375e+00,1.356787323951721191e+00,1.360124111175537109e+00,1.363893866539001465e+00,1.368102431297302246e+00,1.372756958007812500e+00,1.377863883972167969e+00,1.383432149887084961e+00,1.389470338821411133e+00,1.395988821983337402e+00,1.402997970581054688e+00,1.410509824752807617e+00,1.418536901473999023e+00,1.427093029022216797e+00,1.436193346977233887e+00,1.445853710174560547e+00,1.456091046333312988e+00,1.466924548149108887e+00,1.478374361991882324e+00,1.490462064743041992e+00,1.503209948539733887e+00,1.516644477844238281e+00,1.530791878700256348e+00,1.545680642127990723e+00,1.561341881752014160e+00,1.577809929847717285e+00,1.595119833946228027e+00,1.613310217857360840e+00,1.632423758506774902e+00,1.652505040168762207e+00,1.673602700233459473e+00,1.695768713951110840e+00,1.715628981590270996e+00,1.687324762344360352e+00,1.652010083198547363e+00,1.618737339973449707e+00,1.587286114692687988e+00,1.557322859764099121e+00,1.529008984565734863e+00,1.502156615257263184e+00,1.477059006690979004e+00,1.453222155570983887e+00,1.430570840835571289e+00,1.409037351608276367e+00,1.388559579849243164e+00,1.369079232215881348e+00,1.350543498992919922e+00,1.332904219627380371e+00,1.316114902496337891e+00,1.300134539604187012e+00,1.284924030303955078e+00,1.270448327064514160e+00,1.256673455238342285e+00,1.243568778038024902e+00,1.231105804443359375e+00,1.219257712364196777e+00,1.208000063896179199e+00,1.197309732437133789e+00,1.187165617942810059e+00,1.177547574043273926e+00,1.168437004089355469e+00,1.159816980361938477e+00,1.151671528816223145e+00,1.143985629081726074e+00,1.136745333671569824e+00,1.129938602447509766e+00,1.123552918434143066e+00,1.117577552795410156e+00,1.112002253532409668e+00,1.106817841529846191e+00,1.102015852928161621e+00,1.097587943077087402e+00,1.093527555465698242e+00,1.089827418327331543e+00,1.086482286453247070e+00,1.083486676216125488e+00,1.080835819244384766e+00,1.078525781631469727e+00,1.076552867889404297e+00,1.074913620948791504e+00,1.073606133460998535e+00,1.072628140449523926e+00,1.071978449821472168e+00,1.071655511856079102e+00,esquerda
5.969532489776611328e+00,5.971371173858642578e+00,5.975031375885009766e+00,5.980519294738769531e+00,5.987843036651611328e+00,5.997014045715332031e+00,6.008046150207519531e+00,6.020956039428710938e+00,6.035763740539550781e+00,6.052493095397949219e+00,6.071170330047607422e+00,6.091824054718017578e+00,6.109865665435791016e+00,5.780115127563476562e+00,5.386792182922363281e+00,5.045359134674072266e+00,4.746332645416259766e+00,4.483366012573242188e+00,4.249023437500000000e+00,4.038303375244140625e+00,3.848670005798339844e+00,3.677282333374023438e+00,3.520605802536010742e+00,3.377497911453247070e+00,3.247861862182617188e+00,3.128278255462646484e+00,3.017724752426147461e+00,2.914923906326293945e+00,2.820842027664184570e+00,2.733095169067382812e+00,2.650778532028198242e+00,2.574764251708984375e+00,2.503285884857177734e+00,2.436211109161376953e+00,2.373801708221435547e+00,2.314560413360595703e+00,2.259597539901733398e+00,2.207207679748535156e+00,2.158051013946533203e+00,2.111696243286132812e+00,2.067613601684570312e+00,2.026085615158081055e+00,1.986836433410644531e+00,1.949450016021728516e+00,1.914127230644226074e+00,1.880545139312744141e+00,1.849126100540161133e+00,1.819284558296203613e+00,1.790927648544311523e+00,1.763969898223876953e+00,1.738333463668823242e+00,1.713946461677551270e+00,1.690741896629333496e+00,1.668658971786499023e+00,1.647640943527221680e+00,1.627635002136230469e+00,1.608593106269836426e+00,1.590470910072326660e+00,1.573226451873779297e+00,1.556820631027221680e+00,1.541218400001525879e+00,1.526385903358459473e+00,1.512292504310607910e+00,1.498909354209899902e+00,1.486209988594055176e+00,1.474169015884399414e+00,1.462763667106628418e+00,1.451972365379333496e+00,1.441775083541870117e+00,1.432153105735778809e+00,1.423089385032653809e+00,1.414567947387695312e+00,1.406573772430419922e+00,1.399093270301818848e+00,1.392113566398620605e+00,1.385623216629028320e+00,1.379611372947692871e+00,1.374068379402160645e+00,1.368985056877136230e+00,1.364353179931640625e+00,1.360165357589721680e+00,1.356415152549743652e+00,1.353096723556518555e+00,1.350204706192016602e+00,1.347734689712524414e+00,1.345682859420776367e+00,1.344045877456665039e+00,1.342821717262268066e+00,1.342007994651794434e+00,1.341603755950927734e+00,1.341608285903930664e+00,1.342021584510803223e+00,1.342844367027282715e+00,1.344077467918395996e+00,1.345723509788513184e+00,1.347784757614135742e+00,1.350263953208923340e+00,1.353165507316589355e+00,1.356493473052978516e+00,1.360253095626831055e+00,1.364450454711914062e+00,1.369092583656311035e+00,1.374185919761657715e+00,1.379739165306091309e+00,1.385761380195617676e+00,1.392262339591979980e+00,1.399252891540527344e+00,1.406744599342346191e+00,1.414750337600708008e+00,1.423283576965332031e+00,1.432359576225280762e+00,1.441994190216064453e+00,1.452204227447509766e+00,1.463008880615234375e+00,1.474427938461303711e+00,1.486483454704284668e+00,1.499197483062744141e+00,1.512596130371093750e+00,1.526705503463745117e+00,1.541554689407348633e+00,1.557174086570739746e+00,1.573598265647888184e+00,1.590861678123474121e+00,1.609003543853759766e+00,1.628066301345825195e+00,1.648093819618225098e+00,1.669135093688964844e+00,1.691241979598999023e+00,1.714434027671813965e+00,1.687332391738891602e+00,1.652016639709472656e+00,1.618743419647216797e+00,1.587291240692138672e+00,1.557327628135681152e+00,1.529013276100158691e+00,1.502154707908630371e+00,1.477057337760925293e+00,1.453220486640930176e+00,1.430569291114807129e+00,1.409035801887512207e+00,1.388558030128479004e+00,1.369077801704406738e+00,1.350542187690734863e+00,1.332902908325195312e+00,1.316113591194152832e+00,1.300133228302001953e+00,1.284922719001770020e+00,1.270447015762329102e+00,1.256672263145446777e+00,1.243567585945129395e+00,1.231104731559753418e+00,1.219256639480590820e+00,1.207998991012573242e+00,1.197308659553527832e+00,1.187164545059204102e+00,1.177546501159667969e+00,1.168435931205749512e+00,1.159815907478332520e+00,1.151670455932617188e+00,1.143984675407409668e+00,1.136744618415832520e+00,1.129937648773193359e+00,1.123552203178405762e+00,1.117576718330383301e+00,1.112001538276672363e+00,1.106816887855529785e+00,1.102015018463134766e+00,1.097586989402770996e+00,1.093526721000671387e+00,1.089826703071594238e+00,1.086481690406799316e+00,1.083485960960388184e+00,1.080835103988647461e+00,1.078524947166442871e+00,1.076552033424377441e+00,1.074912905693054199e+00,1.073605418205261230e+00,1.072627425193786621e+00,1.071977734565734863e+00,1.071654796600341797e+00,esquerda
5.969532012939453125e+00,5.971371173858642578e+00,5.975030899047851562e+00,5.980518817901611328e+00,5.987842559814453125e+00,5.997013568878173828e+00,6.008045673370361328e+00,6.020955562591552734e+00,6.035763263702392578e+00,6.052493095397949219e+00,6.071170330047607422e+00,6.091824054718017578e+00,6.097377300262451172e+00,5.764300823211669922e+00,5.372081756591796875e+00,5.031603336334228516e+00,4.733408927917480469e+00,4.471174240112304688e+00,4.237481117248535156e+00,4.027343750000000000e+00,3.838233947753906250e+00,3.667318582534790039e+00,3.511072874069213867e+00,3.368357896804809570e+00,3.239077806472778320e+00,3.119821548461914062e+00,3.009570837020874023e+00,2.907050609588623047e+00,2.813225984573364258e+00,2.725718498229980469e+00,2.643625974655151367e+00,2.567819118499755859e+00,2.496534824371337891e+00,2.429642200469970703e+00,2.367402076721191406e+00,2.308321714401245117e+00,2.253507852554321289e+00,2.201260328292846680e+00,2.152236223220825195e+00,2.106006860733032227e+00,2.062043428421020508e+00,2.020627737045288086e+00,1.981484055519104004e+00,1.944198489189147949e+00,1.908971071243286133e+00,1.875512480735778809e+00,1.844177365303039551e+00,1.814415812492370605e+00,1.786134719848632812e+00,1.759249210357666016e+00,1.733681440353393555e+00,1.709359526634216309e+00,1.686217188835144043e+00,1.664193272590637207e+00,1.643231391906738281e+00,1.623279094696044922e+00,1.604288101196289062e+00,1.586214542388916016e+00,1.569016337394714355e+00,1.552654147148132324e+00,1.537093877792358398e+00,1.522300958633422852e+00,1.508245229721069336e+00,1.494897961616516113e+00,1.482232570648193359e+00,1.470223903656005859e+00,1.458849072456359863e+00,1.448086619377136230e+00,1.437916517257690430e+00,1.428320407867431641e+00,1.419280886650085449e+00,1.410782337188720703e+00,1.402809500694274902e+00,1.395348906517028809e+00,1.388387918472290039e+00,1.381914973258972168e+00,1.375919222831726074e+00,1.370391011238098145e+00,1.365321397781372070e+00,1.360701799392700195e+00,1.356525301933288574e+00,1.352785229682922363e+00,1.349475502967834473e+00,1.346591234207153320e+00,1.344127774238586426e+00,1.342081427574157715e+00,1.340448856353759766e+00,1.339228034019470215e+00,1.338416576385498047e+00,1.338013410568237305e+00,1.338017940521240234e+00,1.338430047035217285e+00,1.339250445365905762e+00,1.340480566024780273e+00,1.342122197151184082e+00,1.344177722930908203e+00,1.346650481224060059e+00,1.349544048309326172e+00,1.352863192558288574e+00,1.356612920761108398e+00,1.360798835754394531e+00,1.365428566932678223e+00,1.370508193969726562e+00,1.376046657562255859e+00,1.382052898406982422e+00,1.388536453247070312e+00,1.395508050918579102e+00,1.402979850769042969e+00,1.410964012145996094e+00,1.419474601745605469e+00,1.428526282310485840e+00,1.438135266304016113e+00,1.448317646980285645e+00,1.459093689918518066e+00,1.470481991767883301e+00,1.482505321502685547e+00,1.495185375213623047e+00,1.508548140525817871e+00,1.522619605064392090e+00,1.537429094314575195e+00,1.553006887435913086e+00,1.569386959075927734e+00,1.586604237556457520e+00,1.604697704315185547e+00,1.623709201812744141e+00,1.643683314323425293e+00,1.664668321609497070e+00,1.686715960502624512e+00,1.709883928298950195e+00,1.687316775321960449e+00,1.652003765106201172e+00,1.618732929229736328e+00,1.587283015251159668e+00,1.557321548461914062e+00,1.529008984565734863e+00,1.502155184745788574e+00,1.477057576179504395e+00,1.453220844268798828e+00,1.430569529533386230e+00,1.409036278724670410e+00,1.388558506965637207e+00,1.369078159332275391e+00,1.350542545318603516e+00,1.332903146743774414e+00,1.316114068031311035e+00,1.300133585929870605e+00,1.284923076629638672e+00,1.270447492599487305e+00,1.256672620773315430e+00,1.243568062782287598e+00,1.231104969978332520e+00,1.219257116317749023e+00,1.207999348640441895e+00,1.197309136390686035e+00,1.187165021896362305e+00,1.177546858787536621e+00,1.168436169624328613e+00,1.159816384315490723e+00,1.151670932769775391e+00,1.143984913825988770e+00,1.136744856834411621e+00,1.129938006401062012e+00,1.123552441596984863e+00,1.117576956748962402e+00,1.112001776695251465e+00,1.106817245483398438e+00,1.102015376091003418e+00,1.097587347030639648e+00,1.093526840209960938e+00,1.089826941490173340e+00,1.086481928825378418e+00,1.083486318588256836e+00,1.080835461616516113e+00,1.078525424003601074e+00,1.076552391052246094e+00,1.074913263320922852e+00,1.073605656623840332e+00,1.072627782821655273e+00,1.071977972984313965e+00,1.071655035018920898e+00,esquerda
5.969533920288085938e+00,5.971372604370117188e+00,5.975032806396484375e+00,5.980520725250244141e+00,5.987844944000244141e+00,5.997015953063964844e+00,6.008047580718994141e+00,6.020957469940185547e+00,6.035765171051025391e+00,6.052495002746582031e+00,6.071171760559082031e+00,6.091825485229492188e+00,6.084876060485839844e+00,5.748471736907958984e+00,5.357360363006591797e+00,5.017838478088378906e+00,4.720480918884277344e+00,4.458978176116943359e+00,4.225936412811279297e+00,4.016383647918701172e+00,3.827798128128051758e+00,3.657355308532714844e+00,3.501540422439575195e+00,3.359218835830688477e+00,3.230294466018676758e+00,3.111365556716918945e+00,3.001416921615600586e+00,2.899178028106689453e+00,2.805609941482543945e+00,2.718342065811157227e+00,2.636473655700683594e+00,2.560873508453369141e+00,2.489783763885498047e+00,2.423073530197143555e+00,2.361002922058105469e+00,2.302083015441894531e+00,2.247418403625488281e+00,2.195312261581420898e+00,2.146421432495117188e+00,2.100317239761352539e+00,2.056473016738891602e+00,2.015169382095336914e+00,1.976131796836853027e+00,1.938946962356567383e+00,1.903814435005187988e+00,1.870480537414550781e+00,1.839229702949523926e+00,1.809547901153564453e+00,1.781342625617980957e+00,1.754529476165771484e+00,1.729030132293701172e+00,1.704773664474487305e+00,1.681693315505981445e+00,1.659728646278381348e+00,1.638823032379150391e+00,1.618924260139465332e+00,1.599984288215637207e+00,1.581959009170532227e+00,1.564806818962097168e+00,1.548488736152648926e+00,1.532970190048217773e+00,1.518216967582702637e+00,1.504199028015136719e+00,1.490887522697448730e+00,1.478256225585937500e+00,1.466279625892639160e+00,1.454935431480407715e+00,1.444202065467834473e+00,1.434059143066406250e+00,1.424488544464111328e+00,1.415473461151123047e+00,1.406997561454772949e+00,1.399046301841735840e+00,1.391605734825134277e+00,1.384663462638854980e+00,1.378207921981811523e+00,1.372228145599365234e+00,1.366714954376220703e+00,1.361658930778503418e+00,1.357051610946655273e+00,1.352886319160461426e+00,1.349156379699707031e+00,1.345855593681335449e+00,1.342979192733764648e+00,1.340522170066833496e+00,1.338481307029724121e+00,1.336853146553039551e+00,1.335635662078857422e+00,1.334826350212097168e+00,1.334424376487731934e+00,1.334428787231445312e+00,1.334839820861816406e+00,1.335658073425292969e+00,1.336884737014770508e+00,1.338521957397460938e+00,1.340571999549865723e+00,1.343038082122802734e+00,1.345924019813537598e+00,1.349234223365783691e+00,1.352973818778991699e+00,1.357148647308349609e+00,1.361765980720520020e+00,1.366832017898559570e+00,1.372355699539184570e+00,1.378345727920532227e+00,1.384811878204345703e+00,1.391764998435974121e+00,1.399216532707214355e+00,1.407179474830627441e+00,1.415667057037353516e+00,1.424694657325744629e+00,1.434277534484863281e+00,1.444433093070983887e+00,1.455179929733276367e+00,1.466537833213806152e+00,1.478528976440429688e+00,1.491174817085266113e+00,1.504501819610595703e+00,1.518535733222961426e+00,1.533305525779724121e+00,1.548841595649719238e+00,1.565177440643310547e+00,1.582348704338073730e+00,1.600393533706665039e+00,1.619354248046875000e+00,1.639274835586547852e+00,1.660203337669372559e+00,1.682191967964172363e+00,1.705297946929931641e+00,1.687252163887023926e+00,1.651940941810607910e+00,1.618671774864196777e+00,1.587223649024963379e+00,1.557263493537902832e+00,1.528952717781066895e+00,1.502153754234313965e+00,1.477056145668029785e+00,1.453219413757324219e+00,1.430568099021911621e+00,1.409034609794616699e+00,1.388556957244873047e+00,1.369076609611511230e+00,1.350540995597839355e+00,1.332901716232299805e+00,1.316112399101257324e+00,1.300132155418395996e+00,1.284921646118164062e+00,1.270445942878723145e+00,1.256671071052551270e+00,1.243566393852233887e+00,1.231103420257568359e+00,1.219255447387695312e+00,1.207997679710388184e+00,1.197307467460632324e+00,1.187163472175598145e+00,1.177545189857482910e+00,1.168434739112854004e+00,1.159814834594726562e+00,1.151669383049011230e+00,1.143983364105224609e+00,1.136743187904357910e+00,1.129936575889587402e+00,1.123550772666931152e+00,1.117575407028198242e+00,1.112000107765197754e+00,1.106815695762634277e+00,1.102013826370239258e+00,1.097585916519165039e+00,1.093525409698486328e+00,1.089825272560119629e+00,1.086480140686035156e+00,1.083484768867492676e+00,1.080833911895751953e+00,1.078523755073547363e+00,1.076550841331481934e+00,1.074911713600158691e+00,1.073604106903076172e+00,1.072626113891601562e+00,1.071976423263549805e+00,1.071653485298156738e+00,esquerda
5.969534397125244141e+00,5.971373081207275391e+00,5.975033283233642578e+00,5.980521202087402344e+00,5.987845420837402344e+00,5.997016429901123047e+00,6.008048057556152344e+00,6.020957946777343750e+00,6.035766124725341797e+00,6.052495479583740234e+00,6.071172237396240234e+00,6.091825962066650391e+00,6.072860717773437500e+00,5.733174800872802734e+00,5.343039035797119141e+00,5.004372119903564453e+00,4.707767963409423828e+00,4.446932792663574219e+00,4.214488983154296875e+00,4.005476474761962891e+00,3.817379236221313477e+00,3.647394418716430664e+00,3.492010354995727539e+00,3.350081682205200195e+00,3.221512556076049805e+00,3.102911233901977539e+00,2.993265151977539062e+00,2.891306877136230469e+00,2.797995805740356445e+00,2.710966587066650391e+00,2.629322528839111328e+00,2.553929567337036133e+00,2.483034133911132812e+00,2.416506290435791016e+00,2.354604959487915039e+00,2.295845746994018555e+00,2.241329908370971680e+00,2.189365625381469727e+00,2.140607833862304688e+00,2.094629049301147461e+00,2.050903797149658203e+00,2.009712219238281250e+00,1.970780372619628906e+00,1.933696389198303223e+00,1.898658990859985352e+00,1.865448594093322754e+00,1.834281682968139648e+00,1.804679751396179199e+00,1.776550292968750000e+00,1.749809145927429199e+00,1.724378585815429688e+00,1.700187087059020996e+00,1.677168965339660645e+00,1.655263304710388184e+00,1.634413957595825195e+00,1.614568591117858887e+00,1.595679640769958496e+00,1.577702879905700684e+00,1.560596942901611328e+00,1.544322848320007324e+00,1.528845787048339844e+00,1.514132380485534668e+00,1.500151991844177246e+00,1.486876487731933594e+00,1.474279046058654785e+00,1.462334752082824707e+00,1.451020956039428711e+00,1.440316200256347656e+00,1.430200815200805664e+00,1.420655965805053711e+00,1.411665201187133789e+00,1.403212070465087891e+00,1.395282149314880371e+00,1.387861609458923340e+00,1.380937933921813965e+00,1.374499559402465820e+00,1.368536114692687988e+00,1.363037705421447754e+00,1.357995152473449707e+00,1.353400349617004395e+00,1.349246263504028320e+00,1.345526218414306641e+00,1.342234373092651367e+00,1.339365601539611816e+00,1.336915373802185059e+00,1.334879994392395020e+00,1.333256244659423828e+00,1.332041859626770020e+00,1.331234693527221680e+00,1.330833792686462402e+00,1.330838203430175781e+00,1.331248044967651367e+00,1.332064151763916016e+00,1.333287596702575684e+00,1.334920525550842285e+00,1.336964964866638184e+00,1.339424371719360352e+00,1.342302560806274414e+00,1.345603823661804199e+00,1.349333405494689941e+00,1.353496909141540527e+00,1.358101725578308105e+00,1.363154172897338867e+00,1.368662953376770020e+00,1.374636888504028320e+00,1.381085634231567383e+00,1.388019919395446777e+00,1.395451545715332031e+00,1.403393030166625977e+00,1.411857724189758301e+00,1.420860886573791504e+00,1.430418133735656738e+00,1.440546274185180664e+00,1.451264142990112305e+00,1.462591528892517090e+00,1.474550247192382812e+00,1.487162113189697266e+00,1.500453114509582520e+00,1.514449477195739746e+00,1.529179334640502930e+00,1.544673562049865723e+00,1.560965657234191895e+00,1.578090786933898926e+00,1.596086978912353516e+00,1.614996552467346191e+00,1.634863376617431641e+00,1.655735731124877930e+00,1.677665114402770996e+00,1.700708985328674316e+00,1.687280654907226562e+00,1.651967883110046387e+00,1.618697643280029297e+00,1.587247967720031738e+00,1.557286500930786133e+00,1.528974413871765137e+00,1.502152681350708008e+00,1.477055191993713379e+00,1.453218340873718262e+00,1.430567145347595215e+00,1.409033894538879395e+00,1.388556003570556641e+00,1.369075894355773926e+00,1.350540041923522949e+00,1.332900762557983398e+00,1.316111564636230469e+00,1.300131201744079590e+00,1.284920811653137207e+00,1.270445108413696289e+00,1.256670355796813965e+00,1.243565559387207031e+00,1.231102705001831055e+00,1.219254612922668457e+00,1.207996845245361328e+00,1.197306752204895020e+00,1.187162637710571289e+00,1.177544474601745605e+00,1.168434023857116699e+00,1.159814000129699707e+00,1.151668548583984375e+00,1.143982648849487305e+00,1.136742591857910156e+00,1.129935741424560547e+00,1.123550057411193848e+00,1.117574691772460938e+00,1.111999392509460449e+00,1.106814980506896973e+00,1.102012991905212402e+00,1.097585082054138184e+00,1.093524694442749023e+00,1.089824557304382324e+00,1.086479425430297852e+00,1.083484053611755371e+00,1.080833196640014648e+00,1.078522920608520508e+00,1.076550126075744629e+00,1.074910879135131836e+00,1.073603391647338867e+00,1.072625398635864258e+00,1.071975588798522949e+00,1.071652770042419434e+00,esquerda
5.969534873962402344e+00,5.971373558044433594e+00,5.975033760070800781e+00,5.980522155761718750e+00,5.987845897674560547e+00,5.997016906738281250e+00,6.008048534393310547e+00,6.020958423614501953e+00,6.035766601562500000e+00,6.052495956420898438e+00,6.071172714233398438e+00,6.091826438903808594e+00,6.061268329620361328e+00,5.718480110168457031e+00,5.329354286193847656e+00,4.991561412811279297e+00,4.695722579956054688e+00,4.435559272766113281e+00,4.203713893890380859e+00,3.995238780975341797e+00,3.807624578475952148e+00,3.638061523437500000e+00,3.483051538467407227e+00,3.341466426849365234e+00,3.213209390640258789e+00,3.094897747039794922e+00,2.985519886016845703e+00,2.883811950683593750e+00,2.790730237960815430e+00,2.703916311264038086e+00,2.622473955154418945e+00,2.547267436981201172e+00,2.476548194885253906e+00,2.410185575485229492e+00,2.348438501358032227e+00,2.289826154708862305e+00,2.235446214675903320e+00,2.183611869812011719e+00,2.134976387023925781e+00,2.089112758636474609e+00,2.045496940612792969e+00,2.004408597946166992e+00,1.965574383735656738e+00,1.928583264350891113e+00,1.893633842468261719e+00,1.860415339469909668e+00,1.829332470893859863e+00,1.799810528755187988e+00,1.771757006645202637e+00,1.745087981224060059e+00,1.719726085662841797e+00,1.695599913597106934e+00,1.672643780708312988e+00,1.650797247886657715e+00,1.630004167556762695e+00,1.610212445259094238e+00,1.591374158859252930e+00,1.573446154594421387e+00,1.556386470794677734e+00,1.540156006813049316e+00,1.524720907211303711e+00,1.510047078132629395e+00,1.496104598045349121e+00,1.482864618301391602e+00,1.470301270484924316e+00,1.458389043807983398e+00,1.447106122970581055e+00,1.436430096626281738e+00,1.426342129707336426e+00,1.416823029518127441e+00,1.407856225967407227e+00,1.399425983428955078e+00,1.391517519950866699e+00,1.384117007255554199e+00,1.377212166786193848e+00,1.370791077613830566e+00,1.364843726158142090e+00,1.359359979629516602e+00,1.354331135749816895e+00,1.349748730659484863e+00,1.345605731010437012e+00,1.341895937919616699e+00,1.338612914085388184e+00,1.335751771926879883e+00,1.333308219909667969e+00,1.331278324127197266e+00,1.329658865928649902e+00,1.328447818756103516e+00,1.327642917633056641e+00,1.327242970466613770e+00,1.327247500419616699e+00,1.327656269073486328e+00,1.328470110893249512e+00,1.329690337181091309e+00,1.331318736076354980e+00,1.333357691764831543e+00,1.335810422897338867e+00,1.338680744171142578e+00,1.341973423957824707e+00,1.345692753791809082e+00,1.349845051765441895e+00,1.354437470436096191e+00,1.359476327896118164e+00,1.364970088005065918e+00,1.370927929878234863e+00,1.377359509468078613e+00,1.384274959564208984e+00,1.391686677932739258e+00,1.399606347084045410e+00,1.408048391342163086e+00,1.417027354240417480e+00,1.426558732986450195e+00,1.436659455299377441e+00,1.447348594665527344e+00,1.458645462989807129e+00,1.470571756362915039e+00,1.483149647712707520e+00,1.496404886245727539e+00,1.510363340377807617e+00,1.525053501129150391e+00,1.540505886077880859e+00,1.556754112243652344e+00,1.573832869529724121e+00,1.591780662536621094e+00,1.610639214515686035e+00,1.630452394485473633e+00,1.651268482208251953e+00,1.673138618469238281e+00,1.696120262145996094e+00,1.687307834625244141e+00,1.651993632316589355e+00,1.618721842765808105e+00,1.587271094322204590e+00,1.557308554649353027e+00,1.528995513916015625e+00,1.502151012420654297e+00,1.477053523063659668e+00,1.453216791152954102e+00,1.430565595626831055e+00,1.409032344818115234e+00,1.388554453849792480e+00,1.369074344635009766e+00,1.350538730621337891e+00,1.332899451255798340e+00,1.316110491752624512e+00,1.300130009651184082e+00,1.284919500350952148e+00,1.270443916320800781e+00,1.256669282913208008e+00,1.243564486503601074e+00,1.231101512908935547e+00,1.219253659248352051e+00,1.207995772361755371e+00,1.197305798530578613e+00,1.187161684036254883e+00,1.177543401718139648e+00,1.168433070182800293e+00,1.159813165664672852e+00,1.151667714118957520e+00,1.143981695175170898e+00,1.136741638183593750e+00,1.129934787750244141e+00,1.123549222946166992e+00,1.117573857307434082e+00,1.111998558044433594e+00,1.106814146041870117e+00,1.102012157440185547e+00,1.097584247589111328e+00,1.093523859977722168e+00,1.089823842048645020e+00,1.086478710174560547e+00,1.083483338356018066e+00,1.080832481384277344e+00,1.078522205352783203e+00,1.076549410820007324e+00,1.074910283088684082e+00,1.073602676391601562e+00,1.072624683380126953e+00,1.071974992752075195e+00,1.071652054786682129e+00,esquerda
5.969534397125244141e+00,5.971373558044433594e+00,5.975033283233642578e+00,5.980521678924560547e+00,5.987845420837402344e+00,5.997016429901123047e+00,6.008048057556152344e+00,6.020957946777343750e+00,6.035765647888183594e+00,6.052495479583740234e+00,6.071172714233398438e+00,6.091826915740966797e+00,6.048750877380371094e+00,5.702629089355468750e+00,5.314609527587890625e+00,4.977773666381835938e+00,4.682770252227783203e+00,4.423339366912841797e+00,4.192144870758056641e+00,3.984253883361816406e+00,3.797165155410766602e+00,3.628075838088989258e+00,3.473499298095703125e+00,3.332308530807495117e+00,3.204408884048461914e+00,3.086425781250000000e+00,2.977351427078247070e+00,2.875925779342651367e+00,2.783102035522460938e+00,2.696527957916259766e+00,2.615310907363891602e+00,2.540311813354492188e+00,2.469787359237670898e+00,2.403607606887817383e+00,2.342030763626098633e+00,2.283579349517822266e+00,2.229348897933959961e+00,2.177656888961791992e+00,2.129154682159423828e+00,2.083416938781738281e+00,2.039920568466186523e+00,1.998944759368896484e+00,1.960216641426086426e+00,1.923326611518859863e+00,1.888472676277160645e+00,1.855383396148681641e+00,1.824384808540344238e+00,1.794942617416381836e+00,1.766965031623840332e+00,1.740368247032165527e+00,1.715074777603149414e+00,1.691013932228088379e+00,1.668120026588439941e+00,1.646332621574401855e+00,1.625595688819885254e+00,1.605857372283935547e+00,1.587070345878601074e+00,1.569190740585327148e+00,1.552176952362060547e+00,1.535990595817565918e+00,1.520597338676452637e+00,1.505963087081909180e+00,1.492058396339416504e+00,1.478854179382324219e+00,1.466324925422668457e+00,1.454444885253906250e+00,1.443192481994628906e+00,1.432545423507690430e+00,1.422484517097473145e+00,1.412991285324096680e+00,1.404048919677734375e+00,1.395641326904296875e+00,1.387754440307617188e+00,1.380373835563659668e+00,1.373487472534179688e+00,1.367084264755249023e+00,1.361152648925781250e+00,1.355683922767639160e+00,1.350668549537658691e+00,1.346098661422729492e+00,1.341966867446899414e+00,1.338266968727111816e+00,1.334992885589599609e+00,1.332139611244201660e+00,1.329702615737915039e+00,1.327678084373474121e+00,1.326063156127929688e+00,1.324855446815490723e+00,1.324052691459655762e+00,1.323653936386108398e+00,1.323658347129821777e+00,1.324066162109375000e+00,1.324877738952636719e+00,1.326094627380371094e+00,1.327718615531921387e+00,1.329752087593078613e+00,1.332198262214660645e+00,1.335060954093933105e+00,1.338344454765319824e+00,1.342053771018981934e+00,1.346195101737976074e+00,1.350774884223937988e+00,1.355800151824951172e+00,1.361279129981994629e+00,1.367220759391784668e+00,1.373634934425354004e+00,1.380531787872314453e+00,1.387923359870910645e+00,1.395821809768676758e+00,1.404241204261779785e+00,1.413195610046386719e+00,1.422701358795166016e+00,1.432774782180786133e+00,1.443434834480285645e+00,1.454701304435729980e+00,1.466595411300659180e+00,1.479139208793640137e+00,1.492358565330505371e+00,1.506279468536376953e+00,1.520929813385009766e+00,1.536340355873107910e+00,1.552544593811035156e+00,1.569577217102050781e+00,1.587476611137390137e+00,1.606284022331237793e+00,1.626043677330017090e+00,1.646803736686706543e+00,1.668614625930786133e+00,1.691534042358398438e+00,1.687334418296813965e+00,1.652019023895263672e+00,1.618745923042297363e+00,1.587293863296508789e+00,1.557330369949340820e+00,1.529016017913818359e+00,1.502150774002075195e+00,1.477053403854370117e+00,1.453216433525085449e+00,1.430565237998962402e+00,1.409031987190246582e+00,1.388554215431213379e+00,1.369073987007141113e+00,1.350538253784179688e+00,1.332898974418640137e+00,1.316109895706176758e+00,1.300129532814025879e+00,1.284919023513793945e+00,1.270443439483642578e+00,1.256668686866760254e+00,1.243564009666442871e+00,1.231101036071777344e+00,1.219252943992614746e+00,1.207995295524597168e+00,1.197305202484130859e+00,1.187161087989807129e+00,1.177542924880981445e+00,1.168432593345642090e+00,1.159812450408935547e+00,1.151667118072509766e+00,1.143981218338012695e+00,1.136741042137145996e+00,1.129934430122375488e+00,1.123548507690429688e+00,1.117573499679565430e+00,1.111997961997985840e+00,1.106813788414001465e+00,1.102011561393737793e+00,1.097583651542663574e+00,1.093523263931274414e+00,1.089823246002197266e+00,1.086478114128112793e+00,1.083482623100280762e+00,1.080831766128540039e+00,1.078521490097045898e+00,1.076548695564270020e+00,1.074909567832946777e+00,1.073601961135864258e+00,1.072624087333679199e+00,1.071974277496337891e+00,1.071651220321655273e+00,esquerda
5.969536781311035156e+00,5.971375465393066406e+00,5.975035667419433594e+00,5.980523586273193359e+00,5.987847328186035156e+00,5.997018337249755859e+00,6.008050441741943359e+00,6.020960330963134766e+00,6.035768508911132812e+00,6.052497386932373047e+00,6.071174621582031250e+00,6.091828346252441406e+00,6.036271095275878906e+00,5.686823844909667969e+00,5.299905776977539062e+00,4.964024066925048828e+00,4.669852733612060547e+00,4.411152362823486328e+00,4.180606842041015625e+00,3.973298549652099609e+00,3.786732435226440430e+00,3.618115186691284180e+00,3.463969230651855469e+00,3.323171615600585938e+00,3.195626974105834961e+00,3.077971458435058594e+00,2.969199657440185547e+00,2.868054151535034180e+00,2.775487422943115234e+00,2.689152717590332031e+00,2.608159780502319336e+00,2.533367633819580078e+00,2.463037490844726562e+00,2.397040128707885742e+00,2.335632324218750000e+00,2.277341842651367188e+00,2.223260402679443359e+00,2.171710491180419922e+00,2.123340845108032227e+00,2.077728271484375000e+00,2.034351110458374023e+00,1.993487358093261719e+00,1.954865217208862305e+00,1.918075919151306152e+00,1.883316993713378906e+00,1.850350618362426758e+00,1.819435954093933105e+00,1.790073871612548828e+00,1.762172102928161621e+00,1.735647201538085938e+00,1.710422277450561523e+00,1.686426877975463867e+00,1.663595080375671387e+00,1.641866683959960938e+00,1.621186017990112305e+00,1.601501226425170898e+00,1.582765102386474609e+00,1.564934015274047852e+00,1.547966361045837402e+00,1.531823992729187012e+00,1.516472220420837402e+00,1.501877784729003906e+00,1.488010644912719727e+00,1.474842548370361328e+00,1.462347030639648438e+00,1.450499296188354492e+00,1.439277291297912598e+00,1.428659200668334961e+00,1.418625593185424805e+00,1.409158110618591309e+00,1.400240063667297363e+00,1.391855239868164062e+00,1.383989572525024414e+00,1.376628994941711426e+00,1.369761466979980469e+00,1.363375306129455566e+00,1.357460021972656250e+00,1.352005958557128906e+00,1.347004294395446777e+00,1.342446804046630859e+00,1.338326215744018555e+00,1.334636330604553223e+00,1.331371068954467773e+00,1.328525543212890625e+00,1.326095104217529297e+00,1.324076175689697266e+00,1.322465538978576660e+00,1.321260929107666016e+00,1.320460319519042969e+00,1.320062637329101562e+00,1.320067167282104492e+00,1.320473790168762207e+00,1.321283340454101562e+00,1.322496652603149414e+00,1.324116230010986328e+00,1.326144337654113770e+00,1.328583717346191406e+00,1.331438779830932617e+00,1.334713339805603027e+00,1.338412642478942871e+00,1.342542529106140137e+00,1.347110033035278320e+00,1.352121591567993164e+00,1.357585668563842773e+00,1.363511323928833008e+00,1.369907975196838379e+00,1.376786112785339355e+00,1.384157538414001465e+00,1.392034769058227539e+00,1.400430917739868164e+00,1.409361243247985840e+00,1.418841242790222168e+00,1.428887248039245605e+00,1.439518451690673828e+00,1.450754284858703613e+00,1.462616086006164551e+00,1.475125908851623535e+00,1.488309621810913086e+00,1.502192378044128418e+00,1.516803145408630371e+00,1.532171726226806641e+00,1.548332214355468750e+00,1.565318703651428223e+00,1.583169221878051758e+00,1.601925611495971680e+00,1.621631860733032227e+00,1.642335295677185059e+00,1.664087057113647461e+00,1.686944246292114258e+00,1.687266826629638672e+00,1.651953458786010742e+00,1.618682265281677246e+00,1.587232232093811035e+00,1.557270288467407227e+00,1.528957605361938477e+00,1.502149939537048340e+00,1.477052330970764160e+00,1.453215599060058594e+00,1.430564522743225098e+00,1.409031033515930176e+00,1.388553380966186523e+00,1.369073271751403809e+00,1.350537538528442383e+00,1.332898259162902832e+00,1.316109061241149902e+00,1.300128817558288574e+00,1.284918308258056641e+00,1.270442724227905273e+00,1.256667971611022949e+00,1.243563175201416016e+00,1.231100320816040039e+00,1.219252347946166992e+00,1.207994580268859863e+00,1.197304487228393555e+00,1.187160372734069824e+00,1.177542209625244141e+00,1.168431758880615234e+00,1.159811854362487793e+00,1.151666402816772461e+00,1.143980503082275391e+00,1.136740446090698242e+00,1.129933595657348633e+00,1.123547911643981934e+00,1.117572784423828125e+00,1.111997365951538086e+00,1.106813073158264160e+00,1.102010965347290039e+00,1.097583055496215820e+00,1.093522667884826660e+00,1.089822649955749512e+00,1.086477518081665039e+00,1.083482027053833008e+00,1.080831170082092285e+00,1.078521013259887695e+00,1.076548099517822266e+00,1.074908971786499023e+00,1.073601365089416504e+00,1.072623372077941895e+00,1.071973562240600586e+00,1.071650624275207520e+00,esquerda
5.969537258148193359e+00,5.971375942230224609e+00,5.975036144256591797e+00,5.980524063110351562e+00,5.987848281860351562e+00,5.997019290924072266e+00,6.008050918579101562e+00,6.020960807800292969e+00,6.035768985748291016e+00,6.052497863769531250e+00,6.071175098419189453e+00,6.091828823089599609e+00,6.025120258331298828e+00,5.672611236572265625e+00,5.286581993103027344e+00,4.951480865478515625e+00,4.657999038696289062e+00,4.399910926818847656e+00,4.169915199279785156e+00,3.963103771209716797e+00,3.776988029479980469e+00,3.608778476715087891e+00,3.455007076263427734e+00,3.314553260803222656e+00,3.187321424484252930e+00,3.069955348968505859e+00,2.961451530456542969e+00,2.860557317733764648e+00,2.768219709396362305e+00,2.682099580764770508e+00,2.601308822631835938e+00,2.526703596115112305e+00,2.456549644470214844e+00,2.390717744827270508e+00,2.329464435577392578e+00,2.271320343017578125e+00,2.217375040054321289e+00,2.165955066680908203e+00,2.117707729339599609e+00,2.072210311889648438e+00,2.028942823410034180e+00,1.988182425498962402e+00,1.949657917022705078e+00,1.912961721420288086e+00,1.878290653228759766e+00,1.845318078994750977e+00,1.814487576484680176e+00,1.785205006599426270e+00,1.757379055023193359e+00,1.730926752090454102e+00,1.705770492553710938e+00,1.681840300559997559e+00,1.659070611000061035e+00,1.637401103973388672e+00,1.616776704788208008e+00,1.597145676612854004e+00,1.578460574150085449e+00,1.560677886009216309e+00,1.543756484985351562e+00,1.527657985687255859e+00,1.512347936630249023e+00,1.497793316841125488e+00,1.483963847160339355e+00,1.470831513404846191e+00,1.458370089530944824e+00,1.446554660797119141e+00,1.435363054275512695e+00,1.424773931503295898e+00,1.414767622947692871e+00,1.405325889587402344e+00,1.396431922912597656e+00,1.388069987297058105e+00,1.380225777626037598e+00,1.372885346412658691e+00,1.366036415100097656e+00,1.359667658805847168e+00,1.353768348693847656e+00,1.348329305648803711e+00,1.343341112136840820e+00,1.338796019554138184e+00,1.334686636924743652e+00,1.331006765365600586e+00,1.327750563621520996e+00,1.324912667274475098e+00,1.322488903999328613e+00,1.320475459098815918e+00,1.318869352340698242e+00,1.317668080329895020e+00,1.316869616508483887e+00,1.316472887992858887e+00,1.316477298736572266e+00,1.316882967948913574e+00,1.317690253257751465e+00,1.318900346755981445e+00,1.320515632629394531e+00,1.322538256645202637e+00,1.324971079826354980e+00,1.327818155288696289e+00,1.331083774566650391e+00,1.334773182868957520e+00,1.338891863822937012e+00,1.343446850776672363e+00,1.348444819450378418e+00,1.353894233703613281e+00,1.359803557395935059e+00,1.366182923316955566e+00,1.373042345046997070e+00,1.380393743515014648e+00,1.388249635696411133e+00,1.396623015403747559e+00,1.405529022216796875e+00,1.414983153343200684e+00,1.425001859664916992e+00,1.435604214668273926e+00,1.446809411048889160e+00,1.458639025688171387e+00,1.471114993095397949e+00,1.484262704849243164e+00,1.498107790946960449e+00,1.512678742408752441e+00,1.528005838394165039e+00,1.544122099876403809e+00,1.561062335968017578e+00,1.578864455223083496e+00,1.597570061683654785e+00,1.617222428321838379e+00,1.637869715690612793e+00,1.659562349319458008e+00,1.682357907295227051e+00,1.687244057655334473e+00,1.651933431625366211e+00,1.618665099143981934e+00,1.587217569351196289e+00,1.557257890701293945e+00,1.528947591781616211e+00,1.502148032188415527e+00,1.477050781250000000e+00,1.453213810920715332e+00,1.430562853813171387e+00,1.409029483795166016e+00,1.388551712036132812e+00,1.369071841239929199e+00,1.350536227226257324e+00,1.332896947860717773e+00,1.316107749938964844e+00,1.300127387046813965e+00,1.284916996955871582e+00,1.270441412925720215e+00,1.256666541099548340e+00,1.243562102317810059e+00,1.231099128723144531e+00,1.219251155853271484e+00,1.207993388175964355e+00,1.197303414344787598e+00,1.187159180641174316e+00,1.177541017532348633e+00,1.168430805206298828e+00,1.159810781478881836e+00,1.151665329933166504e+00,1.143979430198669434e+00,1.136739373207092285e+00,1.129932641983032227e+00,1.123546957969665527e+00,1.117571830749511719e+00,1.111996293067932129e+00,1.106812119483947754e+00,1.102010011672973633e+00,1.097582221031188965e+00,1.093521833419799805e+00,1.089821815490722656e+00,1.086476683616638184e+00,1.083481192588806152e+00,1.080830335617065430e+00,1.078520178794860840e+00,1.076547265052795410e+00,1.074908137321472168e+00,1.073600649833679199e+00,1.072622656822204590e+00,1.071972846984863281e+00,1.071649909019470215e+00,esquerda
5.969536781311035156e+00,5.971375465393066406e+00,5.975035667419433594e+00,5.980523586273193359e+00,5.987847805023193359e+00,5.997018814086914062e+00,6.008050441741943359e+00,6.020960330963134766e+00,6.035768032073974609e+00,6.052497863769531250e+00,6.071175098419189453e+00,6.091828823089599609e+00,6.012639045715332031e+00,5.656805515289306641e+00,5.271879196166992188e+00,4.937730789184570312e+00,4.645081996917724609e+00,4.387723922729492188e+00,4.158377647399902344e+00,3.952148199081420898e+00,3.766555547714233398e+00,3.598818063735961914e+00,3.445477485656738281e+00,3.305416345596313477e+00,3.178539991378784180e+00,3.061501502990722656e+00,2.953300237655639648e+00,2.852686643600463867e+00,2.760605812072753906e+00,2.674725055694580078e+00,2.594158649444580078e+00,2.519760370254516602e+00,2.449800491333007812e+00,2.384150743484497070e+00,2.323066949844360352e+00,2.265083312988281250e+00,2.211287260055541992e+00,2.160008668899536133e+00,2.111894607543945312e+00,2.066522359848022461e+00,2.023374080657958984e+00,1.982725739479064941e+00,1.944306969642639160e+00,1.907711505889892578e+00,1.873135566711425781e+00,1.840287089347839355e+00,1.809540510177612305e+00,1.780337929725646973e+00,1.752587914466857910e+00,1.726207494735717773e+00,1.701119780540466309e+00,1.677254676818847656e+00,1.654547214508056641e+00,1.632936835289001465e+00,1.612368822097778320e+00,1.592791199684143066e+00,1.574156761169433594e+00,1.556422710418701172e+00,1.539547324180603027e+00,1.523492932319641113e+00,1.508224725723266602e+00,1.493709564208984375e+00,1.479917764663696289e+00,1.466821193695068359e+00,1.454393863677978516e+00,1.442610502243041992e+00,1.431449294090270996e+00,1.420889139175415039e+00,1.410910129547119141e+00,1.401494026184082031e+00,1.392624378204345703e+00,1.384285330772399902e+00,1.376462340354919434e+00,1.369141936302185059e+00,1.362311720848083496e+00,1.355960369110107422e+00,1.350077152252197266e+00,1.344652891159057617e+00,1.339678287506103516e+00,1.335145711898803711e+00,1.331047415733337402e+00,1.327377557754516602e+00,1.324130058288574219e+00,1.321300148963928223e+00,1.318882822990417480e+00,1.316874861717224121e+00,1.315272927284240723e+00,1.314075112342834473e+00,1.313278913497924805e+00,1.312883257865905762e+00,1.312887668609619141e+00,1.313292264938354492e+00,1.314097285270690918e+00,1.315304160118103027e+00,1.316914796829223633e+00,1.318931698799133301e+00,1.321358203887939453e+00,1.324197530746459961e+00,1.327454209327697754e+00,1.331133246421813965e+00,1.335240960121154785e+00,1.339783430099487305e+00,1.344767808914184570e+00,1.350202322006225586e+00,1.356095671653747559e+00,1.362457513809204102e+00,1.369298100471496582e+00,1.376629710197448730e+00,1.384464025497436523e+00,1.392814636230468750e+00,1.401696324348449707e+00,1.411124467849731445e+00,1.421116113662719727e+00,1.431689500808715820e+00,1.442864060401916504e+00,1.454661488533020020e+00,1.467103362083435059e+00,1.480215072631835938e+00,1.494022488594055176e+00,1.508553743362426758e+00,1.523838877677917480e+00,1.539911389350891113e+00,1.556805253028869629e+00,1.574558973312377930e+00,1.593213438987731934e+00,1.612812280654907227e+00,1.633403182029724121e+00,1.655036687850952148e+00,1.677769780158996582e+00,1.687268137931823730e+00,1.651956439018249512e+00,1.618686914443969727e+00,1.587238192558288574e+00,1.557277798652648926e+00,1.528966307640075684e+00,1.502148509025573730e+00,1.477051258087158203e+00,1.453214406967163086e+00,1.430563211441040039e+00,1.409029841423034668e+00,1.388552188873291016e+00,1.369072198867797852e+00,1.350536465644836426e+00,1.332897186279296875e+00,1.316107988357543945e+00,1.300127744674682617e+00,1.284917354583740234e+00,1.270441651344299316e+00,1.256667017936706543e+00,1.243562340736389160e+00,1.231099367141723633e+00,1.219251513481140137e+00,1.207993745803833008e+00,1.197303652763366699e+00,1.187159538269042969e+00,1.177541494369506836e+00,1.168431162834167480e+00,1.159811019897460938e+00,1.151665806770324707e+00,1.143979787826538086e+00,1.136739730834960938e+00,1.129932999610900879e+00,1.123547315597534180e+00,1.117572069168090820e+00,1.111996650695800781e+00,1.106812357902526855e+00,1.102010369300842285e+00,1.097582459449768066e+00,1.093522071838378906e+00,1.089822053909301758e+00,1.086477041244506836e+00,1.083481550216674805e+00,1.080830574035644531e+00,1.078520417213439941e+00,1.076547622680664062e+00,1.074908494949340820e+00,1.073600888252258301e+00,1.072622895240783691e+00,1.071973204612731934e+00,1.071650266647338867e+00,esquerda
5.969538688659667969e+00,5.971377372741699219e+00,5.975037574768066406e+00,5.980525493621826172e+00,5.987849712371826172e+00,5.997020721435546875e+00,6.008052349090576172e+00,6.020962238311767578e+00,6.035770416259765625e+00,6.052499771118164062e+00,6.071176528930664062e+00,6.091830253601074219e+00,6.000161647796630859e+00,5.641003131866455078e+00,5.257177829742431641e+00,4.923983097076416016e+00,4.632166385650634766e+00,4.375538349151611328e+00,4.146840095520019531e+00,3.941193580627441406e+00,3.756123542785644531e+00,3.588857412338256836e+00,3.435947418212890625e+00,3.296279430389404297e+00,3.169758081436157227e+00,3.053046941757202148e+00,2.945148229598999023e+00,2.844815015792846680e+00,2.752991199493408203e+00,2.667349576950073242e+00,2.587007045745849609e+00,2.512815237045288086e+00,2.443050146102905273e+00,2.377582788467407227e+00,2.316668033599853516e+00,2.258845329284667969e+00,2.205197811126708984e+00,2.154061794281005859e+00,2.106080055236816406e+00,2.060833454132080078e+00,2.017804145812988281e+00,1.977267742156982422e+00,1.938954830169677734e+00,1.902460217475891113e+00,1.867979407310485840e+00,1.835255384445190430e+00,1.804592967033386230e+00,1.775470137596130371e+00,1.747796058654785156e+00,1.721487522125244141e+00,1.696468710899353027e+00,1.672668695449829102e+00,1.650023102760314941e+00,1.628472089767456055e+00,1.607959985733032227e+00,1.588435888290405273e+00,1.569852828979492188e+00,1.552167057991027832e+00,1.535338044166564941e+00,1.519327163696289062e+00,1.504100799560546875e+00,1.489625453948974609e+00,1.475871205329895020e+00,1.462810516357421875e+00,1.450417041778564453e+00,1.438666105270385742e+00,1.427535414695739746e+00,1.417004227638244629e+00,1.407052397727966309e+00,1.397662043571472168e+00,1.388816714286804199e+00,1.380500435829162598e+00,1.372698783874511719e+00,1.365398287773132324e+00,1.358586907386779785e+00,1.352252721786499023e+00,1.346385836601257324e+00,1.340976238250732422e+00,1.336015343666076660e+00,1.331494927406311035e+00,1.327408075332641602e+00,1.323748230934143066e+00,1.320509672164916992e+00,1.317687273025512695e+00,1.315276622772216797e+00,1.313274264335632324e+00,1.311676740646362305e+00,1.310482025146484375e+00,1.309687972068786621e+00,1.309293508529663086e+00,1.309298038482666016e+00,1.309701204299926758e+00,1.310504198074340820e+00,1.311707735061645508e+00,1.313314080238342285e+00,1.315325498580932617e+00,1.317745089530944824e+00,1.320576667785644531e+00,1.323824524879455566e+00,1.327493786811828613e+00,1.331589937210083008e+00,1.336120247840881348e+00,1.341091036796569824e+00,1.346510410308837891e+00,1.352387785911560059e+00,1.358732104301452637e+00,1.365554332733154297e+00,1.372865438461303711e+00,1.380678415298461914e+00,1.389006257057189941e+00,1.397863626480102539e+00,1.407266139984130859e+00,1.417230367660522461e+00,1.427774906158447266e+00,1.438918828964233398e+00,1.450684070587158203e+00,1.463091850280761719e+00,1.476167678833007812e+00,1.489937424659729004e+00,1.504428863525390625e+00,1.519672393798828125e+00,1.535700798034667969e+00,1.552548646926879883e+00,1.570253491401672363e+00,1.588857173919677734e+00,1.608402490615844727e+00,1.628936886787414551e+00,1.650511384010314941e+00,1.673182249069213867e+00,1.684576153755187988e+00,1.651978254318237305e+00,1.618707418441772461e+00,1.587257981300354004e+00,1.557296395301818848e+00,1.528984189033508301e+00,1.502146840095520020e+00,1.477049589157104492e+00,1.453212738037109375e+00,1.430561542510986328e+00,1.409028291702270508e+00,1.388550639152526855e+00,1.369070529937744141e+00,1.350534796714782715e+00,1.332895755767822266e+00,1.316106557846069336e+00,1.300126194953918457e+00,1.284915924072265625e+00,1.270440101623535156e+00,1.256665468215942383e+00,1.243560910224914551e+00,1.231097936630249023e+00,1.219249963760375977e+00,1.207992315292358398e+00,1.197302222251892090e+00,1.187158107757568359e+00,1.177540063858032227e+00,1.168429374694824219e+00,1.159809470176696777e+00,1.151664137840270996e+00,1.143978238105773926e+00,1.136738181114196777e+00,1.129931449890136719e+00,1.123545646667480469e+00,1.117570519447326660e+00,1.111995220184326172e+00,1.106810808181762695e+00,1.102008700370788574e+00,1.097580909729003906e+00,1.093520522117614746e+00,1.089820504188537598e+00,1.086475372314453125e+00,1.083479881286621094e+00,1.080829024314880371e+00,1.078518748283386230e+00,1.076545953750610352e+00,1.074906826019287109e+00,1.073599338531494141e+00,1.072621345520019531e+00,1.071971535682678223e+00,1.071648597717285156e+00,esquerda
5.969539165496826172e+00,5.971377849578857422e+00,5.975038051605224609e+00,5.980526447296142578e+00,5.987850666046142578e+00,5.997021198272705078e+00,6.008052825927734375e+00,6.020962715148925781e+00,6.035770893096923828e+00,6.052500247955322266e+00,6.071177005767822266e+00,6.091830730438232422e+00,5.987652778625488281e+00,5.625162124633789062e+00,5.242441654205322266e+00,4.910202503204345703e+00,4.619221210479736328e+00,4.363324165344238281e+00,4.135276794433593750e+00,3.930213928222656250e+00,3.745668172836303711e+00,3.578875780105590820e+00,3.426398515701293945e+00,3.287124872207641602e+00,3.160960674285888672e+00,3.044578075408935547e+00,2.936982631683349609e+00,2.836931705474853516e+00,2.745365142822265625e+00,2.659963130950927734e+00,2.579845905303955078e+00,2.505861997604370117e+00,2.436291456222534180e+00,2.371006727218627930e+00,2.310261964797973633e+00,2.252600431442260742e+00,2.199102640151977539e+00,2.148108482360839844e+00,2.100260257720947266e+00,2.055139303207397461e+00,2.012229204177856445e+00,1.971805214881896973e+00,1.933598637580871582e+00,1.897204756736755371e+00,1.862819433212280273e+00,1.830221056938171387e+00,1.799642682075500488e+00,1.770599722862243652e+00,1.743001818656921387e+00,1.716765522956848145e+00,1.691814899444580078e+00,1.668080449104309082e+00,1.645496964454650879e+00,1.624004840850830078e+00,1.603549480438232422e+00,1.584078788757324219e+00,1.565546393394470215e+00,1.547909498214721680e+00,1.531126499176025391e+00,1.515159606933593750e+00,1.499974846839904785e+00,1.485539078712463379e+00,1.471822857856750488e+00,1.458798050880432129e+00,1.446438550949096680e+00,1.434719681739807129e+00,1.423619747161865234e+00,1.413117289543151855e+00,1.403192758560180664e+00,1.393828153610229492e+00,1.385007023811340332e+00,1.376713514328002930e+00,1.368933320045471191e+00,1.361653089523315430e+00,1.354860067367553711e+00,1.348543524742126465e+00,1.342692375183105469e+00,1.337297916412353516e+00,1.332350492477416992e+00,1.327842593193054199e+00,1.323766946792602539e+00,1.320117235183715820e+00,1.316887259483337402e+00,1.314072728157043457e+00,1.311668872833251953e+00,1.309671878814697266e+00,1.308078765869140625e+00,1.306887388229370117e+00,1.306095361709594727e+00,1.305702090263366699e+00,1.305706501007080078e+00,1.306108713150024414e+00,1.306909322738647461e+00,1.308109521865844727e+00,1.309711575508117676e+00,1.311717510223388672e+00,1.314130544662475586e+00,1.316954374313354492e+00,1.320193290710449219e+00,1.323852300643920898e+00,1.327937245368957520e+00,1.332455158233642578e+00,1.337412238121032715e+00,1.342816829681396484e+00,1.348678112030029297e+00,1.355005145072937012e+00,1.361808419227600098e+00,1.369099617004394531e+00,1.376891255378723145e+00,1.385196089744567871e+00,1.394029259681701660e+00,1.403406023979187012e+00,1.413342714309692383e+00,1.423858404159545898e+00,1.434971809387207031e+00,1.446704745292663574e+00,1.459078550338745117e+00,1.472118616104125977e+00,1.485850334167480469e+00,1.500302314758300781e+00,1.515503764152526855e+00,1.531488299369812012e+00,1.548290014266967773e+00,1.565946459770202637e+00,1.584498763084411621e+00,1.603990435600280762e+00,1.624468803405761719e+00,1.645983815193176270e+00,1.668592572212219238e+00,1.681770443916320801e+00,1.651964783668518066e+00,1.618694305419921875e+00,1.587244749069213867e+00,1.557283401489257812e+00,1.528971314430236816e+00,1.502146005630493164e+00,1.477048635482788086e+00,1.453211903572082520e+00,1.430560588836669922e+00,1.409027457237243652e+00,1.388549685478210449e+00,1.369069576263427734e+00,1.350533962249755859e+00,1.332894802093505859e+00,1.316105723381042480e+00,1.300125360488891602e+00,1.284915089607238770e+00,1.270439267158508301e+00,1.256664633750915527e+00,1.243560075759887695e+00,1.231097221374511719e+00,1.219249248504638672e+00,1.207991480827331543e+00,1.197301387786865234e+00,1.187157154083251953e+00,1.177539229393005371e+00,1.168428659439086914e+00,1.159808874130249023e+00,1.151663422584533691e+00,1.143977522850036621e+00,1.136737585067749023e+00,1.129930734634399414e+00,1.123545050621032715e+00,1.117569684982299805e+00,1.111994624137878418e+00,1.106810092926025391e+00,1.102008104324340820e+00,1.097580075263977051e+00,1.093519806861877441e+00,1.089819788932800293e+00,1.086474657058715820e+00,1.083479166030883789e+00,1.080828189849853516e+00,1.078518152236938477e+00,1.076545238494873047e+00,1.074906110763549805e+00,1.073598623275756836e+00,1.072620630264282227e+00,1.071970820426940918e+00,1.071647882461547852e+00,esquerda
5.969538688659667969e+00,5.971377849578857422e+00,5.975037574768066406e+00,5.980525970458984375e+00,5.987849712371826172e+00,5.997020721435546875e+00,6.008052349090576172e+00,6.020962238311767578e+00,6.035769939422607422e+00,6.052499771118164062e+00,6.071177005767822266e+00,6.091831207275390625e+00,5.976506233215332031e+00,5.610954284667968750e+00,5.229119300842285156e+00,4.897657871246337891e+00,4.607364654541015625e+00,4.352078437805175781e+00,4.124580383300781250e+00,3.920014142990112305e+00,3.735917806625366211e+00,3.569534301757812500e+00,3.417432069778442383e+00,3.278502225875854492e+00,3.152651071548461914e+00,3.036558628082275391e+00,2.929232120513916016e+00,2.829431533813476562e+00,2.738095283508300781e+00,2.652908563613891602e+00,2.572993516921997070e+00,2.499196529388427734e+00,2.429802179336547852e+00,2.364683151245117188e+00,2.304092645645141602e+00,2.246577978134155273e+00,2.193216323852539062e+00,2.142352342605590820e+00,2.094626426696777344e+00,2.049620389938354492e+00,2.006820440292358398e+00,1.966499924659729004e+00,1.928390622138977051e+00,1.892090082168579102e+00,1.857792735099792480e+00,1.825189113616943359e+00,1.794695019721984863e+00,1.765731930732727051e+00,1.738209605216979980e+00,1.712045431137084961e+00,1.687163710594177246e+00,1.663494586944580078e+00,1.640973091125488281e+00,1.619540095329284668e+00,1.599140763282775879e+00,1.579723715782165527e+00,1.561242461204528809e+00,1.543653726577758789e+00,1.526916861534118652e+00,1.510993957519531250e+00,1.495851039886474609e+00,1.481454968452453613e+00,1.467776417732238770e+00,1.454787254333496094e+00,1.442461848258972168e+00,1.430775284767150879e+00,1.419705867767333984e+00,1.409232139587402344e+00,1.399335026741027832e+00,1.389996170997619629e+00,1.381199240684509277e+00,1.372928619384765625e+00,1.365169882774353027e+00,1.357909321784973145e+00,1.351135253906250000e+00,1.344835877418518066e+00,1.339001059532165527e+00,1.333621144294738770e+00,1.328687429428100586e+00,1.324191808700561523e+00,1.320127367973327637e+00,1.316487669944763184e+00,1.313266992568969727e+00,1.310460090637207031e+00,1.308062791824340820e+00,1.306071281433105469e+00,1.304482460021972656e+00,1.303294301033020020e+00,1.302504658699035645e+00,1.302112340927124023e+00,1.302116751670837402e+00,1.302517771720886230e+00,1.303316235542297363e+00,1.304513216018676758e+00,1.306110858917236328e+00,1.308111190795898438e+00,1.310517549514770508e+00,1.313333511352539062e+00,1.316563606262207031e+00,1.320212721824645996e+00,1.324286460876464844e+00,1.328791856765747070e+00,1.333735346794128418e+00,1.339125037193298340e+00,1.344970107078552246e+00,1.351279854774475098e+00,1.358064413070678711e+00,1.365335702896118164e+00,1.373105645179748535e+00,1.381387829780578613e+00,1.390196561813354492e+00,1.399547576904296875e+00,1.409457087516784668e+00,1.419943809509277344e+00,1.431026816368103027e+00,1.442727446556091309e+00,1.455067038536071777e+00,1.468071341514587402e+00,1.481765389442443848e+00,1.496177434921264648e+00,1.511337161064147949e+00,1.527277708053588867e+00,1.544033050537109375e+00,1.561641097068786621e+00,1.580142617225646973e+00,1.599580645561218262e+00,1.620002627372741699e+00,1.641458630561828613e+00,1.664005041122436523e+00,1.678977131843566895e+00,1.651978731155395508e+00,1.618707418441772461e+00,1.587257146835327148e+00,1.557295083999633789e+00,1.528982281684875488e+00,1.502145528793334961e+00,1.477048277854919434e+00,1.453211426734924316e+00,1.430560469627380371e+00,1.409027099609375000e+00,1.388549566268920898e+00,1.369069337844848633e+00,1.350533723831176758e+00,1.332894563674926758e+00,1.316105484962463379e+00,1.300125241279602051e+00,1.284914731979370117e+00,1.270439267158508301e+00,1.256664514541625977e+00,1.243560194969177246e+00,1.231096982955932617e+00,1.219249248504638672e+00,1.207991480827331543e+00,1.197301387786865234e+00,1.187157392501831055e+00,1.177539229393005371e+00,1.168428659439086914e+00,1.159808874130249023e+00,1.151663422584533691e+00,1.143977522850036621e+00,1.136737585067749023e+00,1.129930734634399414e+00,1.123545169830322266e+00,1.117569684982299805e+00,1.111994624137878418e+00,1.106810212135314941e+00,1.102008104324340820e+00,1.097580194473266602e+00,1.093519806861877441e+00,1.089819908142089844e+00,1.086474895477294922e+00,1.083479404449462891e+00,1.080828547477722168e+00,1.078518390655517578e+00,1.076545476913452148e+00,1.074906349182128906e+00,1.073598742485046387e+00,1.072620868682861328e+00,1.071971058845520020e+00,1.071648120880126953e+00,esquerda
5.969540119171142578e+00,5.971379280090332031e+00,5.975039005279541016e+00,5.980527400970458984e+00,5.987851619720458984e+00,5.997022151947021484e+00,6.008054256439208984e+00,6.020963668823242188e+00,6.035772323608398438e+00,6.052501201629638672e+00,6.071177959442138672e+00,6.091831684112548828e+00,5.964015007019042969e+00,5.595137119293212891e+00,5.214408397674560547e+00,4.883903503417968750e+00,4.594444751739501953e+00,4.339890480041503906e+00,4.113042831420898438e+00,3.909059762954711914e+00,3.725486993789672852e+00,3.559575319290161133e+00,3.407903671264648438e+00,3.269366741180419922e+00,3.143870830535888672e+00,3.028105258941650391e+00,2.921080827713012695e+00,2.821561098098754883e+00,2.730481624603271484e+00,2.645534038543701172e+00,2.565842628479003906e+00,2.492252349853515625e+00,2.423052549362182617e+00,2.358115673065185547e+00,2.297694683074951172e+00,2.240340471267700195e+00,2.187127590179443359e+00,2.136405467987060547e+00,2.088812589645385742e+00,2.043931961059570312e+00,2.001250743865966797e+00,1.961042404174804688e+00,1.923039197921752930e+00,1.886839270591735840e+00,1.852636933326721191e+00,1.820158004760742188e+00,1.789748072624206543e+00,1.760864615440368652e+00,1.733418226242065430e+00,1.707326292991638184e+00,1.682512998580932617e+00,1.658909082412719727e+00,1.636449694633483887e+00,1.615075826644897461e+00,1.594732642173767090e+00,1.575369238853454590e+00,1.556938886642456055e+00,1.539398550987243652e+00,1.522707819938659668e+00,1.506828784942626953e+00,1.491727709770202637e+00,1.477371454238891602e+00,1.463730454444885254e+00,1.450777173042297363e+00,1.438485622406005859e+00,1.426831245422363281e+00,1.415792346000671387e+00,1.405347466468811035e+00,1.395477533340454102e+00,1.386164546012878418e+00,1.377391934394836426e+00,1.369144082069396973e+00,1.361406803131103516e+00,1.354166150093078613e+00,1.347410798072814941e+00,1.341128945350646973e+00,1.335310101509094238e+00,1.329945087432861328e+00,1.325024962425231934e+00,1.320541739463806152e+00,1.316488385200500488e+00,1.312858819961547852e+00,1.309646844863891602e+00,1.306847691535949707e+00,1.304456949234008789e+00,1.302471041679382324e+00,1.300886511802673340e+00,1.299701690673828125e+00,1.298914194107055664e+00,1.298523068428039551e+00,1.298527479171752930e+00,1.298927307128906250e+00,1.299723625183105469e+00,1.300917267799377441e+00,1.302510499954223633e+00,1.304505467414855957e+00,1.306905150413513184e+00,1.309713482856750488e+00,1.312934517860412598e+00,1.316573381423950195e+00,1.320636034011840820e+00,1.325129032135009766e+00,1.330058932304382324e+00,1.335433840751647949e+00,1.341262578964233398e+00,1.347555041313171387e+00,1.354320883750915527e+00,1.361572146415710449e+00,1.369320750236511230e+00,1.377579927444458008e+00,1.386364579200744629e+00,1.395689725875854492e+00,1.405571818351745605e+00,1.416029691696166992e+00,1.427082180976867676e+00,1.438750386238098145e+00,1.451056122779846191e+00,1.464024543762207031e+00,1.477681040763854980e+00,1.492053389549255371e+00,1.507171154022216797e+00,1.523067831993103027e+00,1.539777040481567383e+00,1.557336568832397461e+00,1.575787067413330078e+00,1.595171451568603516e+00,1.615537047386169434e+00,1.636934041976928711e+00,1.659418463706970215e+00,1.676165580749511719e+00,1.651946187019348145e+00,1.618676066398620605e+00,1.587226390838623047e+00,1.557265162467956543e+00,1.528953194618225098e+00,1.502144098281860352e+00,1.477046728134155273e+00,1.453209996223449707e+00,1.430558919906616211e+00,1.409025549888610840e+00,1.388548016548156738e+00,1.369067907333374023e+00,1.350532293319702148e+00,1.332893252372741699e+00,1.316104054450988770e+00,1.300123691558837891e+00,1.284913420677185059e+00,1.270437717437744141e+00,1.256663084030151367e+00,1.243558526039123535e+00,1.231095552444458008e+00,1.219247698783874512e+00,1.207989931106567383e+00,1.197299957275390625e+00,1.187155723571777344e+00,1.177537679672241211e+00,1.168427228927612305e+00,1.159807443618774414e+00,1.151661992073059082e+00,1.143975973129272461e+00,1.136736035346984863e+00,1.129929304122924805e+00,1.123543500900268555e+00,1.117568373680114746e+00,1.111993074417114258e+00,1.106808662414550781e+00,1.102006673812866211e+00,1.097578763961791992e+00,1.093518495559692383e+00,1.089818477630615234e+00,1.086473345756530762e+00,1.083477973937988281e+00,1.080826997756958008e+00,1.078516840934753418e+00,1.076544046401977539e+00,1.074904918670654297e+00,1.073597311973571777e+00,1.072619318962097168e+00,1.071969509124755859e+00,1.071646571159362793e+00,esquerda
5.969541549682617188e+00,5.971380233764648438e+00,5.975040435791015625e+00,5.980528354644775391e+00,5.987852573394775391e+00,5.997023105621337891e+00,6.008055210113525391e+00,6.020965099334716797e+00,6.035773277282714844e+00,6.052502155303955078e+00,6.071179389953613281e+00,6.091833114624023438e+00,5.951540946960449219e+00,5.579339981079101562e+00,5.199711322784423828e+00,4.870159626007080078e+00,4.581532955169677734e+00,4.327708244323730469e+00,4.101508617401123047e+00,3.898107290267944336e+00,3.715057611465454102e+00,3.549617767333984375e+00,3.398376703262329102e+00,3.260232686996459961e+00,3.135091781616210938e+00,3.019653558731079102e+00,2.912931203842163086e+00,2.813692092895507812e+00,2.722868919372558594e+00,2.638160943984985352e+00,2.558693647384643555e+00,2.485310077667236328e+00,2.416304826736450195e+00,2.351549625396728516e+00,2.291298151016235352e+00,2.234104394912719727e+00,2.181040287017822266e+00,2.130460023880004883e+00,2.082999944686889648e+00,2.038244724273681641e+00,1.995682597160339355e+00,1.955586194992065430e+00,1.917688727378845215e+00,1.881589531898498535e+00,1.847482323646545410e+00,1.815123915672302246e+00,1.784797906875610352e+00,1.755994439125061035e+00,1.728624105453491211e+00,1.702604293823242188e+00,1.677859544754028320e+00,1.654320836067199707e+00,1.631923675537109375e+00,1.610608816146850586e+00,1.590322017669677734e+00,1.571012020111083984e+00,1.552632689476013184e+00,1.535140872001647949e+00,1.518496394157409668e+00,1.502661347389221191e+00,1.487601995468139648e+00,1.473285317420959473e+00,1.459682106971740723e+00,1.446764588356018066e+00,1.434507131576538086e+00,1.422884941101074219e+00,1.411876559257507324e+00,1.401460528373718262e+00,1.391618132591247559e+00,1.382330775260925293e+00,1.373582482337951660e+00,1.365357398986816406e+00,1.357641339302062988e+00,1.350421071052551270e+00,1.343684196472167969e+00,1.337419629096984863e+00,1.331616878509521484e+00,1.326266646385192871e+00,1.321360230445861816e+00,1.316889524459838867e+00,1.312847495079040527e+00,1.309227705001831055e+00,1.306024670600891113e+00,1.303233146667480469e+00,1.300849080085754395e+00,1.298868656158447266e+00,1.297288775444030762e+00,1.296107172966003418e+00,1.295321702957153320e+00,1.294931530952453613e+00,1.294935941696166992e+00,1.295334815979003906e+00,1.296128988265991211e+00,1.297319412231445312e+00,1.298908114433288574e+00,1.300897479057312012e+00,1.303290605545043945e+00,1.306091189384460449e+00,1.309303164482116699e+00,1.312932133674621582e+00,1.316983580589294434e+00,1.321464061737060547e+00,1.326380252838134766e+00,1.331740260124206543e+00,1.337553143501281738e+00,1.343827843666076660e+00,1.350575208663940430e+00,1.357806444168090820e+00,1.365533590316772461e+00,1.373769879341125488e+00,1.382530212402343750e+00,1.391829609870910645e+00,1.401684403419494629e+00,1.412113308906555176e+00,1.423135042190551758e+00,1.434771180152893066e+00,1.447042942047119141e+00,1.459975481033325195e+00,1.473593950271606445e+00,1.487926602363586426e+00,1.503002882003784180e+00,1.518855452537536621e+00,1.535518407821655273e+00,1.553029179573059082e+00,1.571428656578063965e+00,1.590759754180908203e+00,1.611068964004516602e+00,1.632406473159790039e+00,1.654828786849975586e+00,1.673372745513916016e+00,1.651963949203491211e+00,1.618692636489868164e+00,1.587242484092712402e+00,1.557280421257019043e+00,1.528967618942260742e+00,1.502143263816833496e+00,1.477045774459838867e+00,1.453209161758422852e+00,1.430557966232299805e+00,1.409024834632873535e+00,1.388547062873840332e+00,1.369067072868347168e+00,1.350531339645385742e+00,1.332892298698425293e+00,1.316103339195251465e+00,1.300122976303100586e+00,1.284912586212158203e+00,1.270437002182006836e+00,1.256662249565124512e+00,1.243557691574096680e+00,1.231094837188720703e+00,1.219246864318847656e+00,1.207989215850830078e+00,1.197299122810363770e+00,1.187155008316040039e+00,1.177536964416503906e+00,1.168426394462585449e+00,1.159806728363037109e+00,1.151661276817321777e+00,1.143975257873535156e+00,1.136735200881958008e+00,1.129928588867187500e+00,1.123542904853820801e+00,1.117567658424377441e+00,1.111992359161376953e+00,1.106807947158813477e+00,1.102006077766418457e+00,1.097578048706054688e+00,1.093517780303955078e+00,1.089817643165588379e+00,1.086472630500793457e+00,1.083477258682250977e+00,1.080826282501220703e+00,1.078516125679016113e+00,1.076543331146240234e+00,1.074904203414916992e+00,1.073596596717834473e+00,1.072618603706359863e+00,1.071968793869018555e+00,1.071645855903625488e+00,esquerda
5.969542026519775391e+00,5.971380710601806641e+00,5.975040912628173828e+00,5.980528831481933594e+00,5.987853527069091797e+00,5.997024059295654297e+00,6.008055686950683594e+00,6.020965576171875000e+00,6.035773754119873047e+00,6.052502632141113281e+00,6.071179866790771484e+00,6.091833591461181641e+00,5.939499855041503906e+00,5.564012527465820312e+00,5.185364246368408203e+00,4.856670379638671875e+00,4.568799018859863281e+00,4.315644264221191406e+00,4.090044498443603516e+00,3.887185335159301758e+00,3.704633235931396484e+00,3.539659976959228516e+00,3.388849735260009766e+00,3.251097917556762695e+00,3.126312494277954102e+00,3.011201143264770508e+00,2.904781341552734375e+00,2.805822849273681641e+00,2.715256452560424805e+00,2.630786895751953125e+00,2.551543712615966797e+00,2.478367328643798828e+00,2.409555912017822266e+00,2.344983100891113281e+00,2.284900665283203125e+00,2.227867603302001953e+00,2.174952507019042969e+00,2.124513626098632812e+00,2.077186822891235352e+00,2.032557010650634766e+00,1.990113496780395508e+00,1.950129389762878418e+00,1.912337660789489746e+00,1.876338958740234375e+00,1.842326879501342773e+00,1.810092091560363770e+00,1.779850006103515625e+00,1.751126408576965332e+00,1.723832130432128906e+00,1.697884321212768555e+00,1.673208355903625488e+00,1.649734735488891602e+00,1.627399682998657227e+00,1.606144070625305176e+00,1.585913419723510742e+00,1.566656947135925293e+00,1.548328518867492676e+00,1.530885338783264160e+00,1.514286994934082031e+00,1.498495578765869141e+00,1.483478069305419922e+00,1.469201087951660156e+00,1.455635786056518555e+00,1.442753911018371582e+00,1.430530428886413574e+00,1.418940544128417969e+00,1.407962679862976074e+00,1.397575378417968750e+00,1.387760281562805176e+00,1.378498673439025879e+00,1.369774580001831055e+00,1.361572265625000000e+00,1.353877902030944824e+00,1.346677303314208984e+00,1.339959383010864258e+00,1.333712100982666016e+00,1.327925562858581543e+00,1.322590112686157227e+00,1.317697286605834961e+00,1.313238859176635742e+00,1.309207916259765625e+00,1.305598378181457520e+00,1.302404165267944336e+00,1.299620628356933594e+00,1.297242999076843262e+00,1.295267939567565918e+00,1.293692350387573242e+00,1.292514085769653320e+00,1.291730999946594238e+00,1.291341900825500488e+00,1.291346192359924316e+00,1.291743993759155273e+00,1.292535901069641113e+00,1.293722987174987793e+00,1.295307278633117676e+00,1.297291278839111328e+00,1.299677610397338867e+00,1.302470445632934570e+00,1.305673718452453613e+00,1.309292554855346680e+00,1.313332676887512207e+00,1.317800760269165039e+00,1.322703242301940918e+00,1.328048586845397949e+00,1.333845138549804688e+00,1.340102672576904297e+00,1.346831202507019043e+00,1.354042172431945801e+00,1.361748218536376953e+00,1.369961738586425781e+00,1.378697752952575684e+00,1.387971282005310059e+00,1.397798776626586914e+00,1.408198595046997070e+00,1.419189929962158203e+00,1.430793881416320801e+00,1.443031549453735352e+00,1.455928087234497070e+00,1.469509124755859375e+00,1.483801841735839844e+00,1.498836278915405273e+00,1.514644980430603027e+00,1.531261682510375977e+00,1.548724174499511719e+00,1.567072391510009766e+00,1.586349844932556152e+00,1.606602787971496582e+00,1.627881288528442383e+00,1.650241494178771973e+00,1.670594215393066406e+00,1.652014136314392090e+00,1.618740916252136230e+00,1.587288737297058105e+00,1.557325005531311035e+00,1.529010534286499023e+00,1.502141356468200684e+00,1.477043986320495605e+00,1.453207373619079590e+00,1.430556297302246094e+00,1.409023165702819824e+00,1.388545513153076172e+00,1.369065523147583008e+00,1.350530028343200684e+00,1.332890868186950684e+00,1.316102027893066406e+00,1.300121665000915527e+00,1.284911155700683594e+00,1.270435690879821777e+00,1.256661176681518555e+00,1.243556380271911621e+00,1.231093645095825195e+00,1.219245791435241699e+00,1.207988023757934570e+00,1.197298049926757812e+00,1.187154054641723633e+00,1.177535772323608398e+00,1.168425559997558594e+00,1.159805655479431152e+00,1.151660203933715820e+00,1.143974184989929199e+00,1.136734247207641602e+00,1.129927635192871094e+00,1.123541951179504395e+00,1.117566585540771484e+00,1.111991405487060547e+00,1.106807112693786621e+00,1.102005124092102051e+00,1.097577214241027832e+00,1.093516826629638672e+00,1.089816808700561523e+00,1.086471676826477051e+00,1.083476305007934570e+00,1.080825448036193848e+00,1.078515291213989258e+00,1.076542496681213379e+00,1.074903368949890137e+00,1.073595762252807617e+00,1.072617888450622559e+00,1.071968078613281250e+00,1.071645140647888184e+00,esquerda
5.969541549682617188e+00,5.971380233764648438e+00,5.975040435791015625e+00,5.980528354644775391e+00,5.987853050231933594e+00,5.997023582458496094e+00,6.008055210113525391e+00,6.020965099334716797e+00,6.035772800445556641e+00,6.052502632141113281e+00,6.071179866790771484e+00,6.091833591461181641e+00,5.927879333496093750e+00,5.549282550811767578e+00,5.171647548675537109e+00,4.843829154968261719e+00,4.556726455688476562e+00,4.304244995117187500e+00,4.079245090484619141e+00,3.876924753189086914e+00,3.694849014282226562e+00,3.530291557312011719e+00,3.379858255386352539e+00,3.242453098297119141e+00,3.117982387542724609e+00,3.003162622451782227e+00,2.897012710571289062e+00,2.798306465148925781e+00,2.707971096038818359e+00,2.623718023300170898e+00,2.544678211212158203e+00,2.471689224243164062e+00,2.403055191040039062e+00,2.338648557662963867e+00,2.278721332550048828e+00,2.221835613250732422e+00,2.169057607650756836e+00,2.118749141693115234e+00,2.071544885635375977e+00,2.027030467987060547e+00,1.984697580337524414e+00,1.944816946983337402e+00,1.907123446464538574e+00,1.871218562126159668e+00,1.837294340133666992e+00,1.805059194564819336e+00,1.774901270866394043e+00,1.746257901191711426e+00,1.719039201736450195e+00,1.693163514137268066e+00,1.668556094169616699e+00,1.645147919654846191e+00,1.622874975204467773e+00,1.601678252220153809e+00,1.581503868103027344e+00,1.562301039695739746e+00,1.544023633003234863e+00,1.526628851890563965e+00,1.510076642036437988e+00,1.494329333305358887e+00,1.479353427886962891e+00,1.465116143226623535e+00,1.451588511466979980e+00,1.438742518424987793e+00,1.426553010940551758e+00,1.414995312690734863e+00,1.404047846794128418e+00,1.393689751625061035e+00,1.383901834487915039e+00,1.374665975570678711e+00,1.365966200828552246e+00,1.357786774635314941e+00,1.350113511085510254e+00,1.342933177947998047e+00,1.336233735084533691e+00,1.330003738403320312e+00,1.324233293533325195e+00,1.318912863731384277e+00,1.314033508300781250e+00,1.309587478637695312e+00,1.305567860603332520e+00,1.301968336105346680e+00,1.298783063888549805e+00,1.296007156372070312e+00,1.293636202812194824e+00,1.291666626930236816e+00,1.290095448493957520e+00,1.288920402526855469e+00,1.288139462471008301e+00,1.287751436233520508e+00,1.287755727767944336e+00,1.288152337074279785e+00,1.288942098617553711e+00,1.290125966072082520e+00,1.291705846786499023e+00,1.293684124946594238e+00,1.296064019203186035e+00,1.298849105834960938e+00,1.302043437957763672e+00,1.305652260780334473e+00,1.309681177139282227e+00,1.314136743545532227e+00,1.319025754928588867e+00,1.324356079101562500e+00,1.330136537551879883e+00,1.336376667022705078e+00,1.343086481094360352e+00,1.350277662277221680e+00,1.357961893081665039e+00,1.366152644157409668e+00,1.374864220619201660e+00,1.384112119674682617e+00,1.393912434577941895e+00,1.404283523559570312e+00,1.415244102478027344e+00,1.426815629005432129e+00,1.439019441604614258e+00,1.451880216598510742e+00,1.465423226356506348e+00,1.479676246643066406e+00,1.494668841361999512e+00,1.510433554649353027e+00,1.527004241943359375e+00,1.544417858123779297e+00,1.562715411186218262e+00,1.581939220428466797e+00,1.602135896682739258e+00,1.623355269432067871e+00,1.645653128623962402e+00,1.667787551879882812e+00,1.651996135711669922e+00,1.618723273277282715e+00,1.587271571159362793e+00,1.557307839393615723e+00,1.528993844985961914e+00,1.502141714096069336e+00,1.477044463157653809e+00,1.453207731246948242e+00,1.430556774139404297e+00,1.409023523330688477e+00,1.388545989990234375e+00,1.369065999984741211e+00,1.350530266761779785e+00,1.332891106605529785e+00,1.316102266311645508e+00,1.300122022628784180e+00,1.284911632537841797e+00,1.270436167716979980e+00,1.256661415100097656e+00,1.243556857109069824e+00,1.231094002723693848e+00,1.219246029853820801e+00,1.207988262176513672e+00,1.197298407554626465e+00,1.187154293060302734e+00,1.177536129951477051e+00,1.168425798416137695e+00,1.159805893898010254e+00,1.151660442352294922e+00,1.143974661827087402e+00,1.136734604835510254e+00,1.129927873611450195e+00,1.123542308807373047e+00,1.117567062377929688e+00,1.111991763114929199e+00,1.106807351112365723e+00,1.102005481719970703e+00,1.097577452659606934e+00,1.093517303466796875e+00,1.089817166328430176e+00,1.086472153663635254e+00,1.083476543426513672e+00,1.080825686454772949e+00,1.078515648841857910e+00,1.076542735099792480e+00,1.074903607368469238e+00,1.073596119880676270e+00,1.072618126869201660e+00,1.071968317031860352e+00,1.071645379066467285e+00,esquerda
5.969543457031250000e+00,5.971382141113281250e+00,5.975042343139648438e+00,5.980530261993408203e+00,5.987854957580566406e+00,5.997025489807128906e+00,6.008057117462158203e+00,6.020967006683349609e+00,6.035775184631347656e+00,6.052504539489746094e+00,6.071181297302246094e+00,6.091835021972656250e+00,5.915408134460449219e+00,5.533487319946289062e+00,5.156952381134033203e+00,4.830086708068847656e+00,4.543815612792968750e+00,4.292063236236572266e+00,4.067711830139160156e+00,3.865973234176635742e+00,3.684420108795166016e+00,3.520334005355834961e+00,3.370331287384033203e+00,3.233318567276000977e+00,3.109202861785888672e+00,2.994710445404052734e+00,2.888862609863281250e+00,2.790437459945678711e+00,2.700358152389526367e+00,2.616343736648559570e+00,2.537528276443481445e+00,2.464746236801147461e+00,2.396306037902832031e+00,2.332082033157348633e+00,2.272324085235595703e+00,2.215598821640014648e+00,2.162969589233398438e+00,2.112803220748901367e+00,2.065731763839721680e+00,2.021342515945434570e+00,1.979128479957580566e+00,1.939360141754150391e+00,1.901772260665893555e+00,1.865967869758605957e+00,1.832138895988464355e+00,1.800027489662170410e+00,1.769953727722167969e+00,1.741389751434326172e+00,1.714246988296508789e+00,1.688443660736083984e+00,1.663904905319213867e+00,1.640561819076538086e+00,1.618350863456726074e+00,1.597213506698608398e+00,1.577095508575439453e+00,1.557945847511291504e+00,1.539719343185424805e+00,1.522373080253601074e+00,1.505867004394531250e+00,1.490163683891296387e+00,1.475229501724243164e+00,1.461031913757324219e+00,1.447541832923889160e+00,1.434731960296630859e+00,1.422576427459716797e+00,1.411050915718078613e+00,1.400134086608886719e+00,1.389804601669311523e+00,1.380043983459472656e+00,1.370833992958068848e+00,1.362158417701721191e+00,1.354001760482788086e+00,1.346349954605102539e+00,1.339189529418945312e+00,1.332508683204650879e+00,1.326296329498291016e+00,1.320541739463806152e+00,1.315236210823059082e+00,1.310370445251464844e+00,1.305936932563781738e+00,1.301928400993347168e+00,1.298338890075683594e+00,1.295162439346313477e+00,1.292394280433654785e+00,1.290030002593994141e+00,1.288066029548645020e+00,1.286499142646789551e+00,1.285327434539794922e+00,1.284548521041870117e+00,1.284161686897277832e+00,1.284166097640991211e+00,1.284561634063720703e+00,1.285349130630493164e+00,1.286529541015625000e+00,1.288105130195617676e+00,1.290078043937683105e+00,1.292451143264770508e+00,1.295228362083435059e+00,1.298413872718811035e+00,1.302012562751770020e+00,1.306030273437500000e+00,1.310473561286926270e+00,1.315348863601684570e+00,1.320664286613464355e+00,1.326428771018981934e+00,1.332651376724243164e+00,1.339342474937438965e+00,1.346513509750366211e+00,1.354176521301269531e+00,1.362344384193420410e+00,1.371031761169433594e+00,1.380253791809082031e+00,1.390026688575744629e+00,1.400368809700012207e+00,1.411298990249633789e+00,1.422838330268859863e+00,1.435007929801940918e+00,1.447832822799682617e+00,1.461338281631469727e+00,1.475551605224609375e+00,1.490502357482910156e+00,1.506223082542419434e+00,1.522747516632080078e+00,1.540112972259521484e+00,1.558359265327453613e+00,1.577529311180114746e+00,1.597669839859008789e+00,1.618829965591430664e+00,1.641065835952758789e+00,1.664434432983398438e+00,1.652010917663574219e+00,1.618737339973449707e+00,1.587284803390502930e+00,1.557320833206176758e+00,1.529006004333496094e+00,1.502140164375305176e+00,1.477042794227600098e+00,1.453206300735473633e+00,1.430555224418640137e+00,1.409021973609924316e+00,1.388544440269470215e+00,1.369064450263977051e+00,1.350528836250305176e+00,1.332889676094055176e+00,1.316100716590881348e+00,1.300120353698730469e+00,1.284910082817077637e+00,1.270434498786926270e+00,1.256659746170043945e+00,1.243555307388305664e+00,1.231092333793640137e+00,1.219244480133056641e+00,1.207986831665039062e+00,1.197296738624572754e+00,1.187152743339538574e+00,1.177534580230712891e+00,1.168424248695373535e+00,1.159804344177246094e+00,1.151659011840820312e+00,1.143973112106323242e+00,1.136733055114746094e+00,1.129926323890686035e+00,1.123540639877319336e+00,1.117565512657165527e+00,1.111990094184875488e+00,1.106805920600891113e+00,1.102003812789916992e+00,1.097576022148132324e+00,1.093515634536743164e+00,1.089815616607666016e+00,1.086470484733581543e+00,1.083474993705749512e+00,1.080824136734008789e+00,1.078514099121093750e+00,1.076541066169738770e+00,1.074902057647705078e+00,1.073594450950622559e+00,1.072616457939147949e+00,1.071966648101806641e+00,1.071643710136413574e+00,esquerda
5.969543933868408203e+00,5.971382617950439453e+00,5.975042819976806641e+00,5.980531215667724609e+00,5.987855434417724609e+00,5.997025966644287109e+00,6.008057594299316406e+00,6.020967483520507812e+00,6.035775661468505859e+00,6.052505493164062500e+00,6.071181774139404297e+00,6.091835498809814453e+00,5.902922153472900391e+00,5.517677307128906250e+00,5.142247200012207031e+00,4.816338062286376953e+00,4.530900001525878906e+00,4.279878616333007812e+00,4.056177139282226562e+00,3.855021953582763672e+00,3.673991918563842773e+00,3.510377407073974609e+00,3.360805273056030273e+00,3.224184989929199219e+00,3.100424289703369141e+00,2.986258745193481445e+00,2.880713462829589844e+00,2.782568216323852539e+00,2.692745685577392578e+00,2.608970642089843750e+00,2.530378818511962891e+00,2.457803726196289062e+00,2.389557838439941406e+00,2.325515747070312500e+00,2.265926599502563477e+00,2.209362268447875977e+00,2.156881570816040039e+00,2.106857299804687500e+00,2.059918642044067383e+00,2.015654802322387695e+00,1.973559737205505371e+00,1.933903217315673828e+00,1.896421432495117188e+00,1.860717773437500000e+00,1.826983809471130371e+00,1.794996500015258789e+00,1.765006661415100098e+00,1.736522793769836426e+00,1.709455728530883789e+00,1.683724522590637207e+00,1.659254193305969238e+00,1.635976552963256836e+00,1.613827824592590332e+00,1.592749357223510742e+00,1.572687387466430664e+00,1.553591489791870117e+00,1.535415887832641602e+00,1.518118143081665039e+00,1.501658320426940918e+00,1.485998868942260742e+00,1.471106290817260742e+00,1.456948399543762207e+00,1.443496227264404297e+00,1.430721879005432129e+00,1.418600320816040039e+00,1.407107114791870117e+00,1.396220564842224121e+00,1.385920286178588867e+00,1.376186847686767578e+00,1.367002606391906738e+00,1.358351230621337891e+00,1.350217223167419434e+00,1.342586874961853027e+00,1.335446596145629883e+00,1.328784465789794922e+00,1.322589397430419922e+00,1.316851139068603516e+00,1.311560153961181641e+00,1.306708097457885742e+00,1.302286863327026367e+00,1.298289656639099121e+00,1.294710159301757812e+00,1.291542768478393555e+00,1.288782119750976562e+00,1.286424398422241211e+00,1.284465909004211426e+00,1.282903432846069336e+00,1.281735062599182129e+00,1.280958414077758789e+00,1.280572652816772461e+00,1.280576944351196289e+00,1.280971407890319824e+00,1.281756639480590820e+00,1.282933712005615234e+00,1.284504890441894531e+00,1.286472320556640625e+00,1.288838744163513184e+00,1.291608214378356934e+00,1.294785022735595703e+00,1.298373460769653320e+00,1.302379846572875977e+00,1.306810855865478516e+00,1.311672449111938477e+00,1.316973090171813965e+00,1.322721362113952637e+00,1.328926801681518555e+00,1.335599064826965332e+00,1.342750072479248047e+00,1.350391626358032227e+00,1.358536720275878906e+00,1.367199897766113281e+00,1.376396179199218750e+00,1.386141657829284668e+00,1.396454930305480957e+00,1.407354474067687988e+00,1.418861508369445801e+00,1.430997133255004883e+00,1.443786501884460449e+00,1.457253694534301758e+00,1.471427559852600098e+00,1.486336469650268555e+00,1.502013444900512695e+00,1.518491625785827637e+00,1.535808205604553223e+00,1.554003596305847168e+00,1.573120117187500000e+00,1.593204379081726074e+00,1.614305496215820312e+00,1.636479020118713379e+00,1.659782290458679199e+00,1.651981353759765625e+00,1.618710994720458984e+00,1.587261676788330078e+00,1.557300448417663574e+00,1.528988361358642578e+00,1.502138495445251465e+00,1.477041244506835938e+00,1.453204631805419922e+00,1.430553674697875977e+00,1.409020423889160156e+00,1.388542890548706055e+00,1.369063019752502441e+00,1.350527644157409668e+00,1.332888126373291016e+00,1.316099286079406738e+00,1.300118923187255859e+00,1.284908771514892578e+00,1.270433187484741211e+00,1.256658434867858887e+00,1.243554115295410156e+00,1.231091141700744629e+00,1.219243288040161133e+00,1.207985639572143555e+00,1.197295665740966797e+00,1.187151551246643066e+00,1.177533507347106934e+00,1.168423295021057129e+00,1.159803271293640137e+00,1.151657938957214355e+00,1.143972039222717285e+00,1.136732101440429688e+00,1.129925489425659180e+00,1.123539686203002930e+00,1.117564678192138672e+00,1.111989259719848633e+00,1.106804966926574707e+00,1.102002859115600586e+00,1.097575068473815918e+00,1.093514680862426758e+00,1.089814782142639160e+00,1.086469650268554688e+00,1.083474159240722656e+00,1.080823302268981934e+00,1.078513264656066895e+00,1.076540231704711914e+00,1.074901223182678223e+00,1.073593735694885254e+00,1.072615742683410645e+00,1.071965932846069336e+00,1.071642994880676270e+00,esquerda
5.969543457031250000e+00,5.971382617950439453e+00,5.975042343139648438e+00,5.980530738830566406e+00,5.987854957580566406e+00,5.997025489807128906e+00,6.008057117462158203e+00,6.020967006683349609e+00,6.035774707794189453e+00,6.052504539489746094e+00,6.071181774139404297e+00,6.091835975646972656e+00,5.891757488250732422e+00,5.503447055816650391e+00,5.128906250000000000e+00,4.803777217864990234e+00,4.519029617309570312e+00,4.268621921539306641e+00,4.045469760894775391e+00,3.844812631607055664e+00,3.664233446121215820e+00,3.501027822494506836e+00,3.351831674575805664e+00,3.215556144714355469e+00,3.092109441757202148e+00,2.978234052658081055e+00,2.872957706451416016e+00,2.775063753128051758e+00,2.685471773147583008e+00,2.601912260055541992e+00,2.523522853851318359e+00,2.451134920120239258e+00,2.383065462112426758e+00,2.319189310073852539e+00,2.259754896163940430e+00,2.203337669372558594e+00,2.150993347167968750e+00,2.101099014282226562e+00,2.054282903671264648e+00,2.010134220123291016e+00,1.968149185180664062e+00,1.928596258163452148e+00,1.891212224960327148e+00,1.855601787567138672e+00,1.821956038475036621e+00,1.789963722229003906e+00,1.760057926177978516e+00,1.731653809547424316e+00,1.704662799835205078e+00,1.679003715515136719e+00,1.654602169990539551e+00,1.631389617919921875e+00,1.609302997589111328e+00,1.588283658027648926e+00,1.568277955055236816e+00,1.549235582351684570e+00,1.531111121177673340e+00,1.513861775398254395e+00,1.497447967529296875e+00,1.481832385063171387e+00,1.466981530189514160e+00,1.452863574028015137e+00,1.439448833465576172e+00,1.426710486412048340e+00,1.414622783660888672e+00,1.403161764144897461e+00,1.392305850982666016e+00,1.382034540176391602e+00,1.372328400611877441e+00,1.363169789314270020e+00,1.354542613029479980e+00,1.346431612968444824e+00,1.338822603225708008e+00,1.331702351570129395e+00,1.325058817863464355e+00,1.318881273269653320e+00,1.313158869743347168e+00,1.307882905006408691e+00,1.303044438362121582e+00,1.298635482788085938e+00,1.294649600982666016e+00,1.291080117225646973e+00,1.287921428680419922e+00,1.285168647766113281e+00,1.282817602157592773e+00,1.280864596366882324e+00,1.279306530952453613e+00,1.278141379356384277e+00,1.277366876602172852e+00,1.276982188224792480e+00,1.276986479759216309e+00,1.277379751205444336e+00,1.278162837028503418e+00,1.279336690902709961e+00,1.280903458595275879e+00,1.282865285873413086e+00,1.285225152969360352e+00,1.287986874580383301e+00,1.291154623031616211e+00,1.294733166694641113e+00,1.298728346824645996e+00,1.303146719932556152e+00,1.307994842529296875e+00,1.313280582427978516e+00,1.319012641906738281e+00,1.325200796127319336e+00,1.331854462623596191e+00,1.338985323905944824e+00,1.346605539321899414e+00,1.354727745056152344e+00,1.363366484642028809e+00,1.372537016868591309e+00,1.382255315780639648e+00,1.392539620399475098e+00,1.403408646583557129e+00,1.414883375167846680e+00,1.426985025405883789e+00,1.439738392829895020e+00,1.453168034553527832e+00,1.467302083969116211e+00,1.482169270515441895e+00,1.497802138328552246e+00,1.514234185218811035e+00,1.531502246856689453e+00,1.549646615982055664e+00,1.568709611892700195e+00,1.588737487792968750e+00,1.609779357910156250e+00,1.631890773773193359e+00,1.655128717422485352e+00,1.651919007301330566e+00,1.618650913238525391e+00,1.587203502655029297e+00,1.557244062423706055e+00,1.528933644294738770e+00,1.502138853073120117e+00,1.477041721343994141e+00,1.453204989433288574e+00,1.430553913116455078e+00,1.409020662307739258e+00,1.388543248176574707e+00,1.369063258171081543e+00,1.350527763366699219e+00,1.332888603210449219e+00,1.316099643707275391e+00,1.300119400024414062e+00,1.284909009933471680e+00,1.270433664321899414e+00,1.256658911705017090e+00,1.243554353713989258e+00,1.231091380119323730e+00,1.219243645668029785e+00,1.207985997200012207e+00,1.197295904159545898e+00,1.187151908874511719e+00,1.177533864974975586e+00,1.168423533439636230e+00,1.159803628921508789e+00,1.151658296585083008e+00,1.143972516059875488e+00,1.136732339859008789e+00,1.129925727844238281e+00,1.123540043830871582e+00,1.117564916610717773e+00,1.111989498138427734e+00,1.106805205345153809e+00,1.102003216743469238e+00,1.097575306892395020e+00,1.093514919281005859e+00,1.089815020561218262e+00,1.086470007896423340e+00,1.083474516868591309e+00,1.080823540687561035e+00,1.078513503074645996e+00,1.076540589332580566e+00,1.074901580810546875e+00,1.073593974113464355e+00,1.072615981101989746e+00,1.071966290473937988e+00,1.071643352508544922e+00,esquerda
5.969545841217041016e+00,5.971384525299072266e+00,5.975044727325439453e+00,5.980532646179199219e+00,5.987856864929199219e+00,5.997027873992919922e+00,6.008059978485107422e+00,6.020969867706298828e+00,6.035777568817138672e+00,6.052507400512695312e+00,6.071184158325195312e+00,6.091837882995605469e+00,5.879289627075195312e+00,5.487656116485595703e+00,5.114215850830078125e+00,4.790038585662841797e+00,4.506122112274169922e+00,4.256442070007324219e+00,4.033939361572265625e+00,3.833863258361816406e+00,3.653806209564208984e+00,3.491072177886962891e+00,3.342305898666381836e+00,3.206422805786132812e+00,3.083330631256103516e+00,2.969783067703247070e+00,2.864808797836303711e+00,2.767194986343383789e+00,2.677859783172607422e+00,2.594539165496826172e+00,2.516373872756958008e+00,2.444192409515380859e+00,2.376317262649536133e+00,2.312623262405395508e+00,2.253357887268066406e+00,2.197100877761840820e+00,2.144905805587768555e+00,2.095153331756591797e+00,2.048470020294189453e+00,2.004446983337402344e+00,1.962580680847167969e+00,1.923139452934265137e+00,1.885861515998840332e+00,1.850351572036743164e+00,1.816800713539123535e+00,1.784930467605590820e+00,1.755108714103698730e+00,1.726784586906433105e+00,1.699869394302368164e+00,1.674282431602478027e+00,1.649949312210083008e+00,1.626802086830139160e+00,1.604777574539184570e+00,1.583817362785339355e+00,1.563868045806884766e+00,1.544879198074340820e+00,1.526805520057678223e+00,1.509604811668395996e+00,1.493237137794494629e+00,1.477665424346923828e+00,1.462856531143188477e+00,1.448778152465820312e+00,1.435401201248168945e+00,1.422698616981506348e+00,1.410645008087158203e+00,1.399216175079345703e+00,1.388390898704528809e+00,1.378148198127746582e+00,1.368469476699829102e+00,1.359336614608764648e+00,1.350733637809753418e+00,1.342645406723022461e+00,1.335057854652404785e+00,1.327957630157470703e+00,1.321332693099975586e+00,1.315172553062438965e+00,1.309466361999511719e+00,1.304205060005187988e+00,1.299380302429199219e+00,1.294983863830566406e+00,1.291008949279785156e+00,1.287449598312377930e+00,1.284299850463867188e+00,1.281554698944091797e+00,1.279210329055786133e+00,1.277262806892395020e+00,1.275709033012390137e+00,1.274547219276428223e+00,1.273774981498718262e+00,1.273391246795654297e+00,1.273395419120788574e+00,1.273787736892700195e+00,1.274568676948547363e+00,1.275739192962646484e+00,1.277301549911499023e+00,1.279257893562316895e+00,1.281611084938049316e+00,1.284365057945251465e+00,1.287523984909057617e+00,1.291092395782470703e+00,1.295076370239257812e+00,1.299482345581054688e+00,1.304316639900207520e+00,1.309587597846984863e+00,1.315303921699523926e+00,1.321474313735961914e+00,1.328109264373779297e+00,1.335220217704772949e+00,1.342818737030029297e+00,1.350918173789978027e+00,1.359532833099365234e+00,1.368677496910095215e+00,1.378368377685546875e+00,1.388623714447021484e+00,1.399462223052978516e+00,1.410904765129089355e+00,1.422972440719604492e+00,1.435689687728881836e+00,1.449081778526306152e+00,1.463175892829895020e+00,1.478001356124877930e+00,1.493590235710144043e+00,1.509976148605346680e+00,1.527195692062377930e+00,1.545289039611816406e+00,1.564298391342163086e+00,1.584269881248474121e+00,1.605252742767333984e+00,1.627301931381225586e+00,1.650474429130554199e+00,1.651915311813354492e+00,1.618647098541259766e+00,1.587199807167053223e+00,1.557240128517150879e+00,1.528929710388183594e+00,1.502135992050170898e+00,1.477038741111755371e+00,1.453202247619628906e+00,1.430551290512084961e+00,1.409018039703369141e+00,1.388540625572204590e+00,1.369060635566711426e+00,1.350525021553039551e+00,1.332885980606079102e+00,1.316096901893615723e+00,1.300116896629333496e+00,1.284906625747680664e+00,1.270430922508239746e+00,1.256656289100646973e+00,1.243551850318908691e+00,1.231089115142822266e+00,1.219241142272949219e+00,1.207983613014221191e+00,1.197293400764465332e+00,1.187149405479431152e+00,1.177531480789184570e+00,1.168420910835266113e+00,1.159801125526428223e+00,1.151655793190002441e+00,1.143969893455505371e+00,1.136729955673217773e+00,1.129923224449157715e+00,1.123537659645080566e+00,1.117562294006347656e+00,1.111987113952636719e+00,1.106802701950073242e+00,1.102000951766967773e+00,1.097572922706604004e+00,1.093512535095214844e+00,1.089812517166137695e+00,1.086467504501342773e+00,1.083472013473510742e+00,1.080821156501770020e+00,1.078511118888854980e+00,1.076538085937500000e+00,1.074899077415466309e+00,1.073591470718383789e+00,1.072613477706909180e+00,1.071963787078857422e+00,1.071640849113464355e+00,esquerda
5.969546794891357422e+00,5.971385955810546875e+00,5.975045680999755859e+00,5.980533599853515625e+00,5.987857818603515625e+00,5.997028827667236328e+00,6.008060932159423828e+00,6.020970821380615234e+00,6.035778522491455078e+00,6.052508831024169922e+00,6.071185111999511719e+00,6.091838836669921875e+00,5.866788387298583984e+00,5.471824169158935547e+00,5.099486827850341797e+00,4.776264190673828125e+00,4.493181228637695312e+00,4.244233608245849609e+00,4.022379875183105469e+00,3.822887659072875977e+00,3.643355131149291992e+00,3.481094360351562500e+00,3.332760810852050781e+00,3.197271585464477539e+00,3.074536085128784180e+00,2.961316585540771484e+00,2.856645822525024414e+00,2.759313821792602539e+00,2.670235872268676758e+00,2.587154865264892578e+00,2.509214639663696289e+00,2.437240839004516602e+00,2.369560003280639648e+00,2.306048631668090820e+00,2.246953248977661133e+00,2.190857410430908203e+00,2.138811588287353516e+00,2.089200973510742188e+00,2.042651176452636719e+00,1.998753547668457031e+00,1.957006573677062988e+00,1.917677760124206543e+00,1.880505681037902832e+00,1.845096945762634277e+00,1.811641335487365723e+00,1.779899358749389648e+00,1.750161767005920410e+00,1.721917629241943359e+00,1.695078253746032715e+00,1.669563293457031250e+00,1.645298838615417480e+00,1.622217059135437012e+00,1.600254535675048828e+00,1.579353213310241699e+00,1.559460163116455078e+00,1.540524959564208984e+00,1.522502183914184570e+00,1.505349993705749512e+00,1.489028573036193848e+00,1.473500609397888184e+00,1.458733320236206055e+00,1.444694519042968750e+00,1.431355357170104980e+00,1.418688654899597168e+00,1.406669020652770996e+00,1.395272254943847656e+00,1.384477615356445312e+00,1.374263763427734375e+00,1.364612340927124023e+00,1.355505228042602539e+00,1.346926689147949219e+00,1.338861227035522461e+00,1.331294894218444824e+00,1.324214577674865723e+00,1.317608594894409180e+00,1.311465740203857422e+00,1.305775523185729980e+00,1.300529122352600098e+00,1.295717954635620117e+00,1.291333913803100586e+00,1.287370324134826660e+00,1.283820867538452148e+00,1.280679941177368164e+00,1.277942776679992676e+00,1.275604844093322754e+00,1.273662805557250977e+00,1.272113442420959473e+00,1.270954847335815430e+00,1.270184755325317383e+00,1.269802093505859375e+00,1.269806385040283203e+00,1.270197629928588867e+00,1.270976305007934570e+00,1.272143602371215820e+00,1.273701548576354980e+00,1.275652289390563965e+00,1.277998924255371094e+00,1.280745148658752441e+00,1.283894896507263184e+00,1.287453413009643555e+00,1.291426181793212891e+00,1.295819640159606934e+00,1.300640583038330078e+00,1.305896639823913574e+00,1.311596632003784180e+00,1.317749619483947754e+00,1.324365973472595215e+00,1.331456780433654785e+00,1.339033961296081543e+00,1.347110629081726074e+00,1.355700850486755371e+00,1.364819765090942383e+00,1.374483346939086914e+00,1.384709835052490234e+00,1.395517826080322266e+00,1.406928062438964844e+00,1.418961644172668457e+00,1.431643247604370117e+00,1.444997549057006836e+00,1.459051847457885742e+00,1.473835468292236328e+00,1.489380359649658203e+00,1.505720257759094238e+00,1.522891283035278320e+00,1.540933728218078613e+00,1.559889316558837891e+00,1.579804658889770508e+00,1.600728154182434082e+00,1.622715353965759277e+00,1.645822644233703613e+00,1.651926755905151367e+00,1.618658065795898438e+00,1.587209939956665039e+00,1.557249903678894043e+00,1.528939008712768555e+00,1.502135038375854492e+00,1.477037787437438965e+00,1.453201293945312500e+00,1.430550336837768555e+00,1.409017086029052734e+00,1.388539671897888184e+00,1.369059681892395020e+00,1.350524187088012695e+00,1.332885026931762695e+00,1.316096186637878418e+00,1.300115942955017090e+00,1.284905672073364258e+00,1.270430088043212891e+00,1.256655454635620117e+00,1.243551015853881836e+00,1.231088280677795410e+00,1.219240427017211914e+00,1.207982778549194336e+00,1.197292566299438477e+00,1.187148571014404297e+00,1.177530646324157715e+00,1.168420195579528809e+00,1.159800410270690918e+00,1.151654958724975586e+00,1.143969178199768066e+00,1.136729240417480469e+00,1.129922389984130859e+00,1.123536944389343262e+00,1.117561578750610352e+00,1.111986398696899414e+00,1.106801986694335938e+00,1.102000236511230469e+00,1.097572207450866699e+00,1.093511939048767090e+00,1.089811921119689941e+00,1.086466789245605469e+00,1.083471298217773438e+00,1.080820441246032715e+00,1.078510403633117676e+00,1.076537370681762695e+00,1.074898362159729004e+00,1.073590874671936035e+00,1.072612881660461426e+00,1.071963071823120117e+00,1.071640133857727051e+00,esquerda
5.969546794891357422e+00,5.971385478973388672e+00,5.975045680999755859e+00,5.980533599853515625e+00,5.987858295440673828e+00,5.997028827667236328e+00,6.008060455322265625e+00,6.020970344543457031e+00,6.035778522491455078e+00,6.052507877349853516e+00,6.071184635162353516e+00,6.091838359832763672e+00,5.854321956634521484e+00,5.456036090850830078e+00,5.084797859191894531e+00,4.762526988983154297e+00,4.480276107788085938e+00,4.232057094573974609e+00,4.010850906372070312e+00,3.811939954757690430e+00,3.632929563522338867e+00,3.471140384674072266e+00,3.323236703872680664e+00,3.188140392303466797e+00,3.065759658813476562e+00,2.952867269515991211e+00,2.848498106002807617e+00,2.751446723937988281e+00,2.662625074386596680e+00,2.579783439636230469e+00,2.502066612243652344e+00,2.430299043655395508e+00,2.362812995910644531e+00,2.299483299255371094e+00,2.240557432174682617e+00,2.184621810913085938e+00,2.132724761962890625e+00,2.083256006240844727e+00,2.036839008331298828e+00,1.993066549301147461e+00,1.951438665390014648e+00,1.912222027778625488e+00,1.875155568122863770e+00,1.839847326278686523e+00,1.806486845016479492e+00,1.774866104125976562e+00,1.745212554931640625e+00,1.717048048973083496e+00,1.690284848213195801e+00,1.664841890335083008e+00,1.640646219253540039e+00,1.617629528045654297e+00,1.595729112625122070e+00,1.574887037277221680e+00,1.555050134658813477e+00,1.536168336868286133e+00,1.518196702003479004e+00,1.501093029975891113e+00,1.484817504882812500e+00,1.469333648681640625e+00,1.454608321189880371e+00,1.440609216690063477e+00,1.427307724952697754e+00,1.414676666259765625e+00,1.402691125869750977e+00,1.391326785087585449e+00,1.380562424659729004e+00,1.370377540588378906e+00,1.360753297805786133e+00,1.351671934127807617e+00,1.343117594718933105e+00,1.335074901580810547e+00,1.327530145645141602e+00,1.320469975471496582e+00,1.313882470130920410e+00,1.307756900787353516e+00,1.302082896232604980e+00,1.296851396560668945e+00,1.292053818702697754e+00,1.287682175636291504e+00,1.283729672431945801e+00,1.280190348625183105e+00,1.277058243751525879e+00,1.274328827857971191e+00,1.271997570991516113e+00,1.270061016082763672e+00,1.268516063690185547e+00,1.267360687255859375e+00,1.266592741012573242e+00,1.266211271286010742e+00,1.266215443611145020e+00,1.266605615615844727e+00,1.267382025718688965e+00,1.268546104431152344e+00,1.270099639892578125e+00,1.272044897079467773e+00,1.274384856224060059e+00,1.277123332023620605e+00,1.280264258384704590e+00,1.283812642097473145e+00,1.287774205207824707e+00,1.292155146598815918e+00,1.296962380409240723e+00,1.302203655242919922e+00,1.307887434959411621e+00,1.314023137092590332e+00,1.320620775222778320e+00,1.327691674232482910e+00,1.335247278213500977e+00,1.343301057815551758e+00,1.351867079734802246e+00,1.360960245132446289e+00,1.370596528053283691e+00,1.380794048309326172e+00,1.391571402549743652e+00,1.402949333190917969e+00,1.414948940277099609e+00,1.427594661712646484e+00,1.440911173820495605e+00,1.454925894737243652e+00,1.469667673110961914e+00,1.485168576240539551e+00,1.501462221145629883e+00,1.518584728240966797e+00,1.536576032638549805e+00,1.555478215217590332e+00,1.575337052345275879e+00,1.596201539039611816e+00,1.618126392364501953e+00,1.641168355941772461e+00,1.651933789253234863e+00,1.618664503097534180e+00,1.587216258049011230e+00,1.557255744934082031e+00,1.528944849967956543e+00,1.502134680747985840e+00,1.477037549018859863e+00,1.453200936317443848e+00,1.430549979209899902e+00,1.409016847610473633e+00,1.388539314270019531e+00,1.369059443473815918e+00,1.350524067878723145e+00,1.332884907722473145e+00,1.316095829010009766e+00,1.300115823745727539e+00,1.284905433654785156e+00,1.270429968833923340e+00,1.256655454635620117e+00,1.243550896644592285e+00,1.231088042259216309e+00,1.219240307807922363e+00,1.207982540130615234e+00,1.197292566299438477e+00,1.187148571014404297e+00,1.177530527114868164e+00,1.168420195579528809e+00,1.159800410270690918e+00,1.151654958724975586e+00,1.143969297409057617e+00,1.136729359626770020e+00,1.129922389984130859e+00,1.123537063598632812e+00,1.117561697959899902e+00,1.111986517906188965e+00,1.106801986694335938e+00,1.102000236511230469e+00,1.097572207450866699e+00,1.093512058258056641e+00,1.089812040328979492e+00,1.086466908454895020e+00,1.083471417427062988e+00,1.080820560455322266e+00,1.078510522842407227e+00,1.076537609100341797e+00,1.074898481369018555e+00,1.073590993881225586e+00,1.072613000869750977e+00,1.071963310241699219e+00,1.071640372276306152e+00,esquerda
5.969547748565673828e+00,5.971386909484863281e+00,5.975046634674072266e+00,5.980535030364990234e+00,5.987859249114990234e+00,5.997029781341552734e+00,6.008061885833740234e+00,6.020971775054931641e+00,6.035779476165771484e+00,6.052509784698486328e+00,6.071186065673828125e+00,6.091839790344238281e+00,5.843134403228759766e+00,5.441779136657714844e+00,5.071436882019042969e+00,4.749950408935546875e+00,4.468392848968505859e+00,4.220788955688476562e+00,4.000135898590087891e+00,3.801724433898925781e+00,3.623165607452392578e+00,3.461785793304443359e+00,3.314258575439453125e+00,3.179507255554199219e+00,3.057440757751464844e+00,2.944838762283325195e+00,2.840739250183105469e+00,2.743939161300659180e+00,2.655348062515258789e+00,2.572721719741821289e+00,2.495208024978637695e+00,2.423628091812133789e+00,2.356318235397338867e+00,2.293154716491699219e+00,2.234383821487426758e+00,2.178595066070556641e+00,2.126834630966186523e+00,2.077496290206909180e+00,2.031201362609863281e+00,1.987544775009155273e+00,1.946026563644409180e+00,1.906913518905639648e+00,1.869945049285888672e+00,1.834730029106140137e+00,1.801457881927490234e+00,1.769834160804748535e+00,1.740264773368835449e+00,1.712180018424987793e+00,1.685492634773254395e+00,1.660121798515319824e+00,1.635994672775268555e+00,1.613043427467346191e+00,1.591204881668090820e+00,1.570422172546386719e+00,1.550641536712646484e+00,1.531813263893127441e+00,1.513892531394958496e+00,1.496837258338928223e+00,1.480607986450195312e+00,1.465167999267578125e+00,1.450484275817871094e+00,1.436524987220764160e+00,1.423261046409606934e+00,1.410666108131408691e+00,1.398714303970336914e+00,1.387382149696350098e+00,1.376648545265197754e+00,1.366492509841918945e+00,1.356895446777343750e+00,1.347839832305908203e+00,1.339309811592102051e+00,1.331290006637573242e+00,1.323766589164733887e+00,1.316726207733154297e+00,1.310157537460327148e+00,1.304049372673034668e+00,1.298391342163085938e+00,1.293174862861633301e+00,1.288390636444091797e+00,1.284031510353088379e+00,1.280090332031250000e+00,1.276561021804809570e+00,1.273437857627868652e+00,1.270715951919555664e+00,1.268391251564025879e+00,1.266460180282592773e+00,1.264919757843017578e+00,1.263767600059509277e+00,1.263001918792724609e+00,1.262621521949768066e+00,1.262625694274902344e+00,1.263014674186706543e+00,1.263789057731628418e+00,1.264949679374694824e+00,1.266498684883117676e+00,1.268438577651977539e+00,1.270771861076354980e+00,1.273502469062805176e+00,1.276634573936462402e+00,1.280172944068908691e+00,1.284123182296752930e+00,1.288491964340209961e+00,1.293285489082336426e+00,1.298511743545532227e+00,1.304179549217224121e+00,1.310297846794128418e+00,1.316876888275146484e+00,1.323927402496337891e+00,1.331461906433105469e+00,1.339492678642272949e+00,1.348034501075744629e+00,1.357101798057556152e+00,1.366710782051086426e+00,1.376879334449768066e+00,1.387626171112060547e+00,1.398972034454345703e+00,1.410937547683715820e+00,1.423547387123107910e+00,1.436826229095458984e+00,1.450801253318786621e+00,1.465501070022583008e+00,1.480958104133605957e+00,1.497205615043640137e+00,1.514279484748840332e+00,1.532219767570495605e+00,1.551068186759948730e+00,1.570870995521545410e+00,1.591676354408264160e+00,1.613538861274719238e+00,1.636515736579895020e+00,1.651945710182189941e+00,1.618675947189331055e+00,1.587226986885070801e+00,1.557266235351562500e+00,1.528954744338989258e+00,1.502132296562194824e+00,1.477035164833068848e+00,1.453198671340942383e+00,1.430547952651977539e+00,1.409014701843261719e+00,1.388537287712097168e+00,1.369057297706604004e+00,1.350521922111511230e+00,1.332882881164550781e+00,1.316093921661376953e+00,1.300113797187805176e+00,1.284903526306152344e+00,1.270428061485290527e+00,1.256653547286987305e+00,1.243548989295959473e+00,1.231086254119873047e+00,1.219238400459289551e+00,1.207980751991271973e+00,1.197290778160095215e+00,1.187146782875061035e+00,1.177528738975524902e+00,1.168418407440185547e+00,1.159798502922058105e+00,1.151653170585632324e+00,1.143967509269714355e+00,1.136727571487426758e+00,1.129920721054077148e+00,1.123535275459289551e+00,1.117559909820556641e+00,1.111984848976135254e+00,1.106800317764282227e+00,1.101998448371887207e+00,1.097570538520812988e+00,1.093510389328002930e+00,1.089810252189636230e+00,1.086465358734130859e+00,1.083469748497009277e+00,1.080818891525268555e+00,1.078508853912353516e+00,1.076535940170288086e+00,1.074896931648254395e+00,1.073589324951171875e+00,1.072611331939697266e+00,1.071961641311645508e+00,1.071638703346252441e+00,esquerda
5.969549179077148438e+00,5.971387863159179688e+00,5.975047588348388672e+00,5.980535984039306641e+00,5.987860202789306641e+00,5.997031211853027344e+00,6.008063316345214844e+00,6.020972728729248047e+00,6.035780906677246094e+00,6.052510738372802734e+00,6.071187496185302734e+00,6.091840744018554688e+00,5.830667495727539062e+00,5.425990104675292969e+00,5.056746959686279297e+00,4.736212730407714844e+00,4.455486774444580078e+00,4.208611488342285156e+00,3.988606452941894531e+00,3.790776729583740234e+00,3.612740278244018555e+00,3.451832056045532227e+00,3.304734945297241211e+00,3.170375823974609375e+00,3.048664331436157227e+00,2.936389207839965820e+00,2.832591533660888672e+00,2.736071825027465820e+00,2.647737741470336914e+00,2.565350294113159180e+00,2.488060235977172852e+00,2.416687011718750000e+00,2.349571466445922852e+00,2.286590099334716797e+00,2.227988004684448242e+00,2.172360181808471680e+00,2.120748281478881836e+00,2.071551561355590820e+00,2.025389909744262695e+00,1.981858015060424805e+00,1.940459012985229492e+00,1.901457905769348145e+00,1.864595293998718262e+00,1.829481124877929688e+00,1.796303749084472656e+00,1.764800906181335449e+00,1.735315442085266113e+00,1.707310676574707031e+00,1.680698990821838379e+00,1.655400633811950684e+00,1.631341934204101562e+00,1.608455896377563477e+00,1.586679697036743164e+00,1.565955758094787598e+00,1.546231269836425781e+00,1.527456879615783691e+00,1.509586930274963379e+00,1.492580175399780273e+00,1.476397156715393066e+00,1.461001038551330566e+00,1.446359276771545410e+00,1.432439446449279785e+00,1.419213414192199707e+00,1.406654119491577148e+00,1.394736409187316895e+00,1.383436560630798340e+00,1.372733235359191895e+00,1.362606048583984375e+00,1.353036284446716309e+00,1.344006538391113281e+00,1.335500717163085938e+00,1.327503800392150879e+00,1.320001721382141113e+00,1.312981605529785156e+00,1.306431531906127930e+00,1.300340533256530762e+00,1.294698834419250488e+00,1.289496898651123047e+00,1.284726500511169434e+00,1.280379652976989746e+00,1.276449680328369141e+00,1.272930383682250977e+00,1.269816040992736816e+00,1.267102003097534180e+00,1.264783978462219238e+00,1.262858390808105469e+00,1.261322140693664551e+00,1.260173559188842773e+00,1.259409904479980469e+00,1.259030580520629883e+00,1.259034872055053711e+00,1.259422659873962402e+00,1.260194778442382812e+00,1.261352181434631348e+00,1.262896776199340820e+00,1.264831066131591797e+00,1.267157793045043945e+00,1.269880771636962891e+00,1.273003935813903809e+00,1.276532173156738281e+00,1.280471205711364746e+00,1.284827351570129395e+00,1.289607405662536621e+00,1.294818758964538574e+00,1.300470471382141113e+00,1.306571364402770996e+00,1.313131451606750488e+00,1.320162057876586914e+00,1.327674984931945801e+00,1.335683465003967285e+00,1.344200730323791504e+00,1.353242397308349609e+00,1.362823963165283203e+00,1.372963666915893555e+00,1.383679747581481934e+00,1.394993424415588379e+00,1.406924843788146973e+00,1.419498801231384277e+00,1.432739853858947754e+00,1.446674942970275879e+00,1.461333155632019043e+00,1.476746320724487305e+00,1.492947459220886230e+00,1.509972691535949707e+00,1.527862191200256348e+00,1.546657085418701172e+00,1.566403388977050781e+00,1.587149620056152344e+00,1.608950138092041016e+00,1.631861329078674316e+00,1.651953697204589844e+00,1.618683695793151855e+00,1.587234735488891602e+00,1.557273507118225098e+00,1.528961777687072754e+00,1.502132177352905273e+00,1.477035164833068848e+00,1.453198552131652832e+00,1.430547595024108887e+00,1.409014582633972168e+00,1.388537168502807617e+00,1.369057178497314453e+00,1.350521564483642578e+00,1.332882523536682129e+00,1.316093802452087402e+00,1.300113558769226074e+00,1.284903168678283691e+00,1.270427823066711426e+00,1.256653189659118652e+00,1.243548631668090820e+00,1.231085896492004395e+00,1.219238042831420898e+00,1.207980394363403320e+00,1.197290420532226562e+00,1.187146425247192383e+00,1.177528381347656250e+00,1.168417930603027344e+00,1.159798145294189453e+00,1.151652812957763672e+00,1.143967032432556152e+00,1.136727094650268555e+00,1.129920363426208496e+00,1.123534679412841797e+00,1.117559432983398438e+00,1.111984372138977051e+00,1.106799960136413574e+00,1.101998090744018555e+00,1.097570061683654785e+00,1.093509912490844727e+00,1.089809775352478027e+00,1.086464881896972656e+00,1.083469271659851074e+00,1.080818414688110352e+00,1.078508377075195312e+00,1.076535344123840332e+00,1.074896335601806641e+00,1.073588848114013672e+00,1.072610855102539062e+00,1.071961045265197754e+00,1.071638107299804688e+00,esquerda
5.969548702239990234e+00,5.971387863159179688e+00,5.975047588348388672e+00,5.980535984039306641e+00,5.987860202789306641e+00,5.997030735015869141e+00,6.008062362670898438e+00,6.020972251892089844e+00,6.035780429840087891e+00,6.052510261535644531e+00,6.071186542510986328e+00,6.091840267181396484e+00,5.818203449249267578e+00,5.410204410552978516e+00,5.042061805725097656e+00,4.722478866577148438e+00,4.442583084106445312e+00,4.196436405181884766e+00,3.977078914642333984e+00,3.779829740524291992e+00,3.602314949035644531e+00,3.441877841949462891e+00,3.295210838317871094e+00,3.161244153976440430e+00,3.039887428283691406e+00,2.927939414978027344e+00,2.824443817138671875e+00,2.728204727172851562e+00,2.640126705169677734e+00,2.557977914810180664e+00,2.480911970138549805e+00,2.409745216369628906e+00,2.342823982238769531e+00,2.280024528503417969e+00,2.221591711044311523e+00,2.166124343872070312e+00,2.114661455154418945e+00,2.065606355667114258e+00,2.019577264785766602e+00,1.976170778274536133e+00,1.934890866279602051e+00,1.896001577377319336e+00,1.859244465827941895e+00,1.824231147766113281e+00,1.791148662567138672e+00,1.759770393371582031e+00,1.730369210243225098e+00,1.702444195747375488e+00,1.675908327102661133e+00,1.650681972503662109e+00,1.626692056655883789e+00,1.603871226310729980e+00,1.582157015800476074e+00,1.561492443084716797e+00,1.541824221611022949e+00,1.523102879524230957e+00,1.505284190177917480e+00,1.488325834274291992e+00,1.472188830375671387e+00,1.456836700439453125e+00,1.442236542701721191e+00,1.428356647491455078e+00,1.415168166160583496e+00,1.402644634246826172e+00,1.390760898590087891e+00,1.379493355751037598e+00,1.368820667266845703e+00,1.358722209930419922e+00,1.349179863929748535e+00,1.340175747871398926e+00,1.331694245338439941e+00,1.323719978332519531e+00,1.316239356994628906e+00,1.309238910675048828e+00,1.302707791328430176e+00,1.296634316444396973e+00,1.291008591651916504e+00,1.285821557044982910e+00,1.281064510345458984e+00,1.276730179786682129e+00,1.272811412811279297e+00,1.269302248954772949e+00,1.266196846961975098e+00,1.263490438461303711e+00,1.261179089546203613e+00,1.259258985519409180e+00,1.257727146148681641e+00,1.256581664085388184e+00,1.255820274353027344e+00,1.255442023277282715e+00,1.255446314811706543e+00,1.255833029747009277e+00,1.256602883338928223e+00,1.257756948471069336e+00,1.259297132492065430e+00,1.261225938796997070e+00,1.263545989990234375e+00,1.266261219978332520e+00,1.269375443458557129e+00,1.272893667221069336e+00,1.276821494102478027e+00,1.281165242195129395e+00,1.285931587219238281e+00,1.291128277778625488e+00,1.296763658523559570e+00,1.302847266197204590e+00,1.309388756752014160e+00,1.316399335861206055e+00,1.323890924453735352e+00,1.331876277923583984e+00,1.340369343757629395e+00,1.349385142326354980e+00,1.358939528465270996e+00,1.369050264358520508e+00,1.379735946655273438e+00,1.391017317771911621e+00,1.402914643287658691e+00,1.415452957153320312e+00,1.428656101226806641e+00,1.442551612854003906e+00,1.457167983055114746e+00,1.472537159919738770e+00,1.488692045211791992e+00,1.505668997764587402e+00,1.523507237434387207e+00,1.542248606681823730e+00,1.561938762664794922e+00,1.582625746726989746e+00,1.604364037513732910e+00,1.627210140228271484e+00,1.648055791854858398e+00,1.618689775466918945e+00,1.587240219116210938e+00,1.557279109954833984e+00,1.528967142105102539e+00,1.502131700515747070e+00,1.477034568786621094e+00,1.453198075294494629e+00,1.430547237396240234e+00,1.409014105796813965e+00,1.388536572456359863e+00,1.369056701660156250e+00,1.350521326065063477e+00,1.332882285118103027e+00,1.316093564033508301e+00,1.300113320350646973e+00,1.284902930259704590e+00,1.270427584648132324e+00,1.256653070449829102e+00,1.243548393249511719e+00,1.231085658073425293e+00,1.219237923622131348e+00,1.207980275154113770e+00,1.197290301322937012e+00,1.187146425247192383e+00,1.177528262138366699e+00,1.168417930603027344e+00,1.159798145294189453e+00,1.151652812957763672e+00,1.143966913223266602e+00,1.136726856231689453e+00,1.129920363426208496e+00,1.123534679412841797e+00,1.117559432983398438e+00,1.111984252929687500e+00,1.106799960136413574e+00,1.101997971534729004e+00,1.097570061683654785e+00,1.093509793281555176e+00,1.089809775352478027e+00,1.086464762687683105e+00,1.083469390869140625e+00,1.080818533897399902e+00,1.078508496284484863e+00,1.076535463333129883e+00,1.074896454811096191e+00,1.073588848114013672e+00,1.072610974311828613e+00,1.071961164474487305e+00,1.071638226509094238e+00,esquerda
5.969549179077148438e+00,5.971388339996337891e+00,5.975048065185546875e+00,5.980536460876464844e+00,5.987860679626464844e+00,5.997031211853027344e+00,6.008063316345214844e+00,6.020972728729248047e+00,6.035780906677246094e+00,6.052510738372802734e+00,6.071187496185302734e+00,6.091840744018554688e+00,5.806105136871337891e+00,5.394805908203125000e+00,5.027650833129882812e+00,4.708930969238281250e+00,4.429796218872070312e+00,4.184323787689208984e+00,3.965569972991943359e+00,3.768870115280151367e+00,3.591867446899414062e+00,3.431903839111328125e+00,3.285669088363647461e+00,3.152096509933471680e+00,3.031095504760742188e+00,2.919475793838500977e+00,2.816283226013183594e+00,2.720325708389282227e+00,2.632504701614379883e+00,2.550595998764038086e+00,2.473754644393920898e+00,2.402795314788818359e+00,2.336068630218505859e+00,2.273451805114746094e+00,2.215188503265380859e+00,2.159882068634033203e+00,2.108568191528320312e+00,2.059655427932739258e+00,2.013759613037109375e+00,1.970478653907775879e+00,1.929317831993103027e+00,1.890540838241577148e+00,1.853890061378479004e+00,1.818977355957031250e+00,1.785990357398986816e+00,1.754737854003906250e+00,1.725420713424682617e+00,1.697575569152832031e+00,1.671115756034851074e+00,1.645961523056030273e+00,1.622039914131164551e+00,1.599284410476684570e+00,1.577632427215576172e+00,1.557026743888854980e+00,1.537414908409118652e+00,1.518747210502624512e+00,1.500979185104370117e+00,1.484069347381591797e+00,1.467978715896606445e+00,1.452670454978942871e+00,1.438112020492553711e+00,1.424271821975708008e+00,1.411121129989624023e+00,1.398633480072021484e+00,1.386783599853515625e+00,1.375548124313354492e+00,1.364905953407287598e+00,1.354836463928222656e+00,1.345321416854858398e+00,1.336343169212341309e+00,1.327885746955871582e+00,1.319934368133544922e+00,1.312475085258483887e+00,1.305494904518127441e+00,1.298982262611389160e+00,1.292926192283630371e+00,1.287316441535949707e+00,1.282144308090209961e+00,1.277401089668273926e+00,1.273079037666320801e+00,1.269171357154846191e+00,1.265672087669372559e+00,1.262575626373291016e+00,1.259877085685729980e+00,1.257572293281555176e+00,1.255657672882080078e+00,1.254130244255065918e+00,1.252987980842590332e+00,1.252228736877441406e+00,1.251851677894592285e+00,1.251855850219726562e+00,1.252241492271423340e+00,1.253009200096130371e+00,1.254159927368164062e+00,1.255695819854736328e+00,1.257619023323059082e+00,1.259932518005371094e+00,1.262639880180358887e+00,1.265745282173156738e+00,1.269253373146057129e+00,1.273169994354248047e+00,1.277501344680786133e+00,1.282253980636596680e+00,1.287435770034790039e+00,1.293055057525634766e+00,1.299121260643005371e+00,1.305643916130065918e+00,1.312634706497192383e+00,1.320104718208312988e+00,1.328067183494567871e+00,1.336536049842834473e+00,1.345526099205017090e+00,1.355053067207336426e+00,1.365134954452514648e+00,1.375789999961853027e+00,1.387039184570312500e+00,1.398902535438537598e+00,1.411404848098754883e+00,1.424570441246032715e+00,1.438426136970520020e+00,1.453000783920288086e+00,1.468325972557067871e+00,1.484434723854064941e+00,1.501363039016723633e+00,1.519150257110595703e+00,1.537837982177734375e+00,1.557471752166748047e+00,1.578099608421325684e+00,1.599775791168212891e+00,1.622556567192077637e+00,1.643850564956665039e+00,1.618695855140686035e+00,1.587246179580688477e+00,1.557284712791442871e+00,1.528972268104553223e+00,1.502130627632141113e+00,1.477033615112304688e+00,1.453197002410888672e+00,1.430546283721923828e+00,1.409013152122497559e+00,1.388535618782043457e+00,1.369055867195129395e+00,1.350520372390747070e+00,1.332881331443786621e+00,1.316092491149902344e+00,1.300112366676330566e+00,1.284902215003967285e+00,1.270426511764526367e+00,1.256651997566223145e+00,1.243547677993774414e+00,1.231084823608398438e+00,1.219237089157104492e+00,1.207979440689086914e+00,1.197289466857910156e+00,1.187145590782165527e+00,1.177527427673339844e+00,1.168417334556579590e+00,1.159797430038452148e+00,1.151652097702026367e+00,1.143966197967529297e+00,1.136726260185241699e+00,1.129919528961181641e+00,1.123533964157104492e+00,1.117558956146240234e+00,1.111983418464660645e+00,1.106799244880676270e+00,1.101997256278991699e+00,1.097569346427917480e+00,1.093508958816528320e+00,1.089809060096740723e+00,1.086464047431945801e+00,1.083468675613403320e+00,1.080817818641662598e+00,1.078507781028747559e+00,1.076534748077392578e+00,1.074895739555358887e+00,1.073588252067565918e+00,1.072610259056091309e+00,1.071960449218750000e+00,1.071637511253356934e+00,esquerda
5.969551086425781250e+00,5.971389770507812500e+00,5.975049972534179688e+00,5.980537891387939453e+00,5.987862110137939453e+00,5.997033119201660156e+00,6.008065223693847656e+00,6.020975112915039062e+00,6.035782814025878906e+00,6.052513122558593750e+00,6.071189880371093750e+00,6.091843605041503906e+00,5.794524669647216797e+00,5.380125999450683594e+00,5.013977050781250000e+00,4.696131229400634766e+00,4.417760372161865234e+00,4.172959327697753906e+00,3.954802989959716797e+00,3.758635759353637695e+00,3.582096576690673828e+00,3.422543048858642578e+00,3.276684761047363281e+00,3.143457412719726562e+00,3.022771596908569336e+00,2.911442518234252930e+00,2.808519601821899414e+00,2.712813377380371094e+00,2.625223398208618164e+00,2.543530464172363281e+00,2.466892004013061523e+00,2.396120071411132812e+00,2.329570531845092773e+00,2.267119884490966797e+00,2.209011554718017578e+00,2.153852224349975586e+00,2.102675199508666992e+00,2.053892850875854492e+00,2.008119344711303711e+00,1.964954137802124023e+00,1.923903107643127441e+00,1.885229945182800293e+00,1.848677039146423340e+00,1.813857793807983398e+00,1.780958890914916992e+00,1.749703764915466309e+00,1.720470786094665527e+00,1.692705392837524414e+00,1.666321396827697754e+00,1.641239404678344727e+00,1.617386817932128906e+00,1.594696283340454102e+00,1.573106288909912109e+00,1.552559852600097656e+00,1.533004164695739746e+00,1.514390110969543457e+00,1.496673226356506348e+00,1.479811787605285645e+00,1.463767170906066895e+00,1.448503017425537109e+00,1.433986306190490723e+00,1.420185685157775879e+00,1.407072663307189941e+00,1.394620895385742188e+00,1.382805109024047852e+00,1.371601939201354980e+00,1.360990047454833984e+00,1.350949645042419434e+00,1.341461896896362305e+00,1.332509279251098633e+00,1.324076294898986816e+00,1.316147685050964355e+00,1.308709740638732910e+00,1.301749587059020996e+00,1.295255661010742188e+00,1.289216876029968262e+00,1.283623099327087402e+00,1.278465986251831055e+00,1.273736238479614258e+00,1.269426703453063965e+00,1.265530228614807129e+00,1.262041211128234863e+00,1.258953571319580078e+00,1.256262660026550293e+00,1.253964424133300781e+00,1.252055406570434570e+00,1.250532388687133789e+00,1.249393343925476074e+00,1.248636364936828613e+00,1.248260140419006348e+00,1.248264312744140625e+00,1.248648881912231445e+00,1.249414443969726562e+00,1.250561952590942383e+00,1.252093434333801270e+00,1.254011154174804688e+00,1.256318092346191406e+00,1.259017467498779297e+00,1.262113809585571289e+00,1.265612006187438965e+00,1.269517302513122559e+00,1.273836374282836914e+00,1.278575301170349121e+00,1.283742427825927734e+00,1.289345622062683105e+00,1.295394420623779297e+00,1.301898479461669922e+00,1.308868885040283203e+00,1.316317558288574219e+00,1.324257135391235352e+00,1.332701802253723145e+00,1.341666102409362793e+00,1.351165771484375000e+00,1.361218452453613281e+00,1.371843218803405762e+00,1.383059859275817871e+00,1.394889354705810547e+00,1.407355785369873047e+00,1.420483589172363281e+00,1.434299468994140625e+00,1.448832273483276367e+00,1.464113593101501465e+00,1.480176091194152832e+00,1.497055768966674805e+00,1.514792084693908691e+00,1.533426165580749512e+00,1.553003549575805664e+00,1.573572397232055664e+00,1.595186471939086914e+00,1.617901682853698730e+00,1.639644265174865723e+00,1.618700623512268066e+00,1.587250590324401855e+00,1.557289004325866699e+00,1.528976440429687500e+00,1.502129316329956055e+00,1.477032184600830078e+00,1.453195810317993164e+00,1.430544734001159668e+00,1.409011721611022949e+00,1.388534307479858398e+00,1.369054436683654785e+00,1.350518941879272461e+00,1.332880020141601562e+00,1.316091060638427734e+00,1.300110816955566406e+00,1.284900784492492676e+00,1.270425200462341309e+00,1.256650686264038086e+00,1.243546247482299805e+00,1.231083512306213379e+00,1.219235658645629883e+00,1.207978129386901855e+00,1.197288036346435547e+00,1.187144041061401367e+00,1.177526116371154785e+00,1.168415784835815430e+00,1.159795999526977539e+00,1.151650667190551758e+00,1.143964767456054688e+00,1.136724710464477539e+00,1.129918217658996582e+00,1.123532414436340332e+00,1.117557406425476074e+00,1.111982107162475586e+00,1.106797814369201660e+00,1.101995706558227539e+00,1.097568035125732422e+00,1.093507647514343262e+00,1.089807748794555664e+00,1.086462616920471191e+00,1.083467245101928711e+00,1.080816388130187988e+00,1.078506350517272949e+00,1.076533317565917969e+00,1.074894309043884277e+00,1.073586702346801758e+00,1.072608709335327148e+00,1.071958899497985840e+00,1.071636080741882324e+00,esquerda
5.969551563262939453e+00,5.971390724182128906e+00,5.975050449371337891e+00,5.980538368225097656e+00,5.987862586975097656e+00,5.997033596038818359e+00,6.008065700531005859e+00,6.020975589752197266e+00,6.035783290863037109e+00,6.052513599395751953e+00,6.071190357208251953e+00,6.091844081878662109e+00,5.782049655914306641e+00,5.364329338073730469e+00,4.999283790588378906e+00,4.682392597198486328e+00,4.404854774475097656e+00,4.160783767700195312e+00,3.943276643753051758e+00,3.747691631317138672e+00,3.571674346923828125e+00,3.412591934204101562e+00,3.267163991928100586e+00,3.134328842163085938e+00,3.013997316360473633e+00,2.902995347976684570e+00,2.800374269485473633e+00,2.704948425292968750e+00,2.617614746093750000e+00,2.536160707473754883e+00,2.459746360778808594e+00,2.389181137084960938e+00,2.322825193405151367e+00,2.260556221008300781e+00,2.202617168426513672e+00,2.147618532180786133e+00,2.096590042114257812e+00,2.047949552536010742e+00,2.002308845520019531e+00,1.959268689155578613e+00,1.918336868286132812e+00,1.879775643348693848e+00,1.843328356742858887e+00,1.808609724044799805e+00,1.775805830955505371e+00,1.744673967361450195e+00,1.715524911880493164e+00,1.687839508056640625e+00,1.661531329154968262e+00,1.636521458625793457e+00,1.612737178802490234e+00,1.590112209320068359e+00,1.568584322929382324e+00,1.548096895217895508e+00,1.528597354888916016e+00,1.510036945343017578e+00,1.492370843887329102e+00,1.475558042526245117e+00,1.459559559822082520e+00,1.444339036941528320e+00,1.429864048957824707e+00,1.416103124618530273e+00,1.403027892112731934e+00,1.390611886978149414e+00,1.378830194473266602e+00,1.367658972740173340e+00,1.357077956199645996e+00,1.347066164016723633e+00,1.337605714797973633e+00,1.328678846359252930e+00,1.320269942283630371e+00,1.312364220619201660e+00,1.304947733879089355e+00,1.298007607460021973e+00,1.291532278060913086e+00,1.285510897636413574e+00,1.279933333396911621e+00,1.274790883064270020e+00,1.270074844360351562e+00,1.265777587890625000e+00,1.261892437934875488e+00,1.258413195610046387e+00,1.255334377288818359e+00,1.252651333808898926e+00,1.250359773635864258e+00,1.248456239700317383e+00,1.246937513351440430e+00,1.245801806449890137e+00,1.245046973228454590e+00,1.244671940803527832e+00,1.244676113128662109e+00,1.245059609413146973e+00,1.245822787284851074e+00,1.246967077255249023e+00,1.248494148254394531e+00,1.250406265258789062e+00,1.252706527709960938e+00,1.255398273468017578e+00,1.258485794067382812e+00,1.261973977088928223e+00,1.265867948532104492e+00,1.270174503326416016e+00,1.274899959564208984e+00,1.280052065849304199e+00,1.285639166831970215e+00,1.291670560836791992e+00,1.298156023025512695e+00,1.305106401443481445e+00,1.312533855438232422e+00,1.320450425148010254e+00,1.328870773315429688e+00,1.337809205055236816e+00,1.347281575202941895e+00,1.357305645942687988e+00,1.367899775505065918e+00,1.379084110260009766e+00,1.390879631042480469e+00,1.403310060501098633e+00,1.416400194168090820e+00,1.430176377296447754e+00,1.444667458534240723e+00,1.459905028343200684e+00,1.475921273231506348e+00,1.492752313613891602e+00,1.510437607765197754e+00,1.529018282890319824e+00,1.548539400100708008e+00,1.569049119949340820e+00,1.590600848197937012e+00,1.613250732421875000e+00,1.635441064834594727e+00,1.618703365325927734e+00,1.587253332138061523e+00,1.557291626930236816e+00,1.528978943824768066e+00,1.502128481864929199e+00,1.477031350135803223e+00,1.453194975852966309e+00,1.430543899536132812e+00,1.409010887145996094e+00,1.388533473014831543e+00,1.369053721427917480e+00,1.350518345832824707e+00,1.332879304885864258e+00,1.316090345382690430e+00,1.300110340118408203e+00,1.284899950027465820e+00,1.270424485206604004e+00,1.256649851799011230e+00,1.243545532226562500e+00,1.231082677841186523e+00,1.219234824180603027e+00,1.207977294921875000e+00,1.197287440299987793e+00,1.187143325805664062e+00,1.177525281906127930e+00,1.168415069580078125e+00,1.159795284271240234e+00,1.151649951934814453e+00,1.143964171409606934e+00,1.136724114418029785e+00,1.129917502403259277e+00,1.123531818389892578e+00,1.117556810379028320e+00,1.111981391906738281e+00,1.106797218322753906e+00,1.101995110511779785e+00,1.097567319869995117e+00,1.093506932258605957e+00,1.089807033538818359e+00,1.086462020874023438e+00,1.083466649055480957e+00,1.080815672874450684e+00,1.078505516052246094e+00,1.076532721519470215e+00,1.074893593788146973e+00,1.073586106300354004e+00,1.072608113288879395e+00,1.071958303451538086e+00,1.071635365486145020e+00,esquerda
5.969551563262939453e+00,5.971390247344970703e+00,5.975050449371337891e+00,5.980538368225097656e+00,5.987863063812255859e+00,5.997033596038818359e+00,6.008065223693847656e+00,6.020975112915039062e+00,6.035782814025878906e+00,6.052513122558593750e+00,6.071189880371093750e+00,6.091843605041503906e+00,5.769588947296142578e+00,5.348546981811523438e+00,4.984601020812988281e+00,4.668660163879394531e+00,4.391952514648437500e+00,4.148609638214111328e+00,3.931750535964965820e+00,3.736746788024902344e+00,3.561251640319824219e+00,3.402640104293823242e+00,3.257641553878784180e+00,3.125198841094970703e+00,3.005222558975219727e+00,2.894547224044799805e+00,2.792227983474731445e+00,2.697082519531250000e+00,2.610005140304565430e+00,2.528789997100830078e+00,2.452599048614501953e+00,2.382240533828735352e+00,2.316078901290893555e+00,2.253992080688476562e+00,2.196221828460693359e+00,2.141383409500122070e+00,2.090503931045532227e+00,2.042005062103271484e+00,1.996497511863708496e+00,1.953582286834716797e+00,1.912769317626953125e+00,1.874320030212402344e+00,1.837978601455688477e+00,1.803360462188720703e+00,1.770651459693908691e+00,1.739639163017272949e+00,1.710574269294738770e+00,1.682968974113464355e+00,1.656736493110656738e+00,1.631798863410949707e+00,1.608083128929138184e+00,1.585523486137390137e+00,1.564057826995849609e+00,1.543629288673400879e+00,1.524186134338378906e+00,1.505679249763488770e+00,1.488064050674438477e+00,1.471299886703491211e+00,1.455347537994384766e+00,1.440171003341674805e+00,1.425737857818603516e+00,1.412016510963439941e+00,1.398979306221008301e+00,1.386598944664001465e+00,1.374851107597351074e+00,1.363712430000305176e+00,1.353161573410034180e+00,1.343178868293762207e+00,1.333745598793029785e+00,1.324844598770141602e+00,1.316460013389587402e+00,1.308577179908752441e+00,1.301182031631469727e+00,1.294261932373046875e+00,1.287805199623107910e+00,1.281801223754882812e+00,1.276239871978759766e+00,1.271112203598022461e+00,1.266409635543823242e+00,1.262124776840209961e+00,1.258250951766967773e+00,1.254781842231750488e+00,1.251711964607238770e+00,1.249036550521850586e+00,1.246751666069030762e+00,1.244853496551513672e+00,1.243339300155639648e+00,1.242206811904907227e+00,1.241454124450683594e+00,1.241080164909362793e+00,1.241084337234497070e+00,1.241466522216796875e+00,1.242227673530578613e+00,1.243368625640869141e+00,1.244891405105590820e+00,1.246798038482666016e+00,1.249091625213623047e+00,1.251775622367858887e+00,1.254854083061218262e+00,1.258332133293151855e+00,1.262215018272399902e+00,1.266509175300598145e+00,1.271221041679382324e+00,1.276358246803283691e+00,1.281929254531860352e+00,1.287943243980407715e+00,1.294409871101379395e+00,1.301340222358703613e+00,1.308746099472045898e+00,1.316640138626098633e+00,1.325036048889160156e+00,1.333948731422424316e+00,1.343393683433532715e+00,1.353388905525207520e+00,1.363952279090881348e+00,1.375104546546936035e+00,1.386865854263305664e+00,1.399260640144348145e+00,1.412312865257263184e+00,1.426049470901489258e+00,1.440498590469360352e+00,1.455691933631896973e+00,1.471662163734436035e+00,1.488444685935974121e+00,1.506078958511352539e+00,1.524605870246887207e+00,1.544070839881896973e+00,1.564521074295043945e+00,1.586010813713073730e+00,1.608595490455627441e+00,1.631234169006347656e+00,1.618706822395324707e+00,1.587256550788879395e+00,1.557294607162475586e+00,1.528981924057006836e+00,1.502127885818481445e+00,1.477030873298645020e+00,1.453194260597229004e+00,1.430543661117553711e+00,1.409010529518127441e+00,1.388532996177673340e+00,1.369053483009338379e+00,1.350517988204956055e+00,1.332878947257995605e+00,1.316089987754821777e+00,1.300109982490539551e+00,1.284899950027465820e+00,1.270424127578735352e+00,1.256649613380432129e+00,1.243545413017272949e+00,1.231082558631896973e+00,1.219234704971313477e+00,1.207977175712585449e+00,1.197287201881408691e+00,1.187143206596374512e+00,1.177525162696838379e+00,1.168414950370788574e+00,1.159795165061950684e+00,1.151649832725524902e+00,1.143964052200317383e+00,1.136723995208740234e+00,1.129917383193969727e+00,1.123531818389892578e+00,1.117556810379028320e+00,1.111981391906738281e+00,1.106797218322753906e+00,1.101995110511779785e+00,1.097567319869995117e+00,1.093507051467895508e+00,1.089807152748107910e+00,1.086462020874023438e+00,1.083466649055480957e+00,1.080815792083740234e+00,1.078505635261535645e+00,1.076532721519470215e+00,1.074893712997436523e+00,1.073586225509643555e+00,1.072608232498168945e+00,1.071958422660827637e+00,1.071635484695434570e+00,esquerda
5.969552516937255859e+00,5.971391677856445312e+00,5.975051403045654297e+00,5.980539798736572266e+00,5.987864017486572266e+00,5.997034549713134766e+00,6.008066654205322266e+00,6.020976543426513672e+00,6.035784244537353516e+00,6.052514553070068359e+00,6.071191310882568359e+00,6.086942672729492188e+00,5.756608963012695312e+00,5.334282875061035156e+00,4.971230030059814453e+00,4.656073570251464844e+00,4.380060195922851562e+00,4.137332439422607422e+00,3.921024560928344727e+00,3.726520299911499023e+00,3.551477432250976562e+00,3.393276214599609375e+00,3.248655080795288086e+00,3.116558074951171875e+00,2.996896028518676758e+00,2.886512041091918945e+00,2.784462690353393555e+00,2.689568996429443359e+00,2.602722883224487305e+00,2.521723508834838867e+00,2.445735454559326172e+00,2.375564813613891602e+00,2.309580087661743164e+00,2.247659444808959961e+00,2.190044403076171875e+00,2.135353088378906250e+00,2.084610462188720703e+00,2.036241769790649414e+00,1.990856647491455078e+00,1.948057174682617188e+00,1.907354474067687988e+00,1.869008898735046387e+00,1.832765579223632812e+00,1.798240780830383301e+00,1.765620112419128418e+00,1.734608292579650879e+00,1.705627322196960449e+00,1.678101658821105957e+00,1.651945352554321289e+00,1.627079725265502930e+00,1.603432655334472656e+00,1.580938100814819336e+00,1.559534311294555664e+00,1.539165139198303223e+00,1.519778132438659668e+00,1.501324653625488281e+00,1.483760595321655273e+00,1.467044711112976074e+00,1.451138496398925781e+00,1.436005830764770508e+00,1.421614408493041992e+00,1.407932877540588379e+00,1.394932985305786133e+00,1.382588744163513184e+00,1.370874881744384766e+00,1.359768152236938477e+00,1.349248051643371582e+00,1.339294075965881348e+00,1.329888224601745605e+00,1.321012854576110840e+00,1.312652468681335449e+00,1.304792404174804688e+00,1.297418594360351562e+00,1.290518641471862793e+00,1.284080624580383301e+00,1.278093934059143066e+00,1.272548675537109375e+00,1.267435789108276367e+00,1.262746930122375488e+00,1.258474349975585938e+00,1.254611611366271973e+00,1.251152515411376953e+00,1.248091459274291992e+00,1.245423913002014160e+00,1.243145585060119629e+00,1.241252899169921875e+00,1.239742994308471680e+00,1.238613843917846680e+00,1.237863302230834961e+00,1.237490534782409668e+00,1.237494707107543945e+00,1.237875938415527344e+00,1.238634705543518066e+00,1.239772200584411621e+00,1.241290569305419922e+00,1.243191719055175781e+00,1.245478630065917969e+00,1.248154878616333008e+00,1.251224637031555176e+00,1.254692435264587402e+00,1.258564114570617676e+00,1.262845754623413086e+00,1.267543911933898926e+00,1.272666335105895996e+00,1.278221249580383301e+00,1.284217834472656250e+00,1.290665745735168457e+00,1.297576069831848145e+00,1.304960489273071289e+00,1.312831521034240723e+00,1.321203231811523438e+00,1.330090165138244629e+00,1.339507937431335449e+00,1.349473953247070312e+00,1.360006809234619141e+00,1.371126890182495117e+00,1.382854104042053223e+00,1.395213127136230469e+00,1.408227562904357910e+00,1.421924352645874023e+00,1.436331629753112793e+00,1.451481223106384277e+00,1.467404961585998535e+00,1.484139084815979004e+00,1.501722216606140137e+00,1.520195603370666504e+00,1.539604306221008301e+00,1.559995293617248535e+00,1.581423044204711914e+00,1.603942155838012695e+00,1.627029180526733398e+00,1.618709206581115723e+00,1.587258934974670410e+00,1.557296991348266602e+00,1.528984308242797852e+00,1.502125501632690430e+00,1.477028489112854004e+00,1.453191995620727539e+00,1.430541396141052246e+00,1.409008383750915527e+00,1.388530969619750977e+00,1.369051218032836914e+00,1.350515842437744141e+00,1.332876920700073242e+00,1.316087961196899414e+00,1.300107955932617188e+00,1.284897923469543457e+00,1.270422339439392090e+00,1.256647706031799316e+00,1.243543624877929688e+00,1.231080651283264160e+00,1.219232916831970215e+00,1.207975387573242188e+00,1.197285413742065430e+00,1.187141537666320801e+00,1.177523493766784668e+00,1.168413162231445312e+00,1.159793376922607422e+00,1.151648044586181641e+00,1.143962264060974121e+00,1.136722326278686523e+00,1.129915714263916016e+00,1.123530149459838867e+00,1.117554903030395508e+00,1.111979722976684570e+00,1.106795430183410645e+00,1.101993560791015625e+00,1.097565650939941406e+00,1.093505382537841797e+00,1.089805483818054199e+00,1.086460351943969727e+00,1.083464860916137695e+00,1.080814003944396973e+00,1.078503966331481934e+00,1.076531052589416504e+00,1.074892044067382812e+00,1.073584556579589844e+00,1.072606563568115234e+00,1.071956753730773926e+00,1.071633815765380859e+00,esquerda
5.969553470611572266e+00,5.971392631530761719e+00,5.975052356719970703e+00,5.980540752410888672e+00,5.987864971160888672e+00,5.997035980224609375e+00,6.008068084716796875e+00,6.020977497100830078e+00,6.035785675048828125e+00,6.052515506744384766e+00,6.071192264556884766e+00,6.074278831481933594e+00,5.739501476287841797e+00,5.318461418151855469e+00,4.956511497497558594e+00,4.642308712005615234e+00,4.367127418518066406e+00,4.125129699707031250e+00,3.909471511840820312e+00,3.715550422668457031e+00,3.541032075881958008e+00,3.383304119110107422e+00,3.239114761352539062e+00,3.107411861419677734e+00,2.988105535507202148e+00,2.878049612045288086e+00,2.776303291320800781e+00,2.681691169738769531e+00,2.595102071762084961e+00,2.514342069625854492e+00,2.438579082489013672e+00,2.368615627288818359e+00,2.302825450897216797e+00,2.241087198257446289e+00,2.183642148971557617e+00,2.129111528396606445e+00,2.078518152236938477e+00,2.030291557312011719e+00,1.985039591789245605e+00,1.942365884780883789e+00,1.901782035827636719e+00,1.863548755645751953e+00,1.827411174774169922e+00,1.792987585067749023e+00,1.760462284088134766e+00,1.729574918746948242e+00,1.700678110122680664e+00,1.673232197761535645e+00,1.647151708602905273e+00,1.622358322143554688e+00,1.598780035972595215e+00,1.576350808143615723e+00,1.555009126663208008e+00,1.534699082374572754e+00,1.515368223190307617e+00,1.496968388557434082e+00,1.479455232620239258e+00,1.462787866592407227e+00,1.446927905082702637e+00,1.431839227676391602e+00,1.417489528656005859e+00,1.403847694396972656e+00,1.390885472297668457e+00,1.378576993942260742e+00,1.366897106170654297e+00,1.355822801589965820e+00,1.345333099365234375e+00,1.335408091545104980e+00,1.326029539108276367e+00,1.317180037498474121e+00,1.308843970298767090e+00,1.301006555557250977e+00,1.293654203414916992e+00,1.286774158477783203e+00,1.280354976654052734e+00,1.274385571479797363e+00,1.268856406211853027e+00,1.263758420944213867e+00,1.259083271026611328e+00,1.254823088645935059e+00,1.250971436500549316e+00,1.247522473335266113e+00,1.244470357894897461e+00,1.241810441017150879e+00,1.239538669586181641e+00,1.237651586532592773e+00,1.236145973205566406e+00,1.235020160675048828e+00,1.234271883964538574e+00,1.233900189399719238e+00,1.233904242515563965e+00,1.234284400939941406e+00,1.235041022300720215e+00,1.236175298690795898e+00,1.237689137458801270e+00,1.239584803581237793e+00,1.241865038871765137e+00,1.244533658027648926e+00,1.247594475746154785e+00,1.251052379608154297e+00,1.254912853240966797e+00,1.259182095527648926e+00,1.263866543769836426e+00,1.268974065780639648e+00,1.274512887001037598e+00,1.280491948127746582e+00,1.286921262741088867e+00,1.293811559677124023e+00,1.301174521446228027e+00,1.309022903442382812e+00,1.317370295524597168e+00,1.326231241226196289e+00,1.335621714591979980e+00,1.345559000968933105e+00,1.356061339378356934e+00,1.367148995399475098e+00,1.378842353820800781e+00,1.391165614128112793e+00,1.404142260551452637e+00,1.417799234390258789e+00,1.432164788246154785e+00,1.447270274162292480e+00,1.463147997856140137e+00,1.479833722114562988e+00,1.497365832328796387e+00,1.515785574913024902e+00,1.535137653350830078e+00,1.555469870567321777e+00,1.576835155487060547e+00,1.599289178848266602e+00,1.622823953628540039e+00,1.618709683418273926e+00,1.587259411811828613e+00,1.557297348976135254e+00,1.528984785079956055e+00,1.502125501632690430e+00,1.477028369903564453e+00,1.453191995620727539e+00,1.430541276931762695e+00,1.409008145332336426e+00,1.388530850410461426e+00,1.369050860404968262e+00,1.350515604019165039e+00,1.332876563072204590e+00,1.316087603569030762e+00,1.300107717514038086e+00,1.284897446632385254e+00,1.270421981811523438e+00,1.256647467613220215e+00,1.243543028831481934e+00,1.231080412864685059e+00,1.219232678413391113e+00,1.207975149154663086e+00,1.197284936904907227e+00,1.187141060829162598e+00,1.177523255348205566e+00,1.168412804603576660e+00,1.159793019294738770e+00,1.151647686958312988e+00,1.143961906433105469e+00,1.136721968650817871e+00,1.129915237426757812e+00,1.123529791831970215e+00,1.117554426193237305e+00,1.111979365348815918e+00,1.106794834136962891e+00,1.101993083953857422e+00,1.097565174102783203e+00,1.093505024909973145e+00,1.089805006980895996e+00,1.086459875106811523e+00,1.083464384078979492e+00,1.080813527107238770e+00,1.078503489494323730e+00,1.076530575752258301e+00,1.074891567230224609e+00,1.073583960533142090e+00,1.072605967521667480e+00,1.071956276893615723e+00,1.071633338928222656e+00,esquerda
5.969553470611572266e+00,5.971392631530761719e+00,5.975052356719970703e+00,5.980540752410888672e+00,5.987864971160888672e+00,5.997035503387451172e+00,6.008067131042480469e+00,6.020977497100830078e+00,6.035785198211669922e+00,6.052515029907226562e+00,6.071191787719726562e+00,6.061650276184082031e+00,5.722441196441650391e+00,5.302684307098388672e+00,4.941832065582275391e+00,4.628579139709472656e+00,4.354228496551513672e+00,4.112958431243896484e+00,3.897948026657104492e+00,3.704607248306274414e+00,3.530610322952270508e+00,3.373353719711303711e+00,3.229593753814697266e+00,3.098282575607299805e+00,2.979331493377685547e+00,2.869602441787719727e+00,2.768157958984375000e+00,2.673825979232788086e+00,2.587492704391479492e+00,2.506971836090087891e+00,2.431432485580444336e+00,2.361675739288330078e+00,2.296079397201538086e+00,2.234523057937622070e+00,2.177246809005737305e+00,2.122877120971679688e+00,2.072432041168212891e+00,2.024347543716430664e+00,1.979228138923645020e+00,1.936679482460021973e+00,1.896214962005615234e+00,1.858093380928039551e+00,1.822061777114868164e+00,1.787738442420959473e+00,1.755307793617248535e+00,1.724543571472167969e+00,1.695730924606323242e+00,1.668365120887756348e+00,1.642360329627990723e+00,1.617639064788818359e+00,1.594129204750061035e+00,1.571765303611755371e+00,1.550485730171203613e+00,1.530234575271606445e+00,1.510960102081298828e+00,1.492613911628723145e+00,1.475151538848876953e+00,1.458532691001892090e+00,1.442718863487243652e+00,1.427673935890197754e+00,1.413366079330444336e+00,1.399763941764831543e+00,1.386839628219604492e+00,1.374566912651062012e+00,1.362920999526977539e+00,1.351878762245178223e+00,1.341419696807861328e+00,1.331523418426513672e+00,1.322172164916992188e+00,1.313348293304443359e+00,1.305036544799804688e+00,1.297222018241882324e+00,1.289891123771667480e+00,1.283030986785888672e+00,1.276630401611328125e+00,1.270678400993347168e+00,1.265165328979492188e+00,1.260082244873046875e+00,1.255420565605163574e+00,1.251172780990600586e+00,1.247332334518432617e+00,1.243893384933471680e+00,1.240850329399108887e+00,1.238198280334472656e+00,1.235933065414428711e+00,1.234051346778869629e+00,1.232550144195556641e+00,1.231427550315856934e+00,1.230681419372558594e+00,1.230310797691345215e+00,1.230314970016479492e+00,1.230693817138671875e+00,1.231448292732238770e+00,1.232579350471496582e+00,1.234088778495788574e+00,1.235979080200195312e+00,1.238252639770507812e+00,1.240913391113281250e+00,1.243965268135070801e+00,1.247413158416748047e+00,1.251262307167053223e+00,1.255519151687622070e+00,1.260190010070800781e+00,1.265282511711120605e+00,1.270805358886718750e+00,1.276767253875732422e+00,1.283177733421325684e+00,1.290048122406005859e+00,1.297389507293701172e+00,1.305214881896972656e+00,1.313538074493408203e+00,1.322373509407043457e+00,1.331736445426940918e+00,1.341645002365112305e+00,1.352116703987121582e+00,1.363172173500061035e+00,1.374831438064575195e+00,1.387118697166442871e+00,1.400057673454284668e+00,1.413675069808959961e+00,1.427998781204223633e+00,1.443060278892517090e+00,1.458891868591308594e+00,1.475528836250305176e+00,1.493010044097900391e+00,1.511376261711120605e+00,1.530672192573547363e+00,1.550945043563842773e+00,1.572248220443725586e+00,1.594637036323547363e+00,1.618172645568847656e+00,1.618127346038818359e+00,1.587206363677978516e+00,1.557246446609497070e+00,1.528935551643371582e+00,1.502125024795532227e+00,1.477027893066406250e+00,1.453191518783569336e+00,1.430540800094604492e+00,1.409007668495178223e+00,1.388530373573303223e+00,1.369050621986389160e+00,1.350515246391296387e+00,1.332876324653625488e+00,1.316087484359741211e+00,1.300107359886169434e+00,1.284897208213806152e+00,1.270421743392944336e+00,1.256647348403930664e+00,1.243542909622192383e+00,1.231080174446105957e+00,1.219232439994812012e+00,1.207975029945373535e+00,1.197284817695617676e+00,1.187140941619873047e+00,1.177523136138916016e+00,1.168412685394287109e+00,1.159792900085449219e+00,1.151647567749023438e+00,1.143961906433105469e+00,1.136721968650817871e+00,1.129915118217468262e+00,1.123529791831970215e+00,1.117554426193237305e+00,1.111979365348815918e+00,1.106794834136962891e+00,1.101993203163146973e+00,1.097565174102783203e+00,1.093505024909973145e+00,1.089805006980895996e+00,1.086459875106811523e+00,1.083464503288269043e+00,1.080813527107238770e+00,1.078503370285034180e+00,1.076530575752258301e+00,1.074891567230224609e+00,1.073584079742431641e+00,1.072606086730957031e+00,1.071956396102905273e+00,1.071633458137512207e+00,esquerda
5.969554424285888672e+00,5.971393585205078125e+00,5.975053787231445312e+00,5.980541706085205078e+00,5.987865924835205078e+00,5.997036933898925781e+00,6.008069038391113281e+00,6.020978927612304688e+00,6.035786628723144531e+00,6.052516460418701172e+00,6.071193695068359375e+00,6.049009323120117188e+00,5.705364704132080078e+00,5.286895275115966797e+00,4.927145481109619141e+00,4.614846706390380859e+00,4.341327667236328125e+00,4.100788116455078125e+00,3.886425733566284180e+00,3.693666934967041016e+00,3.520191192626953125e+00,3.363404750823974609e+00,3.220075130462646484e+00,3.089155673980712891e+00,2.970559120178222656e+00,2.861156702041625977e+00,2.760013818740844727e+00,2.665962219238281250e+00,2.579885482788085938e+00,2.499603271484375000e+00,2.424288034439086914e+00,2.354737043380737305e+00,2.289335012435913086e+00,2.227960586547851562e+00,2.170853614807128906e+00,2.116644144058227539e+00,2.066347837448120117e+00,2.018404722213745117e+00,1.973418474197387695e+00,1.930994868278503418e+00,1.890649199485778809e+00,1.852639436721801758e+00,1.816713571548461914e+00,1.782490849494934082e+00,1.750155210494995117e+00,1.719509601593017578e+00,1.690781116485595703e+00,1.663494825363159180e+00,1.637566328048706055e+00,1.612917304039001465e+00,1.589475989341735840e+00,1.567177295684814453e+00,1.545959830284118652e+00,1.525767922401428223e+00,1.506549596786499023e+00,1.488256931304931641e+00,1.470845699310302734e+00,1.454275250434875488e+00,1.438507676124572754e+00,1.423506617546081543e+00,1.409240484237670898e+00,1.395678162574768066e+00,1.382791280746459961e+00,1.370554447174072266e+00,1.358942627906799316e+00,1.347932696342468262e+00,1.337504148483276367e+00,1.327636837959289551e+00,1.318312764167785645e+00,1.309514760971069336e+00,1.301227211952209473e+00,1.293435335159301758e+00,1.286125898361206055e+00,1.279285788536071777e+00,1.272903919219970703e+00,1.266969442367553711e+00,1.261472463607788086e+00,1.256403923034667969e+00,1.251755952835083008e+00,1.247520565986633301e+00,1.243691563606262207e+00,1.240262627601623535e+00,1.237228274345397949e+00,1.234583973884582520e+00,1.232325434684753418e+00,1.230449199676513672e+00,1.228952527046203613e+00,1.227833271026611328e+00,1.227089047431945801e+00,1.226719617843627930e+00,1.226723790168762207e+00,1.227101564407348633e+00,1.227853894233703613e+00,1.228981494903564453e+00,1.230486512184143066e+00,1.232371211051940918e+00,1.234638333320617676e+00,1.237291097640991211e+00,1.240334153175354004e+00,1.243771910667419434e+00,1.247609972953796387e+00,1.251854419708251953e+00,1.256511569023132324e+00,1.261589407920837402e+00,1.267096042633056641e+00,1.273040294647216797e+00,1.279432177543640137e+00,1.286282300949096680e+00,1.293602466583251953e+00,1.301405072212219238e+00,1.309703946113586426e+00,1.318513631820678711e+00,1.327849268913269043e+00,1.337728738784790039e+00,1.348169922828674316e+00,1.359193086624145508e+00,1.370818376541137695e+00,1.383069634437561035e+00,1.395970940589904785e+00,1.409548521041870117e+00,1.423830509185791016e+00,1.438848018646240234e+00,1.454633474349975586e+00,1.471221804618835449e+00,1.488652110099792480e+00,1.506964683532714844e+00,1.526204347610473633e+00,1.546417832374572754e+00,1.567659020423889160e+00,1.589982390403747559e+00,1.613449215888977051e+00,1.617556571960449219e+00,1.587258934974670410e+00,1.557297348976135254e+00,1.528984785079956055e+00,1.502122521400451660e+00,1.477025628089904785e+00,1.453189253807067871e+00,1.430538654327392578e+00,1.409005641937255859e+00,1.388528347015380859e+00,1.369048476219177246e+00,1.350513219833374023e+00,1.332874178886413574e+00,1.316085457801818848e+00,1.300105333328247070e+00,1.284895181655883789e+00,1.270419955253601074e+00,1.256645441055297852e+00,1.243540883064270020e+00,1.231078267097473145e+00,1.219230532646179199e+00,1.207973003387451172e+00,1.197283029556274414e+00,1.187139153480529785e+00,1.177521228790283203e+00,1.168410778045654297e+00,1.159791111946105957e+00,1.151645779609680176e+00,1.143960118293762207e+00,1.136720180511474609e+00,1.129913449287414551e+00,1.123528003692626953e+00,1.117552757263183594e+00,1.111977696418762207e+00,1.106793165206909180e+00,1.101991415023803711e+00,1.097563505172729492e+00,1.093503236770629883e+00,1.089803218841552734e+00,1.086458325386047363e+00,1.083462834358215332e+00,1.080811858177185059e+00,1.078501820564270020e+00,1.076529026031494141e+00,1.074890017509460449e+00,1.073582410812377930e+00,1.072604417800903320e+00,1.071954727172851562e+00,1.071631789207458496e+00,esquerda
5.969555854797363281e+00,5.971394538879394531e+00,5.975054740905761719e+00,5.980542659759521484e+00,5.987866878509521484e+00,5.997037887573242188e+00,6.008069992065429688e+00,6.020979881286621094e+00,6.035787582397460938e+00,6.052517890930175781e+00,6.071194648742675781e+00,6.037754535675048828e+00,5.690058231353759766e+00,5.272617816925048828e+00,4.913763046264648438e+00,4.602248668670654297e+00,4.329424858093261719e+00,4.089501380920410156e+00,3.875692129135131836e+00,3.683433294296264648e+00,3.510410547256469727e+00,3.354036092758178711e+00,3.211083889007568359e+00,3.080510854721069336e+00,2.962228775024414062e+00,2.853117942810058594e+00,2.752244949340820312e+00,2.658445358276367188e+00,2.572600126266479492e+00,2.492533683776855469e+00,2.417421579360961914e+00,2.348058938980102539e+00,2.282833814620971680e+00,2.221625566482543945e+00,2.164673805236816406e+00,2.110611677169799805e+00,2.060452461242675781e+00,2.012639760971069336e+00,1.967776060104370117e+00,1.925468087196350098e+00,1.885232448577880859e+00,1.847326636314392090e+00,1.811498761177062988e+00,1.777369618415832520e+00,1.745122432708740234e+00,1.714477777481079102e+00,1.685833454132080078e+00,1.658627271652221680e+00,1.632774353027343750e+00,1.608197212219238281e+00,1.584824681282043457e+00,1.562591314315795898e+00,1.541435956954956055e+00,1.521303057670593262e+00,1.502141118049621582e+00,1.483901858329772949e+00,1.466541409492492676e+00,1.450019598007202148e+00,1.434298157691955566e+00,1.419341087341308594e+00,1.405116677284240723e+00,1.391594052314758301e+00,1.378744959831237793e+00,1.366543769836425781e+00,1.354965925216674805e+00,1.343988418579101562e+00,1.333590149879455566e+00,1.323751807212829590e+00,1.314455151557922363e+00,1.305682659149169922e+00,1.297419428825378418e+00,1.289650440216064453e+00,1.282362341880798340e+00,1.275542378425598145e+00,1.269179105758666992e+00,1.263261914253234863e+00,1.257781028747558594e+00,1.252727389335632324e+00,1.248093008995056152e+00,1.243870139122009277e+00,1.240052223205566406e+00,1.236633300781250000e+00,1.233607888221740723e+00,1.230971217155456543e+00,1.228719234466552734e+00,1.226848602294921875e+00,1.225356221199035645e+00,1.224240183830261230e+00,1.223498344421386719e+00,1.223129868507385254e+00,1.223133921623229980e+00,1.223510861396789551e+00,1.224260807037353516e+00,1.225385189056396484e+00,1.226885795593261719e+00,1.228764891624450684e+00,1.231025338172912598e+00,1.233670592308044434e+00,1.236704707145690918e+00,1.240132451057434082e+00,1.243959069252014160e+00,1.248191118240356445e+00,1.252834796905517578e+00,1.257897615432739258e+00,1.263388037681579590e+00,1.269315004348754883e+00,1.275688171386718750e+00,1.282518386840820312e+00,1.289817094802856445e+00,1.297596812248229980e+00,1.305871367454528809e+00,1.314655065536499023e+00,1.323963642120361328e+00,1.333814263343811035e+00,1.344224810600280762e+00,1.355215668678283691e+00,1.366806983947753906e+00,1.379022479057312012e+00,1.391885995864868164e+00,1.405423879623413086e+00,1.419664144515991211e+00,1.434637665748596191e+00,1.450376868247985840e+00,1.466916561126708984e+00,1.484295845031738281e+00,1.502555012702941895e+00,1.521738171577453613e+00,1.541892766952514648e+00,1.563071608543395996e+00,1.585329651832580566e+00,1.608727931976318359e+00,1.616937160491943359e+00,1.587257623672485352e+00,1.557296037673950195e+00,1.528983592987060547e+00,1.502122521400451660e+00,1.477025628089904785e+00,1.453189134597778320e+00,1.430538415908813477e+00,1.409005522727966309e+00,1.388528227806091309e+00,1.369048237800598145e+00,1.350512862205505371e+00,1.332874059677124023e+00,1.316085338592529297e+00,1.300105214118957520e+00,1.284894943237304688e+00,1.270419597625732422e+00,1.256645083427429199e+00,1.243540644645690918e+00,1.231078028678894043e+00,1.219230175018310547e+00,1.207972526550292969e+00,1.197282671928405762e+00,1.187138676643371582e+00,1.177520751953125000e+00,1.168410420417785645e+00,1.159790635108947754e+00,1.151645421981811523e+00,1.143959641456604004e+00,1.136719703674316406e+00,1.129912972450256348e+00,1.123527407646179199e+00,1.117552280426025391e+00,1.111977100372314453e+00,1.106792807579040527e+00,1.101990938186645508e+00,1.097563028335571289e+00,1.093502759933471680e+00,1.089802742004394531e+00,1.086457848548889160e+00,1.083462238311767578e+00,1.080811381340026855e+00,1.078501343727111816e+00,1.076528549194335938e+00,1.074889421463012695e+00,1.073581933975219727e+00,1.072603940963745117e+00,1.071954131126403809e+00,1.071631193161010742e+00,esquerda
5.969555854797363281e+00,5.971394538879394531e+00,5.975054740905761719e+00,5.980542659759521484e+00,5.987867355346679688e+00,5.997037887573242188e+00,6.008069515228271484e+00,6.020979404449462891e+00,6.035787582397460938e+00,6.052516937255859375e+00,6.071194171905517578e+00,6.025127887725830078e+00,5.672999858856201172e+00,5.256840705871582031e+00,4.899085044860839844e+00,4.588521003723144531e+00,4.316526889801025391e+00,4.077331542968750000e+00,3.864169359207153320e+00,3.672492027282714844e+00,3.499990940093994141e+00,3.344086885452270508e+00,3.201564073562622070e+00,3.071383237838745117e+00,2.953456163406372070e+00,2.844671726226806641e+00,2.744101285934448242e+00,2.650581359863281250e+00,2.564992189407348633e+00,2.485164642333984375e+00,2.410276174545288086e+00,2.341119766235351562e+00,2.276088953018188477e+00,2.215062856674194336e+00,2.158279895782470703e+00,2.104377985000610352e+00,2.054367542266845703e+00,2.006696462631225586e+00,1.961965680122375488e+00,1.919782757759094238e+00,1.879665851593017578e+00,1.841872215270996094e+00,1.806149840354919434e+00,1.772121429443359375e+00,1.739969134330749512e+00,1.709446668624877930e+00,1.680886268615722656e+00,1.653759956359863281e+00,1.627982854843139648e+00,1.603477954864501953e+00,1.580173969268798828e+00,1.558005809783935547e+00,1.536912560462951660e+00,1.516838908195495605e+00,1.497733116149902344e+00,1.479547262191772461e+00,1.462237954139709473e+00,1.445764541625976562e+00,1.430089116096496582e+00,1.415175914764404297e+00,1.400993347167968750e+00,1.387510180473327637e+00,1.374699115753173828e+00,1.362533688545227051e+00,1.350989818572998047e+00,1.340044379234313965e+00,1.329676866531372070e+00,1.319867134094238281e+00,1.310597777366638184e+00,1.301851272583007812e+00,1.293612241744995117e+00,1.285866141319274902e+00,1.278599381446838379e+00,1.271799206733703613e+00,1.265454769134521484e+00,1.259554743766784668e+00,1.254089951515197754e+00,1.249051213264465332e+00,1.244430541992187500e+00,1.240219950675964355e+00,1.236413359642028809e+00,1.233004331588745117e+00,1.229987740516662598e+00,1.227358818054199219e+00,1.225113511085510254e+00,1.223248362541198730e+00,1.221760392189025879e+00,1.220647692680358887e+00,1.219907999038696289e+00,1.219540596008300781e+00,1.219544649124145508e+00,1.219920277595520020e+00,1.220668196678161621e+00,1.221789360046386719e+00,1.223285555839538574e+00,1.225159168243408203e+00,1.227412939071655273e+00,1.230050325393676758e+00,1.233075618743896484e+00,1.236493110656738281e+00,1.240308523178100586e+00,1.244528293609619141e+00,1.249158382415771484e+00,1.254206299781799316e+00,1.259680747985839844e+00,1.265590190887451172e+00,1.271944642066955566e+00,1.278754711151123047e+00,1.286032199859619141e+00,1.293789029121398926e+00,1.302039384841918945e+00,1.310797452926635742e+00,1.320078492164611816e+00,1.329900026321411133e+00,1.340280294418334961e+00,1.351238846778869629e+00,1.362796068191528320e+00,1.374975800514221191e+00,1.387801408767700195e+00,1.401299715042114258e+00,1.415498137474060059e+00,1.430427789688110352e+00,1.446120619773864746e+00,1.462611913681030273e+00,1.479940176010131836e+00,1.498145699501037598e+00,1.517272710800170898e+00,1.537368178367614746e+00,1.558484792709350586e+00,1.580677390098571777e+00,1.604006886482238770e+00,1.616254329681396484e+00,1.587185740470886230e+00,1.557226538658142090e+00,1.528916478157043457e+00,1.502122998237609863e+00,1.477025866508483887e+00,1.453189611434936523e+00,1.430538654327392578e+00,1.409005761146545410e+00,1.388528347015380859e+00,1.369048595428466797e+00,1.350513219833374023e+00,1.332874417304992676e+00,1.316085457801818848e+00,1.300105333328247070e+00,1.284895300865173340e+00,1.270419716835021973e+00,1.256645321846008301e+00,1.243540883064270020e+00,1.231078267097473145e+00,1.219230532646179199e+00,1.207973003387451172e+00,1.197283029556274414e+00,1.187139034271240234e+00,1.177521109580993652e+00,1.168410658836364746e+00,1.159791111946105957e+00,1.151645779609680176e+00,1.143959879875183105e+00,1.136719942092895508e+00,1.129913449287414551e+00,1.123527646064758301e+00,1.117552638053894043e+00,1.111977338790893555e+00,1.106793045997619629e+00,1.101991057395935059e+00,1.097563266754150391e+00,1.093502998352050781e+00,1.089802980422973633e+00,1.086457967758178711e+00,1.083462476730346680e+00,1.080811619758605957e+00,1.078501582145690918e+00,1.076528668403625488e+00,1.074889659881591797e+00,1.073582172393798828e+00,1.072604179382324219e+00,1.071954369544982910e+00,1.071631431579589844e+00,esquerda
5.969556331634521484e+00,5.971395015716552734e+00,5.975055217742919922e+00,5.980543136596679688e+00,5.987867832183837891e+00,5.997038364410400391e+00,6.008069992065429688e+00,6.020979881286621094e+00,6.035788059234619141e+00,6.052517890930175781e+00,6.071194648742675781e+00,6.012470245361328125e+00,5.655900001525878906e+00,5.241026878356933594e+00,4.884371757507324219e+00,4.574761390686035156e+00,4.303598880767822266e+00,4.065133094787597656e+00,3.852619647979736328e+00,3.661524534225463867e+00,3.489547252655029297e+00,3.334115982055664062e+00,3.192025184631347656e+00,3.062237739562988281e+00,2.944666624069213867e+00,2.836210250854492188e+00,2.735941886901855469e+00,2.642703533172607422e+00,2.557371854782104492e+00,2.477783918380737305e+00,2.403119564056396484e+00,2.334170818328857422e+00,2.269334316253662109e+00,2.208490848541259766e+00,2.151877403259277344e+00,2.098136663436889648e+00,2.048274993896484375e+00,2.000746250152587891e+00,1.956148266792297363e+00,1.914090991020202637e+00,1.874093532562255859e+00,1.836412072181701660e+00,1.800795555114746094e+00,1.766867876052856445e+00,1.734810829162597656e+00,1.704413414001464844e+00,1.675937175750732422e+00,1.648890495300292969e+00,1.623189210891723633e+00,1.598756790161132812e+00,1.575521349906921387e+00,1.553418278694152832e+00,1.532387137413024902e+00,1.512372374534606934e+00,1.493322849273681641e+00,1.475190758705139160e+00,1.457932472229003906e+00,1.441507577896118164e+00,1.425878167152404785e+00,1.411008834838867188e+00,1.396867990493774414e+00,1.383424639701843262e+00,1.370651125907897949e+00,1.358521580696105957e+00,1.347011685371398926e+00,1.336098313331604004e+00,1.325761437416076660e+00,1.315980672836303711e+00,1.306738376617431641e+00,1.298017621040344238e+00,1.289802908897399902e+00,1.282079577445983887e+00,1.274834275245666504e+00,1.268054127693176270e+00,1.261728405952453613e+00,1.255845785140991211e+00,1.250397086143493652e+00,1.245373249053955078e+00,1.240765929222106934e+00,1.236567854881286621e+00,1.232772350311279297e+00,1.229373574256896973e+00,1.226365685462951660e+00,1.223744630813598633e+00,1.221505880355834961e+00,1.219646215438842773e+00,1.218162536621093750e+00,1.217053055763244629e+00,1.216315507888793945e+00,1.215949296951293945e+00,1.215953350067138672e+00,1.216327905654907227e+00,1.217073559761047363e+00,1.218191385269165039e+00,1.219683170318603516e+00,1.221551299095153809e+00,1.223798394203186035e+00,1.226428151130676270e+00,1.229444384574890137e+00,1.232851862907409668e+00,1.236656069755554199e+00,1.240863323211669922e+00,1.245479702949523926e+00,1.250512838363647461e+00,1.255971074104309082e+00,1.261863112449645996e+00,1.268198847770690918e+00,1.274989008903503418e+00,1.282244920730590820e+00,1.289978981018066406e+00,1.298205018043518066e+00,1.306936979293823242e+00,1.316190838813781738e+00,1.325983405113220215e+00,1.336333155632019043e+00,1.347259402275085449e+00,1.358782768249511719e+00,1.370926499366760254e+00,1.383714437484741211e+00,1.397172808647155762e+00,1.411329269409179688e+00,1.426215052604675293e+00,1.441861748695373535e+00,1.458304643630981445e+00,1.475581765174865723e+00,1.493733644485473633e+00,1.512804031372070312e+00,1.532840371131896973e+00,1.553894877433776855e+00,1.576022267341613770e+00,1.599283099174499512e+00,1.615695357322692871e+00,1.587251663208007812e+00,1.557290434837341309e+00,1.528978586196899414e+00,1.502121090888977051e+00,1.477024078369140625e+00,1.453187823295593262e+00,1.430537104606628418e+00,1.409004211425781250e+00,1.388526797294616699e+00,1.369047045707702637e+00,1.350511789321899414e+00,1.332872867584228516e+00,1.316084146499633789e+00,1.300104022026062012e+00,1.284893870353698730e+00,1.270418524742126465e+00,1.256644129753112793e+00,1.243539690971374512e+00,1.231077075004577637e+00,1.219229340553283691e+00,1.207971811294555664e+00,1.197281956672668457e+00,1.187137961387634277e+00,1.177519917488098145e+00,1.168409824371337891e+00,1.159790039062500000e+00,1.151644706726074219e+00,1.143958926200866699e+00,1.136718988418579102e+00,1.129912376403808594e+00,1.123526811599731445e+00,1.117551565170288086e+00,1.111976385116577148e+00,1.106792211532592773e+00,1.101990222930908203e+00,1.097562432289123535e+00,1.093502044677734375e+00,1.089802145957946777e+00,1.086457133293151855e+00,1.083461761474609375e+00,1.080810904502868652e+00,1.078500747680664062e+00,1.076527953147888184e+00,1.074888944625854492e+00,1.073581337928771973e+00,1.072603344917297363e+00,1.071953654289245605e+00,1.071630716323852539e+00,esquerda
5.969557285308837891e+00,5.971396446228027344e+00,5.975056171417236328e+00,5.980544567108154297e+00,5.987868785858154297e+00,5.997039318084716797e+00,6.008071422576904297e+00,6.020981788635253906e+00,6.035789489746093750e+00,6.052519321441650391e+00,6.071196079254150391e+00,6.000304222106933594e+00,5.639377593994140625e+00,5.225643157958984375e+00,4.869974136352539062e+00,4.561227321624755859e+00,4.290826320648193359e+00,4.053034305572509766e+00,3.841124534606933594e+00,3.650585412979125977e+00,3.479129791259765625e+00,3.324169158935546875e+00,3.182507514953613281e+00,3.053112030029296875e+00,2.935895442962646484e+00,2.827765703201293945e+00,2.727799177169799805e+00,2.634840965270996094e+00,2.549764871597290039e+00,2.470415592193603516e+00,2.395975112915039062e+00,2.327232837677001953e+00,2.262590169906616211e+00,2.201928377151489258e+00,2.145484209060668945e+00,2.091903686523437500e+00,2.042190790176391602e+00,1.994803428649902344e+00,1.950338363647460938e+00,1.908406257629394531e+00,1.868527531623840332e+00,1.830957651138305664e+00,1.795447111129760742e+00,1.761619925498962402e+00,1.729657769203186035e+00,1.699382543563842773e+00,1.670990109443664551e+00,1.644023418426513672e+00,1.618398189544677734e+00,1.594037532806396484e+00,1.570870757102966309e+00,1.548833012580871582e+00,1.527863860130310059e+00,1.507908225059509277e+00,1.488914966583251953e+00,1.470836400985717773e+00,1.453628897666931152e+00,1.437252521514892578e+00,1.421669363975524902e+00,1.406844019889831543e+00,1.392744779586791992e+00,1.379341006278991699e+00,1.366605281829833984e+00,1.354511499404907227e+00,1.343035578727722168e+00,1.332154631614685059e+00,1.321848034858703613e+00,1.312096238136291504e+00,1.302881360054016113e+00,1.294186353683471680e+00,1.285995721817016602e+00,1.278295159339904785e+00,1.271071195602416992e+00,1.264311194419860840e+00,1.258004069328308105e+00,1.252138853073120117e+00,1.246706247329711914e+00,1.241697192192077637e+00,1.237103462219238281e+00,1.232917785644531250e+00,1.229133605957031250e+00,1.225744605064392090e+00,1.222745776176452637e+00,1.220132350921630859e+00,1.217900395393371582e+00,1.216046094894409180e+00,1.214566826820373535e+00,1.213460683822631836e+00,1.212725400924682617e+00,1.212360143661499023e+00,1.212364196777343750e+00,1.212737679481506348e+00,1.213481068611145020e+00,1.214595437049865723e+00,1.216083049774169922e+00,1.217945456504821777e+00,1.220185995101928711e+00,1.222808003425598145e+00,1.225815415382385254e+00,1.229212760925292969e+00,1.233005762100219727e+00,1.237200498580932617e+00,1.241803288459777832e+00,1.246821641921997070e+00,1.252263784408569336e+00,1.258138537406921387e+00,1.264455437660217285e+00,1.271225452423095703e+00,1.278459906578063965e+00,1.286171078681945801e+00,1.294372916221618652e+00,1.303079128265380859e+00,1.312305808067321777e+00,1.322069525718688965e+00,1.332388520240783691e+00,1.343282580375671387e+00,1.354771852493286133e+00,1.366879701614379883e+00,1.379629969596862793e+00,1.393048644065856934e+00,1.407163500785827637e+00,1.422005176544189453e+00,1.437605738639831543e+00,1.453999876976013184e+00,1.471226096153259277e+00,1.489324212074279785e+00,1.508338689804077148e+00,1.528315782546997070e+00,1.549308300018310547e+00,1.571370244026184082e+00,1.594562411308288574e+00,1.615109443664550781e+00,1.587285161018371582e+00,1.557320713996887207e+00,1.529005885124206543e+00,1.502119660377502441e+00,1.477022767066955566e+00,1.453186392784118652e+00,1.430535674095153809e+00,1.409002661705017090e+00,1.388525485992431641e+00,1.369045734405517578e+00,1.350510358810424805e+00,1.332871437072753906e+00,1.316082715988159180e+00,1.300102591514587402e+00,1.284892439842224121e+00,1.270417094230651855e+00,1.256642580032348633e+00,1.243538260459899902e+00,1.231075644493103027e+00,1.219227910041809082e+00,1.207970261573791504e+00,1.197280406951904297e+00,1.187136411666870117e+00,1.177518486976623535e+00,1.168408393859863281e+00,1.159788608551025391e+00,1.151643276214599609e+00,1.143957614898681641e+00,1.136717557907104492e+00,1.129911065101623535e+00,1.123525261878967285e+00,1.117550373077392578e+00,1.111974954605102539e+00,1.106790781021118164e+00,1.101988792419433594e+00,1.097561001777648926e+00,1.093500614166259766e+00,1.089800715446472168e+00,1.086455821990966797e+00,1.083460330963134766e+00,1.080809354782104492e+00,1.078499317169189453e+00,1.076526522636413574e+00,1.074887394905090332e+00,1.073579907417297363e+00,1.072601914405822754e+00,1.071952104568481445e+00,1.071629166603088379e+00,esquerda
5.969558238983154297e+00,5.971397399902343750e+00,5.975057601928710938e+00,5.980545520782470703e+00,5.987869739532470703e+00,5.997040748596191406e+00,6.008072853088378906e+00,6.020982742309570312e+00,6.035790443420410156e+00,6.052520275115966797e+00,6.071197509765625000e+00,5.988568305969238281e+00,5.623509883880615234e+00,5.210953235626220703e+00,4.856296539306640625e+00,4.548425674438476562e+00,4.278790950775146484e+00,4.041671752929687500e+00,3.830360651016235352e+00,3.640347480773925781e+00,3.469345092773437500e+00,3.314796447753906250e+00,3.173512697219848633e+00,3.044463634490966797e+00,2.927561998367309570e+00,2.819723844528198242e+00,2.720028162002563477e+00,2.627322196960449219e+00,2.542477607727050781e+00,2.463344812393188477e+00,2.389107465744018555e+00,2.320553064346313477e+00,2.256087779998779297e+00,2.195592403411865234e+00,2.139303207397460938e+00,2.085870265960693359e+00,2.036294221878051758e+00,1.989037513732910156e+00,1.944695234298706055e+00,1.902878761291503906e+00,1.863110423088073730e+00,1.825644493103027344e+00,1.790232062339782715e+00,1.756498575210571289e+00,1.724624633789062500e+00,1.694348573684692383e+00,1.666040182113647461e+00,1.639153361320495605e+00,1.613604068756103516e+00,1.589315652847290039e+00,1.566217422485351562e+00,1.544245004653930664e+00,1.523338079452514648e+00,1.503441572189331055e+00,1.484504580497741699e+00,1.466479539871215820e+00,1.449323058128356934e+00,1.432995200157165527e+00,1.417458176612854004e+00,1.402676701545715332e+00,1.388619422912597656e+00,1.375255465507507324e+00,1.362557291984558105e+00,1.350499510765075684e+00,1.339057445526123047e+00,1.328208565711975098e+00,1.317932605743408203e+00,1.308209657669067383e+00,1.299022197723388672e+00,1.290352821350097656e+00,1.282186627388000488e+00,1.274508833885192871e+00,1.267306327819824219e+00,1.260566353797912598e+00,1.254277825355529785e+00,1.248430013656616211e+00,1.243013501167297363e+00,1.238019347190856934e+00,1.233439326286315918e+00,1.229266047477722168e+00,1.225492954254150391e+00,1.222114086151123047e+00,1.219124078750610352e+00,1.216518402099609375e+00,1.214293003082275391e+00,1.212444305419921875e+00,1.210969448089599609e+00,1.209866523742675781e+00,1.209133386611938477e+00,1.208769321441650391e+00,1.208773374557495117e+00,1.209145545959472656e+00,1.209886789321899414e+00,1.210998058319091797e+00,1.212481141090393066e+00,1.214338183403015137e+00,1.216572046279907227e+00,1.219186186790466309e+00,1.222184658050537109e+00,1.225572109222412109e+00,1.229353785514831543e+00,1.233536243438720703e+00,1.238125324249267578e+00,1.243128776550292969e+00,1.248554825782775879e+00,1.254412293434143066e+00,1.260710477828979492e+00,1.267460465431213379e+00,1.274673581123352051e+00,1.282361984252929688e+00,1.290539264678955078e+00,1.299219965934753418e+00,1.308419108390808105e+00,1.318153977394104004e+00,1.328442454338073730e+00,1.339304327964782715e+00,1.350759625434875488e+00,1.362831473350524902e+00,1.375543951988220215e+00,1.388922929763793945e+00,1.402995944023132324e+00,1.417793750762939453e+00,1.433348178863525391e+00,1.449693918228149414e+00,1.466868996620178223e+00,1.484913706779479980e+00,1.503871560096740723e+00,1.523789644241333008e+00,1.544719815254211426e+00,1.566716551780700684e+00,1.589840054512023926e+00,1.614155650138854980e+00,1.587274432182312012e+00,1.557310461997985840e+00,1.528995990753173828e+00,1.502118825912475586e+00,1.477021813392639160e+00,1.453185558319091797e+00,1.430534720420837402e+00,1.409001708030700684e+00,1.388524532318115234e+00,1.369044899940490723e+00,1.350509643554687500e+00,1.332870721817016602e+00,1.316081762313842773e+00,1.300101757049560547e+00,1.284891724586486816e+00,1.270416259765625000e+00,1.256641864776611328e+00,1.243537425994873047e+00,1.231074690818786621e+00,1.219227075576782227e+00,1.207969427108764648e+00,1.197279691696166992e+00,1.187135696411132812e+00,1.177517771720886230e+00,1.168407559394836426e+00,1.159787893295288086e+00,1.151642560958862305e+00,1.143956780433654785e+00,1.136716842651367188e+00,1.129910230636596680e+00,1.123524546623229980e+00,1.117549657821655273e+00,1.111974358558654785e+00,1.106790065765380859e+00,1.101988077163696289e+00,1.097560286521911621e+00,1.093500018119812012e+00,1.089800000190734863e+00,1.086455106735229492e+00,1.083459615707397461e+00,1.080808639526367188e+00,1.078498601913452148e+00,1.076525807380676270e+00,1.074886798858642578e+00,1.073579192161560059e+00,1.072601199150085449e+00,1.071951389312744141e+00,1.071628451347351074e+00,esquerda
5.969558238983154297e+00,5.971397399902343750e+00,5.975057125091552734e+00,5.980545520782470703e+00,5.987869739532470703e+00,5.997040271759033203e+00,6.008072376251220703e+00,6.020982742309570312e+00,6.035789966583251953e+00,6.052519798278808594e+00,6.071196556091308594e+00,5.975946426391601562e+00,5.606458663940429688e+00,5.195183753967285156e+00,4.841624259948730469e+00,4.534703731536865234e+00,4.265897750854492188e+00,4.029505729675292969e+00,3.818841695785522461e+00,3.629408597946166992e+00,3.458927631378173828e+00,3.304849147796630859e+00,3.163995027542114258e+00,3.035337924957275391e+00,2.918791055679321289e+00,2.811279296875000000e+00,2.711884737014770508e+00,2.619459152221679688e+00,2.534870862960815430e+00,2.455976247787475586e+00,2.381963253021240234e+00,2.313615083694458008e+00,2.249343633651733398e+00,2.189030170440673828e+00,2.132910013198852539e+00,2.079637527465820312e+00,2.030210256576538086e+00,1.983095169067382812e+00,1.938885450363159180e+00,1.897194147109985352e+00,1.857544779777526855e+00,1.820190429687500000e+00,1.784883856773376465e+00,1.751250863075256348e+00,1.719471931457519531e+00,1.689316511154174805e+00,1.661092281341552734e+00,1.634285330772399902e+00,1.608811974525451660e+00,1.584595680236816406e+00,1.561566233634948730e+00,1.539659023284912109e+00,1.518814086914062500e+00,1.498976588249206543e+00,1.480095863342285156e+00,1.462124347686767578e+00,1.445019006729125977e+00,1.428739428520202637e+00,1.413248658180236816e+00,1.398511052131652832e+00,1.384495496749877930e+00,1.371171236038208008e+00,1.358510851860046387e+00,1.346488714218139648e+00,1.335080862045288086e+00,1.324264168739318848e+00,1.314018726348876953e+00,1.304324626922607422e+00,1.295164346694946289e+00,1.286520719528198242e+00,1.278378725051879883e+00,1.270723938941955566e+00,1.263542771339416504e+00,1.256822824478149414e+00,1.250553011894226074e+00,1.244722604751586914e+00,1.239322066307067871e+00,1.234342694282531738e+00,1.229776144027709961e+00,1.225615262985229492e+00,1.221853375434875488e+00,1.218484640121459961e+00,1.215503692626953125e+00,1.212905645370483398e+00,1.210686802864074707e+00,1.208843708038330078e+00,1.207373142242431641e+00,1.206273436546325684e+00,1.205542564392089844e+00,1.205179572105407715e+00,1.205183506011962891e+00,1.205554723739624023e+00,1.206293821334838867e+00,1.207401752471923828e+00,1.208880305290222168e+00,1.210731983184814453e+00,1.212959170341491699e+00,1.215565562248229980e+00,1.218555092811584473e+00,1.221932411193847656e+00,1.225703001022338867e+00,1.229872822761535645e+00,1.234448432922363281e+00,1.239436984062194824e+00,1.244846940040588379e+00,1.250686883926391602e+00,1.256966590881347656e+00,1.263696551322937012e+00,1.270888209342956543e+00,1.278553724288940430e+00,1.286706805229187012e+00,1.295361757278442383e+00,1.304533481597900391e+00,1.314239501953125000e+00,1.324497342109680176e+00,1.335326910018920898e+00,1.346747994422912598e+00,1.358784317970275879e+00,1.371458888053894043e+00,1.384798169136047363e+00,1.398829340934753418e+00,1.413583159446716309e+00,1.429091334342956543e+00,1.445388555526733398e+00,1.462512731552124023e+00,1.480503916740417480e+00,1.499405622482299805e+00,1.519264221191406250e+00,1.540132284164428711e+00,1.562063932418823242e+00,1.585118532180786133e+00,1.609362006187438965e+00,1.587270140647888184e+00,1.557306766510009766e+00,1.528992533683776855e+00,1.502118110656738281e+00,1.477021336555480957e+00,1.453185081481933594e+00,1.430534362792968750e+00,1.409001469612121582e+00,1.388524174690246582e+00,1.369044661521911621e+00,1.350509285926818848e+00,1.332870364189147949e+00,1.316081523895263672e+00,1.300101637840270996e+00,1.284891486167907715e+00,1.270416140556335449e+00,1.256641507148742676e+00,1.243537306785583496e+00,1.231074571609497070e+00,1.219226837158203125e+00,1.207969307899475098e+00,1.197279572486877441e+00,1.187135577201843262e+00,1.177517652511596680e+00,1.168407440185546875e+00,1.159787654876708984e+00,1.151642441749572754e+00,1.143956661224365234e+00,1.136716842651367188e+00,1.129910111427307129e+00,1.123524546623229980e+00,1.117549419403076172e+00,1.111974358558654785e+00,1.106790065765380859e+00,1.101988077163696289e+00,1.097560286521911621e+00,1.093500018119812012e+00,1.089800119400024414e+00,1.086455106735229492e+00,1.083459615707397461e+00,1.080808758735656738e+00,1.078498721122741699e+00,1.076525807380676270e+00,1.074886798858642578e+00,1.073579311370849609e+00,1.072601318359375000e+00,1.071951508522033691e+00,1.071628570556640625e+00,esquerda
5.969559669494628906e+00,5.971398353576660156e+00,5.975058555603027344e+00,5.980546474456787109e+00,5.987870693206787109e+00,5.997041702270507812e+00,6.008073806762695312e+00,6.020984172821044922e+00,6.035791397094726562e+00,6.052521228790283203e+00,6.071198463439941406e+00,5.963328838348388672e+00,5.589410781860351562e+00,5.179416656494140625e+00,4.826954364776611328e+00,4.520982265472412109e+00,4.253005981445312500e+00,4.017340183258056641e+00,3.807323217391967773e+00,3.618470430374145508e+00,3.448510885238647461e+00,3.294903039932250977e+00,3.154478311538696289e+00,3.026213169097900391e+00,2.910019874572753906e+00,2.802835226058959961e+00,2.703742265701293945e+00,2.611596822738647461e+00,2.527264595031738281e+00,2.448608636856079102e+00,2.374819517135620117e+00,2.306677341461181641e+00,2.242599725723266602e+00,2.182468414306640625e+00,2.126517057418823242e+00,2.073404788970947266e+00,2.024126291275024414e+00,1.977152585983276367e+00,1.933075904846191406e+00,1.891509532928466797e+00,1.851978898048400879e+00,1.814736604690551758e+00,1.779535651206970215e+00,1.746002912521362305e+00,1.714319229125976562e+00,1.684283971786499023e+00,1.656144022941589355e+00,1.629416823387145996e+00,1.604019284248352051e+00,1.579874992370605469e+00,1.556914091110229492e+00,1.535072326660156250e+00,1.514289617538452148e+00,1.494511127471923828e+00,1.475686788558959961e+00,1.457768678665161133e+00,1.440714001655578613e+00,1.424483299255371094e+00,1.409038662910461426e+00,1.394344806671142578e+00,1.380370855331420898e+00,1.367086529731750488e+00,1.354463815689086914e+00,1.342477560043334961e+00,1.331103563308715820e+00,1.320319056510925293e+00,1.310104250907897949e+00,1.300439238548278809e+00,1.291305899620056152e+00,1.282688260078430176e+00,1.274570465087890625e+00,1.266938447952270508e+00,1.259778618812561035e+00,1.253078699111938477e+00,1.246827363967895508e+00,1.241014361381530762e+00,1.235630035400390625e+00,1.230665445327758789e+00,1.226112723350524902e+00,1.221964240074157715e+00,1.218213438987731934e+00,1.214854836463928223e+00,1.211882710456848145e+00,1.209292411804199219e+00,1.207080125808715820e+00,1.205242395401000977e+00,1.203776359558105469e+00,1.202679991722106934e+00,1.201951265335083008e+00,1.201589107513427734e+00,1.201593160629272461e+00,1.201963424682617188e+00,1.202700257301330566e+00,1.203804850578308105e+00,1.205279111862182617e+00,1.207125067710876465e+00,1.209345698356628418e+00,1.211944222450256348e+00,1.214924931526184082e+00,1.218292355537414551e+00,1.222051620483398438e+00,1.226209044456481934e+00,1.230770945549011230e+00,1.235744714736938477e+00,1.241138458251953125e+00,1.246961116790771484e+00,1.253221988677978516e+00,1.259931802749633789e+00,1.267101883888244629e+00,1.274744868278503418e+00,1.282873630523681641e+00,1.291502594947814941e+00,1.300647258758544922e+00,1.310324311256408691e+00,1.320551633834838867e+00,1.331349015235900879e+00,1.342736124992370605e+00,1.354736328125000000e+00,1.367373347282409668e+00,1.380672812461853027e+00,1.394662261009216309e+00,1.409372210502624512e+00,1.424834251403808594e+00,1.441082835197448730e+00,1.458155989646911621e+00,1.476093411445617676e+00,1.494938611984252930e+00,1.514738559722900391e+00,1.535544395446777344e+00,1.557410478591918945e+00,1.580396533012390137e+00,1.604567885398864746e+00,1.587262868881225586e+00,1.557299613952636719e+00,1.528985857963562012e+00,1.502115845680236816e+00,1.477019071578979492e+00,1.453182816505432129e+00,1.430532097816467285e+00,1.408999204635620117e+00,1.388521909713745117e+00,1.369042396545410156e+00,1.350507378578186035e+00,1.332868337631225586e+00,1.316079497337341309e+00,1.300099611282348633e+00,1.284889578819274902e+00,1.270414113998413086e+00,1.256639599800109863e+00,1.243535518646240234e+00,1.231072783470153809e+00,1.219225049018859863e+00,1.207967638969421387e+00,1.197277665138244629e+00,1.187133789062500000e+00,1.177515864372253418e+00,1.168405652046203613e+00,1.159785866737365723e+00,1.151640653610229492e+00,1.143954873085021973e+00,1.136715054512023926e+00,1.129908323287963867e+00,1.123522877693176270e+00,1.117547750473022461e+00,1.111972689628601074e+00,1.106788277626037598e+00,1.101986289024353027e+00,1.097558498382568359e+00,1.093498349189758301e+00,1.089798450469970703e+00,1.086453318595886230e+00,1.083457946777343750e+00,1.080807089805603027e+00,1.078497052192687988e+00,1.076524138450622559e+00,1.074885129928588867e+00,1.073577642440795898e+00,1.072599649429321289e+00,1.071949839591979980e+00,1.071626901626586914e+00,esquerda
5.969560623168945312e+00,5.971399307250976562e+00,5.975059509277343750e+00,5.980547428131103516e+00,5.987871646881103516e+00,5.997042655944824219e+00,6.008074760437011719e+00,6.020985126495361328e+00,6.035792350769042969e+00,6.052522659301757812e+00,6.071199417114257812e+00,5.952020645141601562e+00,5.574034214019775391e+00,5.165075778961181641e+00,4.813515663146972656e+00,4.508334159851074219e+00,4.241056442260742188e+00,4.006011486053466797e+00,3.796550273895263672e+00,3.608200550079345703e+00,3.438697338104248047e+00,3.285503625869750977e+00,3.145459175109863281e+00,3.017542839050292969e+00,2.901666641235351562e+00,2.794775009155273438e+00,2.695953845977783203e+00,2.604061841964721680e+00,2.519961833953857422e+00,2.441523313522338867e+00,2.367938280105590820e+00,2.299985408782958984e+00,2.236085653305053711e+00,2.176121234893798828e+00,2.120326042175292969e+00,2.067361593246459961e+00,2.018220424652099609e+00,1.971378326416015625e+00,1.927424550056457520e+00,1.885974407196044922e+00,1.846554398536682129e+00,1.809416294097900391e+00,1.774313807487487793e+00,1.740875244140625000e+00,1.709279894828796387e+00,1.679251194000244141e+00,1.651195406913757324e+00,1.624547958374023438e+00,1.599226355552673340e+00,1.575154423713684082e+00,1.552262067794799805e+00,1.530485510826110840e+00,1.509764790534973145e+00,1.490045547485351562e+00,1.471277356147766113e+00,1.453412771224975586e+00,1.436409115791320801e+00,1.420226812362670898e+00,1.404828310012817383e+00,1.390178561210632324e+00,1.376246571540832520e+00,1.363001585006713867e+00,1.350416660308837891e+00,1.338466048240661621e+00,1.327126026153564453e+00,1.316374063491821289e+00,1.306189537048339844e+00,1.296553254127502441e+00,1.287447571754455566e+00,1.278855562210083008e+00,1.270762085914611816e+00,1.263152837753295898e+00,1.256014227867126465e+00,1.249334454536437988e+00,1.243101835250854492e+00,1.237306118011474609e+00,1.231937885284423828e+00,1.226988196372985840e+00,1.222448945045471191e+00,1.218312978744506836e+00,1.214573621749877930e+00,1.211224794387817383e+00,1.208261609077453613e+00,1.205679059028625488e+00,1.203473329544067383e+00,1.201641082763671875e+00,1.200179457664489746e+00,1.199086308479309082e+00,1.198359727859497070e+00,1.197998762130737305e+00,1.198002815246582031e+00,1.198371887207031250e+00,1.199106574058532715e+00,1.200207829475402832e+00,1.201677680015563965e+00,1.203518152236938477e+00,1.205732226371765137e+00,1.208323001861572266e+00,1.211294889450073242e+00,1.214652061462402344e+00,1.218400120735168457e+00,1.222545146942138672e+00,1.227093458175659180e+00,1.232052326202392578e+00,1.237430095672607422e+00,1.243235230445861816e+00,1.249477267265319824e+00,1.256167054176330566e+00,1.263315916061401367e+00,1.270935893058776855e+00,1.279040336608886719e+00,1.287643671035766602e+00,1.296760916709899902e+00,1.306409120559692383e+00,1.316605925559997559e+00,1.327370762825012207e+00,1.338724017143249512e+00,1.350688576698303223e+00,1.363287568092346191e+00,1.376547336578369141e+00,1.390495061874389648e+00,1.405161023139953613e+00,1.420576691627502441e+00,1.436776876449584961e+00,1.453798890113830566e+00,1.471682786941528320e+00,1.490471959114074707e+00,1.510212302207946777e+00,1.530956029891967773e+00,1.552756905555725098e+00,1.575674414634704590e+00,1.599773287773132324e+00,1.587254762649536133e+00,1.557292103767395020e+00,1.528978824615478516e+00,1.502115845680236816e+00,1.477019071578979492e+00,1.453182816505432129e+00,1.430531978607177734e+00,1.408999204635620117e+00,1.388521909713745117e+00,1.369042158126831055e+00,1.350506901741027832e+00,1.332868099212646484e+00,1.316079258918762207e+00,1.300099253654479980e+00,1.284889340400695801e+00,1.270413875579833984e+00,1.256639480590820312e+00,1.243535161018371582e+00,1.231072545051574707e+00,1.219224810600280762e+00,1.207967281341552734e+00,1.197277426719665527e+00,1.187133550643920898e+00,1.177515625953674316e+00,1.168405294418334961e+00,1.159785628318786621e+00,1.151640415191650391e+00,1.143954634666442871e+00,1.136714816093444824e+00,1.129908084869384766e+00,1.123522520065307617e+00,1.117547392845153809e+00,1.111972332000732422e+00,1.106787919998168945e+00,1.101986050605773926e+00,1.097558140754699707e+00,1.093497991561889648e+00,1.089797973632812500e+00,1.086452960968017578e+00,1.083457589149475098e+00,1.080806612968444824e+00,1.078496575355529785e+00,1.076523780822753906e+00,1.074884772300720215e+00,1.073577165603637695e+00,1.072599172592163086e+00,1.071949362754821777e+00,1.071626424789428711e+00,esquerda
5.969560623168945312e+00,5.971399307250976562e+00,5.975059509277343750e+00,5.980547428131103516e+00,5.987872123718261719e+00,5.997042655944824219e+00,6.008074283599853516e+00,6.020984649658203125e+00,6.035792350769042969e+00,6.052522182464599609e+00,6.071198940277099609e+00,5.939401626586914062e+00,5.556985378265380859e+00,5.149308681488037109e+00,4.798845291137695312e+00,4.494613647460937500e+00,4.228165149688720703e+00,3.993847370147705078e+00,3.785032510757446289e+00,3.597263336181640625e+00,3.428281784057617188e+00,3.275558471679687500e+00,3.135943651199340820e+00,3.008419036865234375e+00,2.892897129058837891e+00,2.786332130432128906e+00,2.687812566757202148e+00,2.596200466156005859e+00,2.512356758117675781e+00,2.434156894683837891e+00,2.360795021057128906e+00,2.293048858642578125e+00,2.229342937469482422e+00,2.169560432434082031e+00,2.113934278488159180e+00,2.061130046844482422e+00,2.012137651443481445e+00,1.965436697006225586e+00,1.921616196632385254e+00,1.880291104316711426e+00,1.840989589691162109e+00,1.803963541984558105e+00,1.768966555595397949e+00,1.735628366470336914e+00,1.704128146171569824e+00,1.674220204353332520e+00,1.646248221397399902e+00,1.619680643081665039e+00,1.594434857368469238e+00,1.570434927940368652e+00,1.547611355781555176e+00,1.525899887084960938e+00,1.505241394042968750e+00,1.485581159591674805e+00,1.466869115829467773e+00,1.449057936668395996e+00,1.432105422019958496e+00,1.415971398353576660e+00,1.400619149208068848e+00,1.386013269424438477e+00,1.372122883796691895e+00,1.358917713165283203e+00,1.346370458602905273e+00,1.334455609321594238e+00,1.323149800300598145e+00,1.312429785728454590e+00,1.302275896072387695e+00,1.292668461799621582e+00,1.283590078353881836e+00,1.275023698806762695e+00,1.266954421997070312e+00,1.259367823600769043e+00,1.252250909805297852e+00,1.245590925216674805e+00,1.239377260208129883e+00,1.233598828315734863e+00,1.228246569633483887e+00,1.223311662673950195e+00,1.218786001205444336e+00,1.214662432670593262e+00,1.210934162139892578e+00,1.207595467567443848e+00,1.204641103744506836e+00,1.202066302299499512e+00,1.199867248535156250e+00,1.198040485382080078e+00,1.196583151817321777e+00,1.195493340492248535e+00,1.194769024848937988e+00,1.194409132003784180e+00,1.194413065910339355e+00,1.194781064987182617e+00,1.195513367652893066e+00,1.196611404418945312e+00,1.198076844215393066e+00,1.199911832809448242e+00,1.202119112014770508e+00,1.204702258110046387e+00,1.207665085792541504e+00,1.211012363433837891e+00,1.214749097824096680e+00,1.218881845474243164e+00,1.223416447639465332e+00,1.228360414505004883e+00,1.233721971511840820e+00,1.239509701728820801e+00,1.245733261108398438e+00,1.252402901649475098e+00,1.259530305862426758e+00,1.267127394676208496e+00,1.275207638740539551e+00,1.283785223960876465e+00,1.292874932289123535e+00,1.302494287490844727e+00,1.312660455703735352e+00,1.323393225669860840e+00,1.334712147712707520e+00,1.346640944480895996e+00,1.359202265739440918e+00,1.372422337532043457e+00,1.386328101158142090e+00,1.400950074195861816e+00,1.416319727897644043e+00,1.432471275329589844e+00,1.449442267417907715e+00,1.467272639274597168e+00,1.486005425453186035e+00,1.505686759948730469e+00,1.526368141174316406e+00,1.548103690147399902e+00,1.570952296257019043e+00,1.594979166984558105e+00,1.587245821952819824e+00,1.557283878326416016e+00,1.528970956802368164e+00,1.502115011215209961e+00,1.477018237113952637e+00,1.453181862831115723e+00,1.430531024932861328e+00,1.408998250961303711e+00,1.388520956039428711e+00,1.369041323661804199e+00,1.350506186485290527e+00,1.332867264747619629e+00,1.316078424453735352e+00,1.300098538398742676e+00,1.284888505935668945e+00,1.270413160324096680e+00,1.256638646125793457e+00,1.243534326553344727e+00,1.231071710586547852e+00,1.219223976135253906e+00,1.207966685295104980e+00,1.197276592254638672e+00,1.187132716178894043e+00,1.177515029907226562e+00,1.168404459953308105e+00,1.159784913063049316e+00,1.151639580726623535e+00,1.143953919410705566e+00,1.136713981628417969e+00,1.129907369613647461e+00,1.123521924018859863e+00,1.117546677589416504e+00,1.111971616744995117e+00,1.106787085533142090e+00,1.101985335350036621e+00,1.097557425498962402e+00,1.093497276306152344e+00,1.089797377586364746e+00,1.086452245712280273e+00,1.083456873893737793e+00,1.080805897712707520e+00,1.078495860099792480e+00,1.076523065567016602e+00,1.074884057044982910e+00,1.073576450347900391e+00,1.072598457336425781e+00,1.071948766708374023e+00,1.071625828742980957e+00,esquerda
5.969561576843261719e+00,5.971400260925292969e+00,5.975060462951660156e+00,5.980548858642578125e+00,5.987873077392578125e+00,5.997043609619140625e+00,6.008075714111328125e+00,6.020986080169677734e+00,6.035793304443359375e+00,6.052523612976074219e+00,6.071200370788574219e+00,5.926770210266113281e+00,5.539922714233398438e+00,5.133530616760253906e+00,4.784167289733886719e+00,4.480888366699218750e+00,4.215270519256591797e+00,3.981682062149047852e+00,3.773514747619628906e+00,3.586325645446777344e+00,3.417865037918090820e+00,3.265612363815307617e+00,3.126426935195922852e+00,2.999293565750122070e+00,2.884126424789428711e+00,2.777887582778930664e+00,2.679669618606567383e+00,2.588337421417236328e+00,2.504750251770019531e+00,2.426789045333862305e+00,2.353650808334350586e+00,2.286110877990722656e+00,2.222598791122436523e+00,2.162997961044311523e+00,2.107540607452392578e+00,2.054897069931030273e+00,2.006053209304809570e+00,1.959494113922119141e+00,1.915805816650390625e+00,1.874605774879455566e+00,1.835423469543457031e+00,1.798509359359741211e+00,1.763617753982543945e+00,1.730380415916442871e+00,1.698974609375000000e+00,1.669186830520629883e+00,1.641299009323120117e+00,1.614811420440673828e+00,1.589641571044921875e+00,1.565713763236999512e+00,1.542958617210388184e+00,1.521312475204467773e+00,1.500715970993041992e+00,1.481114983558654785e+00,1.462459087371826172e+00,1.444701671600341797e+00,1.427800059318542480e+00,1.411714553833007812e+00,1.396408319473266602e+00,1.381846308708190918e+00,1.367997765541076660e+00,1.354832291603088379e+00,1.342322707176208496e+00,1.330443859100341797e+00,1.319171786308288574e+00,1.308484196662902832e+00,1.298360705375671387e+00,1.288782238960266113e+00,1.279731035232543945e+00,1.271190524101257324e+00,1.263145565986633301e+00,1.255581855773925781e+00,1.248486161231994629e+00,1.241846203804016113e+00,1.235651135444641113e+00,1.229890108108520508e+00,1.224553942680358887e+00,1.219634056091308594e+00,1.215121984481811523e+00,1.211010694503784180e+00,1.207293629646301270e+00,1.203964948654174805e+00,1.201019525527954102e+00,1.198452472686767578e+00,1.196260094642639160e+00,1.194438695907592773e+00,1.192985773086547852e+00,1.191899299621582031e+00,1.191177010536193848e+00,1.190818190574645996e+00,1.190822243690490723e+00,1.191189050674438477e+00,1.191919326782226562e+00,1.193014025688171387e+00,1.194475054740905762e+00,1.196304559707641602e+00,1.198505163192749023e+00,1.201080441474914551e+00,1.204034447669982910e+00,1.207371473312377930e+00,1.211097121238708496e+00,1.215217351913452148e+00,1.219738364219665527e+00,1.224667549133300781e+00,1.230013012886047363e+00,1.235783338546752930e+00,1.241988062858581543e+00,1.248637795448303223e+00,1.255743741989135742e+00,1.263317823410034180e+00,1.271373867988586426e+00,1.279925584793090820e+00,1.288988113403320312e+00,1.298578381538391113e+00,1.308714032173156738e+00,1.319414615631103516e+00,1.330699682235717773e+00,1.342592358589172363e+00,1.355116128921508789e+00,1.368296384811401367e+00,1.382160305976867676e+00,1.396738409996032715e+00,1.412061691284179688e+00,1.428164601325988770e+00,1.445084810256958008e+00,1.462861418724060059e+00,1.481537818908691406e+00,1.501160025596618652e+00,1.521779179573059082e+00,1.543449401855468750e+00,1.566229462623596191e+00,1.590183854103088379e+00,1.587236642837524414e+00,1.557275056838989258e+00,1.528962969779968262e+00,1.502112984657287598e+00,1.477016210556030273e+00,1.453180074691772461e+00,1.430529594421386719e+00,1.408996701240539551e+00,1.388519406318664551e+00,1.369039773941040039e+00,1.350504636764526367e+00,1.332865834236145020e+00,1.316077113151550293e+00,1.300097107887268066e+00,1.284887075424194336e+00,1.270411849021911621e+00,1.256637215614318848e+00,1.243533015251159668e+00,1.231070280075073242e+00,1.219222664833068848e+00,1.207965135574340820e+00,1.197275400161743164e+00,1.187131524085998535e+00,1.177513718605041504e+00,1.168403387069702148e+00,1.159783720970153809e+00,1.151638507843017578e+00,1.143952727317810059e+00,1.136713027954101562e+00,1.129906177520751953e+00,1.123520851135253906e+00,1.117545604705810547e+00,1.111970543861389160e+00,1.106786131858825684e+00,1.101984381675720215e+00,1.097556471824645996e+00,1.093496322631835938e+00,1.089796304702758789e+00,1.086451292037963867e+00,1.083455920219421387e+00,1.080805063247680664e+00,1.078495025634765625e+00,1.076522111892700195e+00,1.074883103370666504e+00,1.073575615882873535e+00,1.072597622871398926e+00,1.071947932243347168e+00,1.071624994277954102e+00,esquerda
5.969562053680419922e+00,5.971401214599609375e+00,5.975060939788818359e+00,5.980549335479736328e+00,5.987873554229736328e+00,5.997044086456298828e+00,6.008076190948486328e+00,6.020986557006835938e+00,6.035794734954833984e+00,6.052524089813232422e+00,6.071200847625732422e+00,5.914155483245849609e+00,5.522878646850585938e+00,5.117766857147216797e+00,4.769499778747558594e+00,4.467169284820556641e+00,4.202380657196044922e+00,3.969519138336181641e+00,3.761997938156127930e+00,3.575389623641967773e+00,3.407449960708618164e+00,3.255667686462402344e+00,3.116911411285400391e+00,2.990169525146484375e+00,2.875356435775756836e+00,2.769444227218627930e+00,2.671527624130249023e+00,2.580476045608520508e+00,2.497143983840942383e+00,2.419421434402465820e+00,2.346506834030151367e+00,2.279173374176025391e+00,2.215855121612548828e+00,2.156436204910278320e+00,2.101147890090942383e+00,2.048664331436157227e+00,1.999969124794006348e+00,1.953551530838012695e+00,1.909996032714843750e+00,1.868921160697937012e+00,1.829857468605041504e+00,1.793055176734924316e+00,1.758269429206848145e+00,1.725132346153259277e+00,1.693821907043457031e+00,1.664155244827270508e+00,1.636351466178894043e+00,1.609943628311157227e+00,1.584849715232849121e+00,1.560994029045104980e+00,1.538307547569274902e+00,1.516726851463317871e+00,1.496192216873168945e+00,1.476650357246398926e+00,1.458050847053527832e+00,1.440346956253051758e+00,1.423496127128601074e+00,1.407459378242492676e+00,1.392199277877807617e+00,1.377681136131286621e+00,1.363874316215515137e+00,1.350748419761657715e+00,1.338276624679565430e+00,1.326433539390563965e+00,1.315195560455322266e+00,1.304540157318115234e+00,1.294447183609008789e+00,1.284897685050964355e+00,1.275873780250549316e+00,1.267358899116516113e+00,1.259338259696960449e+00,1.251797199249267578e+00,1.244723081588745117e+00,1.238103151321411133e+00,1.231926679611206055e+00,1.226183056831359863e+00,1.220863103866577148e+00,1.215957880020141602e+00,1.211459517478942871e+00,1.207360625267028809e+00,1.203654885292053223e+00,1.200336098670959473e+00,1.197399497032165527e+00,1.194840312004089355e+00,1.192654371261596680e+00,1.190838575363159180e+00,1.189390063285827637e+00,1.188306808471679688e+00,1.187586665153503418e+00,1.187229037284851074e+00,1.187233090400695801e+00,1.187598824501037598e+00,1.188326835632324219e+00,1.189418196678161621e+00,1.190874934196472168e+00,1.192698836326599121e+00,1.194892764091491699e+00,1.197460412979125977e+00,1.200405478477478027e+00,1.203732609748840332e+00,1.207446932792663574e+00,1.211554884910583496e+00,1.216062188148498535e+00,1.220976471900939941e+00,1.226305723190307617e+00,1.232058763504028320e+00,1.238244891166687012e+00,1.244874477386474609e+00,1.251958966255187988e+00,1.259510397911071777e+00,1.267542123794555664e+00,1.276067972183227539e+00,1.285103321075439453e+00,1.294664621353149414e+00,1.304769873619079590e+00,1.315438032150268555e+00,1.326689124107360840e+00,1.338546156883239746e+00,1.351031899452209473e+00,1.364172577857971191e+00,1.377994894981384277e+00,1.392528891563415527e+00,1.407806038856506348e+00,1.423860549926757812e+00,1.440729498863220215e+00,1.458452701568603516e+00,1.477072954177856445e+00,1.496635794639587402e+00,1.517193198204040527e+00,1.538798093795776367e+00,1.561509370803833008e+00,1.585391640663146973e+00,1.587191820144653320e+00,1.557232141494750977e+00,1.528921484947204590e+00,1.502112984657287598e+00,1.477016091346740723e+00,1.453179955482482910e+00,1.430529236793518066e+00,1.408996582031250000e+00,1.388519287109375000e+00,1.369039654731750488e+00,1.350504279136657715e+00,1.332865476608276367e+00,1.316076874732971191e+00,1.300096869468688965e+00,1.284886717796325684e+00,1.270411610603332520e+00,1.256637096405029297e+00,1.243532657623291016e+00,1.231070041656494141e+00,1.219222307205200195e+00,1.207964897155761719e+00,1.197275042533874512e+00,1.187131166458129883e+00,1.177513241767883301e+00,1.168403029441833496e+00,1.159783363342285156e+00,1.151638031005859375e+00,1.143952250480651855e+00,1.136712551116943359e+00,1.129905819892883301e+00,1.123520255088806152e+00,1.117545127868652344e+00,1.111970067024230957e+00,1.106785655021667480e+00,1.101983904838562012e+00,1.097556114196777344e+00,1.093495845794677734e+00,1.089795827865600586e+00,1.086450815200805664e+00,1.083455324172973633e+00,1.080804586410522461e+00,1.078494429588317871e+00,1.076521635055541992e+00,1.074882507324218750e+00,1.073575019836425781e+00,1.072597026824951172e+00,1.071947336196899414e+00,1.071624398231506348e+00,esquerda
5.969561100006103516e+00,5.971399784088134766e+00,5.975059986114501953e+00,5.980547904968261719e+00,5.987872600555419922e+00,5.997043132781982422e+00,6.008074760437011719e+00,6.020985603332519531e+00,6.035792827606201172e+00,6.052523136138916016e+00,6.071199893951416016e+00,5.902867317199707031e+00,5.507530689239501953e+00,5.103453159332275391e+00,4.756086826324462891e+00,4.454546451568603516e+00,4.190455436706542969e+00,3.958212137222290039e+00,3.751246213912963867e+00,3.565140485763549805e+00,3.397655248641967773e+00,3.246285676956176758e+00,3.107908248901367188e+00,2.981513738632202148e+00,2.867016553878784180e+00,2.761396646499633789e+00,2.663751125335693359e+00,2.572951793670654297e+00,2.489851951599121094e+00,2.412345647811889648e+00,2.339634895324707031e+00,2.272489786148071289e+00,2.209349155426025391e+00,2.150096893310546875e+00,2.094963788986206055e+00,2.042628049850463867e+00,1.994070053100585938e+00,1.947783350944519043e+00,1.904350757598876953e+00,1.863391757011413574e+00,1.824438571929931641e+00,1.787740230560302734e+00,1.753052592277526855e+00,1.720009326934814453e+00,1.688787221908569336e+00,1.659122467041015625e+00,1.631402850151062012e+00,1.605075001716613770e+00,1.580056786537170410e+00,1.556273460388183594e+00,1.533655524253845215e+00,1.512139916419982910e+00,1.491667628288269043e+00,1.472184777259826660e+00,1.453641533851623535e+00,1.435991048812866211e+00,1.419191360473632812e+00,1.403202891349792480e+00,1.387988924980163574e+00,1.373514890670776367e+00,1.359749674797058105e+00,1.346663594245910645e+00,1.334229469299316406e+00,1.322422266006469727e+00,1.311218261718750000e+00,1.300595045089721680e+00,1.290532708168029785e+00,1.281011819839477539e+00,1.272015452384948730e+00,1.263526201248168945e+00,1.255529761314392090e+00,1.248011589050292969e+00,1.240958929061889648e+00,1.234359025955200195e+00,1.228201150894165039e+00,1.222475051879882812e+00,1.217170953750610352e+00,1.212280750274658203e+00,1.207795977592468262e+00,1.203709363937377930e+00,1.200014829635620117e+00,1.196706056594848633e+00,1.193778395652770996e+00,1.191226959228515625e+00,1.189047694206237793e+00,1.187237501144409180e+00,1.185793280601501465e+00,1.184713244438171387e+00,1.183995366096496582e+00,1.183638811111450195e+00,1.183642745018005371e+00,1.184007406234741211e+00,1.184733152389526367e+00,1.185821294784545898e+00,1.187273621559143066e+00,1.189092040061950684e+00,1.191279411315917969e+00,1.193839192390441895e+00,1.196775317192077637e+00,1.200092315673828125e+00,1.203795433044433594e+00,1.207890987396240234e+00,1.212384581565856934e+00,1.217284202575683594e+00,1.222597241401672363e+00,1.228332757949829102e+00,1.234500169754028320e+00,1.241109728813171387e+00,1.248172998428344727e+00,1.255701541900634766e+00,1.263708949089050293e+00,1.272209167480468750e+00,1.281216859817504883e+00,1.290749430656433105e+00,1.300824046134948730e+00,1.311460137367248535e+00,1.322677135467529297e+00,1.334498167037963867e+00,1.346946358680725098e+00,1.360046982765197754e+00,1.373827576637268066e+00,1.388317823410034180e+00,1.403548717498779297e+00,1.419554591178894043e+00,1.436372637748718262e+00,1.454042196273803711e+00,1.472606062889099121e+00,1.492110013961791992e+00,1.512604951858520508e+00,1.534144639968872070e+00,1.556787371635437012e+00,1.580597281455993652e+00,1.586373209953308105e+00,1.557216644287109375e+00,1.528906941413879395e+00,1.502113342285156250e+00,1.477016568183898926e+00,1.453180193901062012e+00,1.430529594421386719e+00,1.408996701240539551e+00,1.388519525527954102e+00,1.369039893150329590e+00,1.350504636764526367e+00,1.332865834236145020e+00,1.316077113151550293e+00,1.300097107887268066e+00,1.284887075424194336e+00,1.270411729812622070e+00,1.256637215614318848e+00,1.243533015251159668e+00,1.231070280075073242e+00,1.219222664833068848e+00,1.207965135574340820e+00,1.197275400161743164e+00,1.187131404876708984e+00,1.177513599395751953e+00,1.168403267860412598e+00,1.159783601760864258e+00,1.151638388633728027e+00,1.143952608108520508e+00,1.136712789535522461e+00,1.129906058311462402e+00,1.123520612716674805e+00,1.117545485496520996e+00,1.111970186233520508e+00,1.106786012649536133e+00,1.101984143257141113e+00,1.097556352615356445e+00,1.093495965003967285e+00,1.089796066284179688e+00,1.086451053619384766e+00,1.083455681800842285e+00,1.080804824829101562e+00,1.078494668006896973e+00,1.076521873474121094e+00,1.074882864952087402e+00,1.073575258255004883e+00,1.072597384452819824e+00,1.071947574615478516e+00,1.071624636650085449e+00,esquerda
5.969563007354736328e+00,5.971402168273925781e+00,5.975061893463134766e+00,5.980550289154052734e+00,5.987874507904052734e+00,5.997045040130615234e+00,6.008077144622802734e+00,6.020987510681152344e+00,6.035795211791992188e+00,6.052524566650390625e+00,6.071201324462890625e+00,5.890220165252685547e+00,5.490443706512451172e+00,5.087650299072265625e+00,4.741383552551269531e+00,4.440793991088867188e+00,4.177534580230712891e+00,3.946020126342773438e+00,3.739702701568603516e+00,3.554178953170776367e+00,3.387217521667480469e+00,3.236319541931152344e+00,3.098373413085937500e+00,2.972372293472290039e+00,2.858230829238891602e+00,2.752938508987426758e+00,2.655595541000366211e+00,2.565077066421508789e+00,2.482234239578247070e+00,2.404968023300170898e+00,2.332481384277343750e+00,2.265542984008789062e+00,2.202596664428710938e+00,2.143526792526245117e+00,2.088563203811645508e+00,2.036388397216796875e+00,1.987979173660278320e+00,1.941834330558776855e+00,1.898534655570983887e+00,1.857701182365417480e+00,1.818866968154907227e+00,1.782280921936035156e+00,1.747699260711669922e+00,1.714756965637207031e+00,1.683629631996154785e+00,1.654091358184814453e+00,1.626455903053283691e+00,1.600207686424255371e+00,1.575265407562255859e+00,1.551554203033447266e+00,1.529004812240600586e+00,1.507554411888122559e+00,1.487144231796264648e+00,1.467720389366149902e+00,1.449233412742614746e+00,1.431636452674865723e+00,1.414887666702270508e+00,1.398947715759277344e+00,1.383779883384704590e+00,1.369349598884582520e+00,1.355626344680786133e+00,1.342579841613769531e+00,1.330183625221252441e+00,1.318411946296691895e+00,1.307241916656494141e+00,1.296650767326354980e+00,1.286618947982788086e+00,1.277127146720886230e+00,1.268157839775085449e+00,1.259694457054138184e+00,1.251722216606140137e+00,1.244227051734924316e+00,1.237195491790771484e+00,1.230615854263305664e+00,1.224476456642150879e+00,1.218767642974853516e+00,1.213479876518249512e+00,1.208604335784912109e+00,1.204133033752441406e+00,1.200058937072753906e+00,1.196375489234924316e+00,1.193076848983764648e+00,1.190158128738403320e+00,1.187614321708679199e+00,1.185441613197326660e+00,1.183636903762817383e+00,1.182197093963623047e+00,1.181120395660400391e+00,1.180404663085937500e+00,1.180049180984497070e+00,1.180053114891052246e+00,1.180416584014892578e+00,1.181140303611755371e+00,1.182225108146667480e+00,1.183672904968261719e+00,1.185485720634460449e+00,1.187666535377502441e+00,1.190218448638916016e+00,1.193145632743835449e+00,1.196452617645263672e+00,1.200144648551940918e+00,1.204227566719055176e+00,1.208707690238952637e+00,1.213592290878295898e+00,1.218889474868774414e+00,1.224607467651367188e+00,1.230756282806396484e+00,1.237345695495605469e+00,1.244387507438659668e+00,1.251893043518066406e+00,1.259876251220703125e+00,1.268350601196289062e+00,1.277331233024597168e+00,1.286834716796875000e+00,1.296878814697265625e+00,1.307482481002807617e+00,1.318665504455566406e+00,1.330450892448425293e+00,1.342861056327819824e+00,1.355922102928161621e+00,1.369660854339599609e+00,1.384107112884521484e+00,1.399291872978210449e+00,1.415249228477478027e+00,1.432016134262084961e+00,1.449632167816162109e+00,1.468139648437500000e+00,1.487584233283996582e+00,1.508017182350158691e+00,1.529491305351257324e+00,1.552065372467041016e+00,1.575803279876708984e+00,1.584892153739929199e+00,1.557273149490356445e+00,1.528959512710571289e+00,1.502111434936523438e+00,1.477014780044555664e+00,1.453178405761718750e+00,1.430528044700622559e+00,1.408995151519775391e+00,1.388517856597900391e+00,1.369038224220275879e+00,1.350503087043762207e+00,1.332864284515380859e+00,1.316075801849365234e+00,1.300095796585083008e+00,1.284885644912719727e+00,1.270410418510437012e+00,1.256636142730712891e+00,1.243531703948974609e+00,1.231069087982177734e+00,1.219221591949462891e+00,1.207963943481445312e+00,1.197274208068847656e+00,1.187130451202392578e+00,1.177512407302856445e+00,1.168402194976806641e+00,1.159782528877258301e+00,1.151637315750122070e+00,1.143951535224914551e+00,1.136711597442626953e+00,1.129905104637145996e+00,1.123519539833068848e+00,1.117544412612915039e+00,1.111969232559204102e+00,1.106785058975219727e+00,1.101983189582824707e+00,1.097555279731750488e+00,1.093495011329650879e+00,1.089795112609863281e+00,1.086450099945068359e+00,1.083454728126525879e+00,1.080803990364074707e+00,1.078493952751159668e+00,1.076521039009094238e+00,1.074881911277770996e+00,1.073574423789978027e+00,1.072596549987792969e+00,1.071946740150451660e+00,1.071623802185058594e+00,esquerda
5.969563484191894531e+00,5.971402645111083984e+00,5.975062847137451172e+00,5.980550765991210938e+00,5.987874984741210938e+00,5.997045516967773438e+00,6.008077621459960938e+00,6.020987987518310547e+00,6.035795688629150391e+00,6.052525043487548828e+00,6.071202278137207031e+00,5.877609252929687500e+00,5.473405361175537109e+00,5.071891784667968750e+00,4.726720809936523438e+00,4.427079677581787109e+00,4.164648056030273438e+00,3.933860540390014648e+00,3.728189468383789062e+00,3.543245077133178711e+00,3.376805067062377930e+00,3.226377487182617188e+00,3.088860273361206055e+00,2.963250875473022461e+00,2.849463701248168945e+00,2.744497299194335938e+00,2.647455692291259766e+00,2.557217359542846680e+00,2.474630355834960938e+00,2.397602796554565430e+00,2.325339555740356445e+00,2.258607625961303711e+00,2.195855140686035156e+00,2.136966705322265625e+00,2.082172393798828125e+00,2.030157566070556641e+00,1.981897115707397461e+00,1.935893774032592773e+00,1.892727017402648926e+00,1.852018356323242188e+00,1.813302993774414062e+00,1.776828646659851074e+00,1.742352843284606934e+00,1.709510803222656250e+00,1.678478479385375977e+00,1.649057507514953613e+00,1.621505856513977051e+00,1.595337748527526855e+00,1.570471286773681641e+00,1.546832203865051270e+00,1.524351596832275391e+00,1.502966403961181641e+00,1.482618212699890137e+00,1.463253736495971680e+00,1.444822907447814941e+00,1.427279591560363770e+00,1.410581707954406738e+00,1.394690275192260742e+00,1.379568457603454590e+00,1.365182280540466309e+00,1.351500630378723145e+00,1.338493943214416504e+00,1.326135277748107910e+00,1.314399600028991699e+00,1.303263545036315918e+00,1.292704582214355469e+00,1.282703280448913574e+00,1.273240327835083008e+00,1.264298439025878906e+00,1.255860805511474609e+00,1.247912883758544922e+00,1.240440249443054199e+00,1.233430385589599609e+00,1.226870536804199219e+00,1.220750093460083008e+00,1.215058565139770508e+00,1.209786772727966309e+00,1.204926013946533203e+00,1.200468540191650391e+00,1.196406722068786621e+00,1.192734479904174805e+00,1.189445972442626953e+00,1.186536073684692383e+00,1.183999896049499512e+00,1.181833982467651367e+00,1.180034756660461426e+00,1.178599238395690918e+00,1.177525877952575684e+00,1.176812291145324707e+00,1.176457762718200684e+00,1.176461815834045410e+00,1.176824212074279785e+00,1.177545666694641113e+00,1.178627133369445801e+00,1.180070400238037109e+00,1.181877851486206055e+00,1.184052109718322754e+00,1.186596274375915527e+00,1.189514636993408203e+00,1.192811489105224609e+00,1.196492075920104980e+00,1.200562834739685059e+00,1.205029129981994629e+00,1.209898829460144043e+00,1.215179800987243652e+00,1.220880746841430664e+00,1.227010488510131836e+00,1.233580112457275391e+00,1.240600347518920898e+00,1.248083353042602539e+00,1.256042122840881348e+00,1.264490604400634766e+00,1.273443818092346191e+00,1.282918572425842285e+00,1.292931914329528809e+00,1.303503513336181641e+00,1.314652442932128906e+00,1.326401591300964355e+00,1.338774323463439941e+00,1.351795673370361328e+00,1.365492582321166992e+00,1.379894852638244629e+00,1.395033478736877441e+00,1.410942196846008301e+00,1.427658200263977051e+00,1.445220470428466797e+00,1.463671684265136719e+00,1.483057141304016113e+00,1.503427863121032715e+00,1.524836659431457520e+00,1.547342061996459961e+00,1.571007609367370605e+00,1.583383917808532715e+00,1.557293415069580078e+00,1.528979659080505371e+00,1.502110481262207031e+00,1.477013707160949707e+00,1.453177452087402344e+00,1.430527091026306152e+00,1.408994197845458984e+00,1.388516902923583984e+00,1.369037508964538574e+00,1.350502252578735352e+00,1.332863450050354004e+00,1.316074728965759277e+00,1.300094842910766602e+00,1.284884929656982422e+00,1.270409464836120605e+00,1.256635189056396484e+00,1.243530869483947754e+00,1.231068253517150879e+00,1.219220757484436035e+00,1.207963109016418457e+00,1.197273373603820801e+00,1.187129616737365723e+00,1.177511572837829590e+00,1.168401479721069336e+00,1.159781813621520996e+00,1.151636481285095215e+00,1.143950819969177246e+00,1.136711001396179199e+00,1.129904389381408691e+00,1.123518824577331543e+00,1.117543816566467285e+00,1.111968517303466797e+00,1.106784462928771973e+00,1.101982355117797852e+00,1.097554564476013184e+00,1.093494296073913574e+00,1.089794397354125977e+00,1.086449384689331055e+00,1.083453893661499023e+00,1.080803155899047852e+00,1.078493118286132812e+00,1.076520323753356934e+00,1.074881196022033691e+00,1.073573708534240723e+00,1.072595715522766113e+00,1.071946024894714355e+00,1.071623086929321289e+00,esquerda
5.969564914703369141e+00,5.971403598785400391e+00,5.975063800811767578e+00,5.980551719665527344e+00,5.987876415252685547e+00,5.997046947479248047e+00,6.008078575134277344e+00,6.020988941192626953e+00,6.035797119140625000e+00,6.052525997161865234e+00,6.071203231811523438e+00,5.865398883819580078e+00,5.456828117370605469e+00,5.056462287902832031e+00,4.712286949157714844e+00,4.413515567779541016e+00,4.151850700378417969e+00,3.921741008758544922e+00,3.716681957244873047e+00,3.532311439514160156e+00,3.366391897201538086e+00,3.216434478759765625e+00,3.079346418380737305e+00,2.954128265380859375e+00,2.840695381164550781e+00,2.736055612564086914e+00,2.639315366744995117e+00,2.549356698989868164e+00,2.467025279998779297e+00,2.390236139297485352e+00,2.318196773529052734e+00,2.251670837402343750e+00,2.189112186431884766e+00,2.130405664443969727e+00,2.075780153274536133e+00,2.023925781250000000e+00,1.975813746452331543e+00,1.929951906204223633e+00,1.886917829513549805e+00,1.846334218978881836e+00,1.807737588882446289e+00,1.771375060081481934e+00,1.737004637718200684e+00,1.704263210296630859e+00,1.673325896263122559e+00,1.644025683403015137e+00,1.616558194160461426e+00,1.590470075607299805e+00,1.565679430961608887e+00,1.542112469673156738e+00,1.519700407981872559e+00,1.498380541801452637e+00,1.478094458580017090e+00,1.458788990974426270e+00,1.440414428710937500e+00,1.422924757003784180e+00,1.406277656555175781e+00,1.390434741973876953e+00,1.375359296798706055e+00,1.361016869544982910e+00,1.347376942634582520e+00,1.334409952163696289e+00,1.322088956832885742e+00,1.310389161109924316e+00,1.299287199974060059e+00,1.288760542869567871e+00,1.278789877891540527e+00,1.269355535507202148e+00,1.260441064834594727e+00,1.252029180526733398e+00,1.244105339050292969e+00,1.236655592918395996e+00,1.229667067527770996e+00,1.223127245903015137e+00,1.217025399208068848e+00,1.211351275444030762e+00,1.206095695495605469e+00,1.201249837875366211e+00,1.196805834770202637e+00,1.192756652832031250e+00,1.189095616340637207e+00,1.185817003250122070e+00,1.182915925979614258e+00,1.180387616157531738e+00,1.178228139877319336e+00,1.176434397697448730e+00,1.175003528594970703e+00,1.173933148384094238e+00,1.173221945762634277e+00,1.172868609428405762e+00,1.172872543334960938e+00,1.173233866691589355e+00,1.173953056335449219e+00,1.175031185150146484e+00,1.176470160484313965e+00,1.178272128105163574e+00,1.180439591407775879e+00,1.182976126670837402e+00,1.185885548591613770e+00,1.189172506332397461e+00,1.192841887474060059e+00,1.196900129318237305e+00,1.201352953910827637e+00,1.206207752227783203e+00,1.211472630500793457e+00,1.217155933380126953e+00,1.223267197608947754e+00,1.229816794395446777e+00,1.236815571784973145e+00,1.244275689125061035e+00,1.252210140228271484e+00,1.260632991790771484e+00,1.269558906555175781e+00,1.279004693031311035e+00,1.288987636566162109e+00,1.299526810646057129e+00,1.310641765594482422e+00,1.322355270385742188e+00,1.334690213203430176e+00,1.347671866416931152e+00,1.361326932907104492e+00,1.375685334205627441e+00,1.390777468681335449e+00,1.406637787818908691e+00,1.423302769660949707e+00,1.440811634063720703e+00,1.459206581115722656e+00,1.478533029556274414e+00,1.498841524124145508e+00,1.520185112953186035e+00,1.542621731758117676e+00,1.566215276718139648e+00,1.581829071044921875e+00,1.557246446609497070e+00,1.528934359550476074e+00,1.502110481262207031e+00,1.477013587951660156e+00,1.453177452087402344e+00,1.430526852607727051e+00,1.408994078636169434e+00,1.388516783714294434e+00,1.369037151336669922e+00,1.350502133369445801e+00,1.332863211631774902e+00,1.316074490547180176e+00,1.300094604492187500e+00,1.284884572029113770e+00,1.270409345626831055e+00,1.256634831428527832e+00,1.243530511856079102e+00,1.231068015098571777e+00,1.219220280647277832e+00,1.207962870597839355e+00,1.197273015975952148e+00,1.187129020690917969e+00,1.177511334419250488e+00,1.168401122093200684e+00,1.159781336784362793e+00,1.151636123657226562e+00,1.143950343132019043e+00,1.136710524559020996e+00,1.129903912544250488e+00,1.123518466949462891e+00,1.117543339729309082e+00,1.111968159675598145e+00,1.106783986091613770e+00,1.101981878280639648e+00,1.097554206848144531e+00,1.093493938446044922e+00,1.089794039726257324e+00,1.086449027061462402e+00,1.083453536033630371e+00,1.080802679061889648e+00,1.078492641448974609e+00,1.076519846916198730e+00,1.074880719184875488e+00,1.073573231697082520e+00,1.072595238685607910e+00,1.071945428848266602e+00,1.071622490882873535e+00,esquerda
5.969564437866210938e+00,5.971403121948242188e+00,5.975063323974609375e+00,5.980551242828369141e+00,5.987875938415527344e+00,5.997046470642089844e+00,6.008078098297119141e+00,6.020988464355468750e+00,6.035796642303466797e+00,6.052525997161865234e+00,6.071203231811523438e+00,5.853685855865478516e+00,5.440987586975097656e+00,5.041795253753662109e+00,4.698625564575195312e+00,4.400726795196533203e+00,4.139825344085693359e+00,3.910385370254516602e+00,3.705917596817016602e+00,3.522055864334106445e+00,3.356591224670410156e+00,3.207046985626220703e+00,3.070338010787963867e+00,2.945467472076416016e+00,2.832350492477416992e+00,2.728003740310668945e+00,2.631534576416015625e+00,2.541828632354736328e+00,2.459729671478271484e+00,2.383157253265380859e+00,2.311321496963500977e+00,2.244984388351440430e+00,2.182603359222412109e+00,2.124063730239868164e+00,2.069593667984008789e+00,2.017886877059936523e+00,1.969912171363830566e+00,1.924181222915649414e+00,1.881270170211791992e+00,1.840802669525146484e+00,1.802316546440124512e+00,1.766057848930358887e+00,1.731786012649536133e+00,1.699138045310974121e+00,1.668289422988891602e+00,1.638992547988891602e+00,1.611609220504760742e+00,1.585600852966308594e+00,1.560886144638061523e+00,1.537391185760498047e+00,1.515047669410705566e+00,1.493793129920959473e+00,1.473569273948669434e+00,1.454322695732116699e+00,1.436004400253295898e+00,1.418568253517150879e+00,1.401972293853759766e+00,1.386177897453308105e+00,1.371148467063903809e+00,1.356849908828735352e+00,1.343251824378967285e+00,1.330324411392211914e+00,1.318041205406188965e+00,1.306377172470092773e+00,1.295309066772460938e+00,1.284814715385437012e+00,1.274874567985534668e+00,1.265469312667846680e+00,1.256581902503967285e+00,1.248195767402648926e+00,1.240296244621276855e+00,1.232869386672973633e+00,1.225902080535888672e+00,1.219382286071777344e+00,1.213299274444580078e+00,1.207642316818237305e+00,1.202402830123901367e+00,1.197571873664855957e+00,1.193141579627990723e+00,1.189104557037353516e+00,1.185454726219177246e+00,1.182186365127563477e+00,1.179294109344482422e+00,1.176773428916931152e+00,1.174620628356933594e+00,1.172832369804382324e+00,1.171405792236328125e+00,1.170338749885559082e+00,1.169629693031311035e+00,1.169277429580688477e+00,1.169281363487243652e+00,1.169641494750976562e+00,1.170358538627624512e+00,1.171433448791503906e+00,1.172867894172668457e+00,1.174664378166198730e+00,1.176825284957885742e+00,1.179353952407836914e+00,1.182254552841186523e+00,1.185531258583068848e+00,1.189189553260803223e+00,1.193235278129577637e+00,1.197674393653869629e+00,1.202514290809631348e+00,1.207763195037841797e+00,1.213428974151611328e+00,1.219521522521972656e+00,1.226051092147827148e+00,1.233028411865234375e+00,1.240465760231018066e+00,1.248375892639160156e+00,1.256772756576538086e+00,1.265671491622924805e+00,1.275088310241699219e+00,1.285040736198425293e+00,1.295547604560852051e+00,1.306628584861755371e+00,1.318306088447570801e+00,1.330603122711181641e+00,1.343545079231262207e+00,1.357158303260803223e+00,1.371472716331481934e+00,1.386518836021423340e+00,1.402330517768859863e+00,1.418944478034973145e+00,1.436399698257446289e+00,1.454738259315490723e+00,1.474005341529846191e+00,1.494251728057861328e+00,1.515529751777648926e+00,1.537897944450378418e+00,1.561419010162353516e+00,1.580296635627746582e+00,1.557232260704040527e+00,1.528921246528625488e+00,1.502109885215759277e+00,1.477013111114501953e+00,1.453176975250244141e+00,1.430526375770568848e+00,1.408993601799011230e+00,1.388516426086425781e+00,1.369036912918090820e+00,1.350501775741577148e+00,1.332862973213195801e+00,1.316074132919311523e+00,1.300094366073608398e+00,1.284884333610534668e+00,1.270408987998962402e+00,1.256634712219238281e+00,1.243530392646789551e+00,1.231067895889282227e+00,1.219220280647277832e+00,1.207962751388549805e+00,1.197273015975952148e+00,1.187129020690917969e+00,1.177511215209960938e+00,1.168401122093200684e+00,1.159781217575073242e+00,1.151636123657226562e+00,1.143950462341308594e+00,1.136710524559020996e+00,1.129903912544250488e+00,1.123518466949462891e+00,1.117543339729309082e+00,1.111968159675598145e+00,1.106783986091613770e+00,1.101981997489929199e+00,1.097554206848144531e+00,1.093493938446044922e+00,1.089794039726257324e+00,1.086449027061462402e+00,1.083453655242919922e+00,1.080802798271179199e+00,1.078492760658264160e+00,1.076519846916198730e+00,1.074880719184875488e+00,1.073573350906372070e+00,1.072595357894897461e+00,1.071945667266845703e+00,1.071622729301452637e+00,esquerda
5.969565868377685547e+00,5.971404552459716797e+00,5.975064754486083984e+00,5.980552673339843750e+00,5.987877368927001953e+00,5.997047901153564453e+00,6.008079528808593750e+00,6.020989894866943359e+00,6.035798072814941406e+00,6.052527427673339844e+00,6.071204185485839844e+00,5.841077327728271484e+00,5.423953056335449219e+00,5.026038646697998047e+00,4.683965206146240234e+00,4.387014389038085938e+00,4.126940727233886719e+00,3.898227691650390625e+00,3.694405317306518555e+00,3.511123180389404297e+00,3.346179485321044922e+00,3.197105407714843750e+00,3.060825586318969727e+00,2.936346054077148438e+00,2.823583602905273438e+00,2.719562530517578125e+00,2.623394966125488281e+00,2.533969163894653320e+00,2.452126026153564453e+00,2.375792026519775391e+00,2.304179668426513672e+00,2.238048553466796875e+00,2.175861358642578125e+00,2.117503404617309570e+00,2.063202381134033203e+00,2.011655807495117188e+00,1.963829636573791504e+00,1.918240308761596680e+00,1.875461578369140625e+00,1.835119247436523438e+00,1.796751976013183594e+00,1.760605216026306152e+00,1.726438760757446289e+00,1.693891525268554688e+00,1.663137555122375488e+00,1.633961081504821777e+00,1.606661915779113770e+00,1.580733299255371094e+00,1.556094646453857422e+00,1.532671809196472168e+00,1.510396957397460938e+00,1.489207506179809570e+00,1.469045758247375488e+00,1.449858307838439941e+00,1.431596398353576660e+00,1.414213418960571289e+00,1.397668600082397461e+00,1.381922483444213867e+00,1.366939425468444824e+00,1.352684617042541504e+00,1.339128375053405762e+00,1.326240658760070801e+00,1.313995122909545898e+00,1.302366971969604492e+00,1.291332840919494629e+00,1.280870676040649414e+00,1.270960927009582520e+00,1.261584520339965820e+00,1.252724409103393555e+00,1.244364023208618164e+00,1.236488938331604004e+00,1.229084610939025879e+00,1.222138881683349609e+00,1.215639114379882812e+00,1.209574699401855469e+00,1.203935265541076660e+00,1.198711752891540527e+00,1.193895578384399414e+00,1.189478874206542969e+00,1.185454249382019043e+00,1.181815624237060547e+00,1.178557157516479492e+00,1.175673842430114746e+00,1.173161149024963379e+00,1.171014904975891113e+00,1.169232010841369629e+00,1.167809844017028809e+00,1.166746139526367188e+00,1.166039109230041504e+00,1.165688037872314453e+00,1.165691852569580078e+00,1.166050910949707031e+00,1.166765809059143066e+00,1.167837381362915039e+00,1.169267535209655762e+00,1.171058535575866699e+00,1.173212647438049316e+00,1.175733566284179688e+00,1.178625226020812988e+00,1.181891918182373047e+00,1.185539007186889648e+00,1.189572334289550781e+00,1.193997740745544434e+00,1.198822975158691406e+00,1.204055547714233398e+00,1.209704160690307617e+00,1.215777993202209473e+00,1.222287297248840332e+00,1.229243278503417969e+00,1.236657738685607910e+00,1.244543671607971191e+00,1.252914905548095703e+00,1.261786222457885742e+00,1.271174073219299316e+00,1.281095862388610840e+00,1.291570544242858887e+00,1.302617430686950684e+00,1.314259290695190430e+00,1.326518535614013672e+00,1.339420795440673828e+00,1.352992177009582520e+00,1.367262482643127441e+00,1.382262468338012695e+00,1.398025631904602051e+00,1.414588689804077148e+00,1.431990146636962891e+00,1.450272440910339355e+00,1.469480633735656738e+00,1.489664793014526367e+00,1.510877609252929688e+00,1.533177018165588379e+00,1.556625843048095703e+00,1.578775763511657715e+00,1.557233929634094238e+00,1.528922915458679199e+00,1.502107620239257812e+00,1.477010965347290039e+00,1.453174710273742676e+00,1.430524349212646484e+00,1.408991575241088867e+00,1.388514280319213867e+00,1.369034886360168457e+00,1.350499629974365234e+00,1.332860946655273438e+00,1.316072344779968262e+00,1.300092458724975586e+00,1.284882545471191406e+00,1.270407199859619141e+00,1.256632804870605469e+00,1.243528604507446289e+00,1.231065988540649414e+00,1.219218254089355469e+00,1.207960844039916992e+00,1.197271108627319336e+00,1.187127232551574707e+00,1.177509307861328125e+00,1.168399214744567871e+00,1.159779548645019531e+00,1.151634335517883301e+00,1.143948674201965332e+00,1.136708736419677734e+00,1.129902243614196777e+00,1.123516678810119629e+00,1.117541670799255371e+00,1.111966371536254883e+00,1.106782317161560059e+00,1.101980328559875488e+00,1.097552537918090820e+00,1.093492388725280762e+00,1.089792490005493164e+00,1.086447477340698242e+00,1.083451986312866211e+00,1.080801248550415039e+00,1.078491210937500000e+00,1.076518297195434570e+00,1.074879169464111328e+00,1.073571801185607910e+00,1.072593808174133301e+00,1.071943998336791992e+00,1.071621060371398926e+00,esquerda
5.969566822052001953e+00,5.971405982971191406e+00,5.975065708160400391e+00,5.980554103851318359e+00,5.987878322601318359e+00,5.997048854827880859e+00,6.008080482482910156e+00,6.020990848541259766e+00,6.035798549652099609e+00,6.052528381347656250e+00,6.071205139160156250e+00,5.828436851501464844e+00,5.406875133514404297e+00,5.010243415832519531e+00,4.669268608093261719e+00,4.373268127441406250e+00,4.114025592803955078e+00,3.886039733886718750e+00,3.682865858078002930e+00,3.500165939331054688e+00,3.335745811462402344e+00,3.187143325805664062e+00,3.051294565200805664e+00,2.927208423614501953e+00,2.814800977706909180e+00,2.711107254028320312e+00,2.615242242813110352e+00,2.526097297668457031e+00,2.444511175155639648e+00,2.368416070938110352e+00,2.297028064727783203e+00,2.231103897094726562e+00,2.169111013412475586e+00,2.110935449600219727e+00,2.056803464889526367e+00,2.005417823791503906e+00,1.957740664482116699e+00,1.912293195724487305e+00,1.869647622108459473e+00,1.829430460929870605e+00,1.791182160377502441e+00,1.755147337913513184e+00,1.721086859703063965e+00,1.688640475273132324e+00,1.657981753349304199e+00,1.628928661346435547e+00,1.601713538169860840e+00,1.575864791870117188e+00,1.551301956176757812e+00,1.527951240539550781e+00,1.505745053291320801e+00,1.484620928764343262e+00,1.464521169662475586e+00,1.445393085479736328e+00,1.427187085151672363e+00,1.409857988357543945e+00,1.393363833427429199e+00,1.377666473388671875e+00,1.362729430198669434e+00,1.348518729209899902e+00,1.335003972053527832e+00,1.322156071662902832e+00,1.309948325157165527e+00,1.298356056213378906e+00,1.287355899810791016e+00,1.276926040649414062e+00,1.267046689987182617e+00,1.257699251174926758e+00,1.248866319656372070e+00,1.240531802177429199e+00,1.232680797576904297e+00,1.225299596786499023e+00,1.218375205993652344e+00,1.211895346641540527e+00,1.205849647521972656e+00,1.200227618217468262e+00,1.195020198822021484e+00,1.190218806266784668e+00,1.185815691947937012e+00,1.181803464889526367e+00,1.178176045417785645e+00,1.174927711486816406e+00,1.172053217887878418e+00,1.169548273086547852e+00,1.167408704757690430e+00,1.165631294250488281e+00,1.164213418960571289e+00,1.163153052330017090e+00,1.162448287010192871e+00,1.162098288536071777e+00,1.162102222442626953e+00,1.162460088729858398e+00,1.163172721862792969e+00,1.164240956306457520e+00,1.165666818618774414e+00,1.167452216148376465e+00,1.169599771499633789e+00,1.172113060951232910e+00,1.174995779991149902e+00,1.178252339363098145e+00,1.181888103485107422e+00,1.185909032821655273e+00,1.190320968627929688e+00,1.195131301879882812e+00,1.200347661972045898e+00,1.205978870391845703e+00,1.212033987045288086e+00,1.218523383140563965e+00,1.225457906723022461e+00,1.232849478721618652e+00,1.240711212158203125e+00,1.249056696891784668e+00,1.257900714874267578e+00,1.267259836196899414e+00,1.277151107788085938e+00,1.287593364715576172e+00,1.298606395721435547e+00,1.310212373733520508e+00,1.322433829307556152e+00,1.335296273231506348e+00,1.348825931549072266e+00,1.363052368164062500e+00,1.378006100654602051e+00,1.393720865249633789e+00,1.410232663154602051e+00,1.427580714225769043e+00,1.445806741714477539e+00,1.464955806732177734e+00,1.485077738761901855e+00,1.506225228309631348e+00,1.528456091880798340e+00,1.551832675933837891e+00,1.576423406600952148e+00,1.557211518287658691e+00,1.528901576995849609e+00,1.502107620239257812e+00,1.477010846138000488e+00,1.453174710273742676e+00,1.430524230003356934e+00,1.408991336822509766e+00,1.388514161109924316e+00,1.369034528732299805e+00,1.350499510765075684e+00,1.332860708236694336e+00,1.316071987152099609e+00,1.300092220306396484e+00,1.284882187843322754e+00,1.270406961441040039e+00,1.256632447242736816e+00,1.243528246879577637e+00,1.231065630912780762e+00,1.219218015670776367e+00,1.207960605621337891e+00,1.197270750999450684e+00,1.187126874923706055e+00,1.177509069442749023e+00,1.168398857116699219e+00,1.159779191017150879e+00,1.151633977890014648e+00,1.143948197364807129e+00,1.136708259582519531e+00,1.129901885986328125e+00,1.123516321182250977e+00,1.117541193962097168e+00,1.111966013908386230e+00,1.106781721115112305e+00,1.101979851722717285e+00,1.097552180290222168e+00,1.093491911888122559e+00,1.089791893959045410e+00,1.086446881294250488e+00,1.083451390266418457e+00,1.080800652503967285e+00,1.078490614891052246e+00,1.076517820358276367e+00,1.074878573417663574e+00,1.073571205139160156e+00,1.072593212127685547e+00,1.071943402290344238e+00,1.071620464324951172e+00,esquerda
5.969565868377685547e+00,5.971404552459716797e+00,5.975064754486083984e+00,5.980553150177001953e+00,5.987877368927001953e+00,5.997047901153564453e+00,6.008079528808593750e+00,6.020990371704101562e+00,6.035798072814941406e+00,6.052527904510498047e+00,6.071204662322998047e+00,5.817128181457519531e+00,5.391499519348144531e+00,4.995906829833984375e+00,4.655834674835205078e+00,4.360626697540283203e+00,4.102084159851074219e+00,3.874719858169555664e+00,3.672102451324462891e+00,3.489905834197998047e+00,3.325941085815429688e+00,3.177752733230590820e+00,3.042283296585083008e+00,2.918545007705688477e+00,2.806454181671142578e+00,2.703053474426269531e+00,2.607459306716918945e+00,2.518568038940429688e+00,2.437213659286499023e+00,2.361335515975952148e+00,2.290151596069335938e+00,2.224416255950927734e+00,2.162600755691528320e+00,2.104592323303222656e+00,2.050616025924682617e+00,1.999378085136413574e+00,1.951838254928588867e+00,1.906521677970886230e+00,1.863999366760253906e+00,1.823898196220397949e+00,1.785760402679443359e+00,1.749830007553100586e+00,1.715867757797241211e+00,1.683515071868896484e+00,1.652944803237915039e+00,1.623896241188049316e+00,1.596764922142028809e+00,1.570996165275573730e+00,1.546509146690368652e+00,1.523230552673339844e+00,1.501093029975891113e+00,1.480034232139587402e+00,1.459996461868286133e+00,1.440927386283874512e+00,1.422777891159057617e+00,1.405502080917358398e+00,1.389058947563171387e+00,1.373410224914550781e+00,1.358519077301025391e+00,1.344352126121520996e+00,1.330879449844360352e+00,1.318071126937866211e+00,1.305901050567626953e+00,1.294344544410705566e+00,1.283378362655639648e+00,1.272980690002441406e+00,1.263131976127624512e+00,1.253813385963439941e+00,1.245007753372192383e+00,1.236698865890502930e+00,1.228872179985046387e+00,1.221513628959655762e+00,1.214610576629638672e+00,1.208150863647460938e+00,1.202123761177062988e+00,1.196519255638122559e+00,1.191327810287475586e+00,1.186541438102722168e+00,1.182151794433593750e+00,1.178151845932006836e+00,1.174535870552062988e+00,1.171297430992126465e+00,1.168431878089904785e+00,1.165934443473815918e+00,1.163801431655883789e+00,1.162029743194580078e+00,1.160616278648376465e+00,1.159559130668640137e+00,1.158856630325317383e+00,1.158507466316223145e+00,1.158511400222778320e+00,1.158868312835693359e+00,1.159578800201416016e+00,1.160643696784973145e+00,1.162065029144287109e+00,1.163844823837280273e+00,1.165985941886901855e+00,1.168491363525390625e+00,1.171365141868591309e+00,1.174611568450927734e+00,1.178236126899719238e+00,1.182244658470153809e+00,1.186642885208129883e+00,1.191438317298889160e+00,1.196638703346252441e+00,1.202252388000488281e+00,1.208288908004760742e+00,1.214758038520812988e+00,1.221671462059020996e+00,1.229040026664733887e+00,1.236877560615539551e+00,1.245197057723999023e+00,1.254013657569885254e+00,1.263343930244445801e+00,1.273204565048217773e+00,1.283614754676818848e+00,1.294593572616577148e+00,1.306163549423217773e+00,1.318347454071044922e+00,1.331170082092285156e+00,1.344657897949218750e+00,1.358840465545654297e+00,1.373747825622558594e+00,1.389414072036743164e+00,1.405874967575073242e+00,1.423169255256652832e+00,1.441339015960693359e+00,1.460428953170776367e+00,1.480488777160644531e+00,1.501570701599121094e+00,1.523732781410217285e+00,1.547037363052368164e+00,1.571551918983459473e+00,1.557295203208923340e+00,1.528981089591979980e+00,1.502106547355651855e+00,1.477009773254394531e+00,1.453173756599426270e+00,1.430523276329040527e+00,1.408990502357482910e+00,1.388513207435607910e+00,1.369033813476562500e+00,1.350498676300048828e+00,1.332859873771667480e+00,1.316071152687072754e+00,1.300091385841369629e+00,1.284881353378295898e+00,1.270406007766723633e+00,1.256631612777709961e+00,1.243527412414550781e+00,1.231064796447753906e+00,1.219217181205749512e+00,1.207959771156311035e+00,1.197269916534423828e+00,1.187126159667968750e+00,1.177508354187011719e+00,1.168398141860961914e+00,1.159778475761413574e+00,1.151633262634277344e+00,1.143947482109069824e+00,1.136707663536071777e+00,1.129901051521301270e+00,1.123515725135803223e+00,1.117540359497070312e+00,1.111965417861938477e+00,1.106781005859375000e+00,1.101979136466979980e+00,1.097551465034484863e+00,1.093491077423095703e+00,1.089791178703308105e+00,1.086446166038513184e+00,1.083450794219970703e+00,1.080799818038940430e+00,1.078489899635314941e+00,1.076517105102539062e+00,1.074877858161926270e+00,1.073570489883422852e+00,1.072592496871948242e+00,1.071942687034606934e+00,1.071619749069213867e+00,esquerda
5.969567775726318359e+00,5.971406936645507812e+00,5.975067138671875000e+00,5.980555057525634766e+00,5.987879276275634766e+00,5.997049808502197266e+00,6.008081912994384766e+00,6.020991802215576172e+00,6.035799980163574219e+00,6.052529335021972656e+00,6.071206569671630859e+00,5.804507255554199219e+00,5.374450206756591797e+00,4.980140209197998047e+00,4.641168117523193359e+00,4.346910476684570312e+00,4.089197635650634766e+00,3.862561225891113281e+00,3.660590171813964844e+00,3.478973150253295898e+00,3.315529108047485352e+00,3.167810440063476562e+00,3.032770395278930664e+00,2.909423589706420898e+00,2.797686815261840820e+00,2.694612264633178711e+00,2.599319458007812500e+00,2.510707855224609375e+00,2.429609537124633789e+00,2.353970289230346680e+00,2.283009529113769531e+00,2.217480182647705078e+00,2.155858755111694336e+00,2.098031759262084961e+00,2.044224500656127930e+00,1.993147134780883789e+00,1.945755720138549805e+00,1.900580644607543945e+00,1.858190774917602539e+00,1.818214535713195801e+00,1.780195713043212891e+00,1.744376778602600098e+00,1.710520386695861816e+00,1.678267955780029297e+00,1.647792816162109375e+00,1.618864297866821289e+00,1.591817021369934082e+00,1.566128015518188477e+00,1.541717290878295898e+00,1.518510818481445312e+00,1.496441602706909180e+00,1.475448012351989746e+00,1.455472469329833984e+00,1.436462521553039551e+00,1.418369054794311523e+00,1.401147007942199707e+00,1.384754896163940430e+00,1.369154453277587891e+00,1.354309558868408203e+00,1.340186595916748047e+00,1.326755523681640625e+00,1.313986897468566895e+00,1.301854610443115234e+00,1.290333867073059082e+00,1.279401659965515137e+00,1.269036293029785156e+00,1.259217858314514160e+00,1.249928355216979980e+00,1.241149902343750000e+00,1.232866883277893066e+00,1.225064516067504883e+00,1.217728734016418457e+00,1.210847020149230957e+00,1.204407215118408203e+00,1.198398828506469727e+00,1.192811727523803711e+00,1.187636375427246094e+00,1.182864785194396973e+00,1.178488731384277344e+00,1.174501419067382812e+00,1.170896410942077637e+00,1.167668104171752930e+00,1.164811372756958008e+00,1.162321686744689941e+00,1.160195469856262207e+00,1.158429145812988281e+00,1.157019853591918945e+00,1.155966162681579590e+00,1.155265688896179199e+00,1.154917836189270020e+00,1.154921650886535645e+00,1.155277252197265625e+00,1.155985474586486816e+00,1.157047271728515625e+00,1.158464193344116211e+00,1.160238504409790039e+00,1.162372946739196777e+00,1.164870619773864746e+00,1.167735457420349121e+00,1.170971989631652832e+00,1.174585223197937012e+00,1.178581357002258301e+00,1.182965993881225586e+00,1.187746524810791016e+00,1.192930817604064941e+00,1.198527336120605469e+00,1.204544782638549805e+00,1.210994243621826172e+00,1.217885851860046387e+00,1.225231766700744629e+00,1.233044862747192383e+00,1.241338729858398438e+00,1.250128030776977539e+00,1.259429216384887695e+00,1.269259452819824219e+00,1.279637336730957031e+00,1.290582060813903809e+00,1.302116274833679199e+00,1.314262390136718750e+00,1.327045321464538574e+00,1.340491294860839844e+00,1.354629993438720703e+00,1.369491338729858398e+00,1.385108709335327148e+00,1.401518702507019043e+00,1.418759465217590332e+00,1.436872959136962891e+00,1.455903530120849609e+00,1.475901365280151367e+00,1.496918082237243652e+00,1.519011497497558594e+00,1.542243480682373047e+00,1.566682100296020508e+00,1.557276964187622070e+00,1.528963923454284668e+00,1.502104759216308594e+00,1.477008223533630371e+00,1.453171968460083008e+00,1.430521488189697266e+00,1.408988714218139648e+00,1.388511657714843750e+00,1.369032144546508789e+00,1.350497007369995117e+00,1.332858324050903320e+00,1.316069602966308594e+00,1.300089836120605469e+00,1.284879922866821289e+00,1.270404696464538574e+00,1.256630420684814453e+00,1.243526101112365723e+00,1.231063485145568848e+00,1.219215989112854004e+00,1.207958579063415527e+00,1.197268724441528320e+00,1.187124848365783691e+00,1.177507162094116211e+00,1.168396949768066406e+00,1.159777283668518066e+00,1.151632070541381836e+00,1.143946528434753418e+00,1.136706709861755371e+00,1.129899978637695312e+00,1.123514652252197266e+00,1.117539286613464355e+00,1.111964464187622070e+00,1.106780052185058594e+00,1.101978302001953125e+00,1.097550511360168457e+00,1.093490242958068848e+00,1.089790344238281250e+00,1.086445212364196777e+00,1.083449959754943848e+00,1.080798983573913574e+00,1.078489065170288086e+00,1.076516270637512207e+00,1.074877142906188965e+00,1.073569655418395996e+00,1.072591662406921387e+00,1.071941852569580078e+00,1.071618914604187012e+00,esquerda
5.969568729400634766e+00,5.971407413482666016e+00,5.975067615509033203e+00,5.980555534362792969e+00,5.987879753112792969e+00,5.997050285339355469e+00,6.008082389831542969e+00,6.020992755889892578e+00,6.035800457000732422e+00,6.052529811859130859e+00,6.071207046508789062e+00,5.791903495788574219e+00,5.357419967651367188e+00,4.964388370513916016e+00,4.626511096954345703e+00,4.333201408386230469e+00,4.076316356658935547e+00,3.850405693054199219e+00,3.649079799652099609e+00,3.468042612075805664e+00,3.305119276046752930e+00,3.157870292663574219e+00,3.023259162902832031e+00,2.900303840637207031e+00,2.788920640945434570e+00,2.686172246932983398e+00,2.591181039810180664e+00,2.502848863601684570e+00,2.422006368637084961e+00,2.346605539321899414e+00,2.275868415832519531e+00,2.210545539855957031e+00,2.149117708206176758e+00,2.091472387313842773e+00,2.037833929061889648e+00,1.986916542053222656e+00,1.939673542976379395e+00,1.894640088081359863e+00,1.852383017539978027e+00,1.812531590461730957e+00,1.774631261825561523e+00,1.738924503326416016e+00,1.705173611640930176e+00,1.673021793365478516e+00,1.642641186714172363e+00,1.613831758499145508e+00,1.586868882179260254e+00,1.561259746551513672e+00,1.536924481391906738e+00,1.513790369033813477e+00,1.491789937019348145e+00,1.470861554145812988e+00,1.450948238372802734e+00,1.431997299194335938e+00,1.413960099220275879e+00,1.396791577339172363e+00,1.380450367927551270e+00,1.364898562431335449e+00,1.350099802017211914e+00,1.336020827293395996e+00,1.322631478309631348e+00,1.309902548789978027e+00,1.297807812690734863e+00,1.286323070526123047e+00,1.275424718856811523e+00,1.265091538429260254e+00,1.255303740501403809e+00,1.246042966842651367e+00,1.237292051315307617e+00,1.229034543037414551e+00,1.221256375312805176e+00,1.213943600654602051e+00,1.207083344459533691e+00,1.200663685798645020e+00,1.194673895835876465e+00,1.189103960990905762e+00,1.183944821357727051e+00,1.179188132286071777e+00,1.174825668334960938e+00,1.170850634574890137e+00,1.167256951332092285e+00,1.164038658142089844e+00,1.161190867424011230e+00,1.158708930015563965e+00,1.156589269638061523e+00,1.154828429222106934e+00,1.153423666954040527e+00,1.152373194694519043e+00,1.151674866676330566e+00,1.151327967643737793e+00,1.151331901550292969e+00,1.151686549186706543e+00,1.152392506599426270e+00,1.153450965881347656e+00,1.154863595962524414e+00,1.156632184982299805e+00,1.158759951591491699e+00,1.161249995231628418e+00,1.164106011390686035e+00,1.167332410812377930e+00,1.170934438705444336e+00,1.174918174743652344e+00,1.179289221763610840e+00,1.184054970741271973e+00,1.189223051071166992e+00,1.194801926612854004e+00,1.200801014900207520e+00,1.207230329513549805e+00,1.214100599288940430e+00,1.221423745155334473e+00,1.229212522506713867e+00,1.237480640411376953e+00,1.246242642402648926e+00,1.255514860153198242e+00,1.265314340591430664e+00,1.275660157203674316e+00,1.286570906639099121e+00,1.298069357872009277e+00,1.310177683830261230e+00,1.322920799255371094e+00,1.336325168609619141e+00,1.350419759750366211e+00,1.365234851837158203e+00,1.380803942680358887e+00,1.397162914276123047e+00,1.414350032806396484e+00,1.432407259941101074e+00,1.451378941535949707e+00,1.471314311027526855e+00,1.492265939712524414e+00,1.514290452003479004e+00,1.537450551986694336e+00,1.561813235282897949e+00,1.557257890701293945e+00,1.528945565223693848e+00,1.502103805541992188e+00,1.477007031440734863e+00,1.453171014785766602e+00,1.430520534515380859e+00,1.408988118171691895e+00,1.388510942459106445e+00,1.369031190872192383e+00,1.350496172904968262e+00,1.332857489585876465e+00,1.316068887710571289e+00,1.300089001655578613e+00,1.284878969192504883e+00,1.270403861999511719e+00,1.256629586219787598e+00,1.243525266647338867e+00,1.231062650680541992e+00,1.219215154647827148e+00,1.207957744598388672e+00,1.197267889976501465e+00,1.187124133110046387e+00,1.177506327629089355e+00,1.168396115303039551e+00,1.159776449203491211e+00,1.151631236076354980e+00,1.143945574760437012e+00,1.136705756187438965e+00,1.129899144172668457e+00,1.123513817787170410e+00,1.117538690567016602e+00,1.111963629722595215e+00,1.106779217720031738e+00,1.101977586746215820e+00,1.097549676895141602e+00,1.093489527702331543e+00,1.089789509773254395e+00,1.086444497108459473e+00,1.083449244499206543e+00,1.080798268318176270e+00,1.078488349914550781e+00,1.076515436172485352e+00,1.074876427650451660e+00,1.073568940162658691e+00,1.072590947151184082e+00,1.071941256523132324e+00,1.071618318557739258e+00,esquerda
5.969567775726318359e+00,5.971406936645507812e+00,5.975067138671875000e+00,5.980555057525634766e+00,5.987879276275634766e+00,5.997049808502197266e+00,6.008081912994384766e+00,6.020992279052734375e+00,6.035800457000732422e+00,6.052529811859130859e+00,6.071207046508789062e+00,5.779300212860107422e+00,5.340392589569091797e+00,4.948638439178466797e+00,4.611855506896972656e+00,4.319493770599365234e+00,4.063435554504394531e+00,3.838251113891601562e+00,3.637570858001708984e+00,3.457113027572631836e+00,3.294709920883178711e+00,3.147930860519409180e+00,3.013748407363891602e+00,2.891183853149414062e+00,2.780155181884765625e+00,2.677732706069946289e+00,2.583042383193969727e+00,2.494990348815917969e+00,2.414403676986694336e+00,2.339241027832031250e+00,2.268727302551269531e+00,2.203610420227050781e+00,2.142376422882080078e+00,2.084912776947021484e+00,2.031443357467651367e+00,1.980686068534851074e+00,1.933591604232788086e+00,1.888699650764465332e+00,1.846574902534484863e+00,1.806848764419555664e+00,1.769067287445068359e+00,1.733472228050231934e+00,1.699826955795288086e+00,1.667775392532348633e+00,1.637489557266235352e+00,1.608800768852233887e+00,1.581921696662902832e+00,1.556392431259155273e+00,1.532133221626281738e+00,1.509071111679077148e+00,1.487139105796813965e+00,1.466276049613952637e+00,1.446424841880798340e+00,1.427532792091369629e+00,1.409552097320556641e+00,1.392437100410461426e+00,1.376146793365478516e+00,1.360643267631530762e+00,1.345890879631042480e+00,1.331855654716491699e+00,1.318508028984069824e+00,1.305818915367126465e+00,1.293762087821960449e+00,1.282312750816345215e+00,1.271448612213134766e+00,1.261147499084472656e+00,1.251390457153320312e+00,1.242158532142639160e+00,1.233434796333312988e+00,1.225203156471252441e+00,1.217449069023132324e+00,1.210159063339233398e+00,1.203320145606994629e+00,1.196920514106750488e+00,1.190949440002441406e+00,1.185397028923034668e+00,1.180253863334655762e+00,1.175511956214904785e+00,1.171163201332092285e+00,1.167200565338134766e+00,1.163617968559265137e+00,1.160409808158874512e+00,1.157570838928222656e+00,1.155096650123596191e+00,1.152983665466308594e+00,1.151228308677673340e+00,1.149827837944030762e+00,1.148780584335327148e+00,1.148084640502929688e+00,1.147738695144653320e+00,1.147742629051208496e+00,1.148096203804016113e+00,1.148799896240234375e+00,1.149855017662048340e+00,1.151263356208801270e+00,1.153026580810546875e+00,1.155147671699523926e+00,1.157629728317260742e+00,1.160476922988891602e+00,1.163693308830261230e+00,1.167284131050109863e+00,1.171255350112915039e+00,1.175612688064575195e+00,1.180363535881042480e+00,1.185515522956848145e+00,1.191077351570129395e+00,1.197057485580444336e+00,1.203466773033142090e+00,1.210315704345703125e+00,1.217615962028503418e+00,1.225380420684814453e+00,1.233622789382934570e+00,1.242357492446899414e+00,1.251600861549377441e+00,1.261369824409484863e+00,1.271683335304260254e+00,1.282560110092163086e+00,1.294022679328918457e+00,1.306093215942382812e+00,1.318796634674072266e+00,1.332159280776977539e+00,1.346209883689880371e+00,1.360978841781616211e+00,1.376499414443969727e+00,1.392807364463806152e+00,1.409940958023071289e+00,1.427941799163818359e+00,1.446854114532470703e+00,1.466727614402770996e+00,1.487613677978515625e+00,1.509569644927978516e+00,1.532657504081726074e+00,1.556944251060485840e+00,1.557237982749938965e+00,1.528926968574523926e+00,1.502103567123413086e+00,1.477007031440734863e+00,1.453170895576477051e+00,1.430520415306091309e+00,1.408987641334533691e+00,1.388510584831237793e+00,1.369031071662902832e+00,1.350495934486389160e+00,1.332857131958007812e+00,1.316068649291992188e+00,1.300088763236999512e+00,1.284878849983215332e+00,1.270403504371643066e+00,1.256629228591918945e+00,1.243525028228759766e+00,1.231062412261962891e+00,1.219214916229248047e+00,1.207957386970520020e+00,1.197267651557922363e+00,1.187123775482177734e+00,1.177505970001220703e+00,1.168395757675170898e+00,1.159776091575622559e+00,1.151630878448486328e+00,1.143945217132568359e+00,1.136705398559570312e+00,1.129898786544799805e+00,1.123513340950012207e+00,1.117538332939147949e+00,1.111963152885437012e+00,1.106778860092163086e+00,1.101976990699768066e+00,1.097549200057983398e+00,1.093489050865173340e+00,1.089789032936096191e+00,1.086444020271301270e+00,1.083448648452758789e+00,1.080797791481018066e+00,1.078487634658813477e+00,1.076514840126037598e+00,1.074875831604003906e+00,1.073568344116210938e+00,1.072590470314025879e+00,1.071940660476684570e+00,1.071617722511291504e+00,esquerda
5.969570159912109375e+00,5.971408843994140625e+00,5.975069046020507812e+00,5.980556964874267578e+00,5.987881660461425781e+00,5.997052192687988281e+00,6.008083820343017578e+00,6.020994186401367188e+00,6.035801887512207031e+00,6.052531719207763672e+00,6.071208477020263672e+00,5.767948627471923828e+00,5.324959754943847656e+00,4.934250354766845703e+00,4.598374843597412109e+00,4.306808471679687500e+00,4.051455020904541016e+00,3.826893329620361328e+00,3.626772880554199219e+00,3.446821928024291992e+00,3.284877300262451172e+00,3.138514518737792969e+00,3.004713773727416992e+00,2.882499456405639648e+00,2.771788358688354492e+00,2.669660806655883789e+00,2.575243234634399414e+00,2.487445116043090820e+00,2.407091617584228516e+00,2.332146883010864258e+00,2.261838436126708984e+00,2.196910858154296875e+00,2.135855197906494141e+00,2.078559398651123047e+00,2.025245904922485352e+00,1.974637150764465332e+00,1.927680492401123047e+00,1.882920026779174805e+00,1.840919017791748047e+00,1.801309108734130859e+00,1.763638615608215332e+00,1.728147745132446289e+00,1.694601297378540039e+00,1.662643909454345703e+00,1.632447123527526855e+00,1.603766202926635742e+00,1.576971292495727539e+00,1.551521778106689453e+00,1.527338385581970215e+00,1.504348516464233398e+00,1.482485175132751465e+00,1.461687445640563965e+00,1.441898226737976074e+00,1.423065304756164551e+00,1.405140876770019531e+00,1.388079404830932617e+00,1.371840238571166992e+00,1.356385111808776855e+00,1.341678857803344727e+00,1.327687621116638184e+00,1.314381718635559082e+00,1.301732063293457031e+00,1.289713025093078613e+00,1.278299689292907715e+00,1.267469406127929688e+00,1.257200598716735840e+00,1.247474074363708496e+00,1.238270998001098633e+00,1.229574441909790039e+00,1.221368551254272461e+00,1.213638901710510254e+00,1.206371545791625977e+00,1.199554204940795898e+00,1.193174719810485840e+00,1.187222242355346680e+00,1.181687116622924805e+00,1.176560044288635254e+00,1.171832919120788574e+00,1.167497754096984863e+00,1.163547635078430176e+00,1.159976243972778320e+00,1.156777977943420410e+00,1.153947949409484863e+00,1.151481509208679199e+00,1.149374961853027344e+00,1.147625088691711426e+00,1.146229147911071777e+00,1.145185232162475586e+00,1.144491195678710938e+00,1.144146561622619629e+00,1.144150376319885254e+00,1.144502758979797363e+00,1.145204424858093262e+00,1.146256208419799805e+00,1.147659897804260254e+00,1.149417877197265625e+00,1.151532173156738281e+00,1.154006600379943848e+00,1.156844735145568848e+00,1.160051107406616211e+00,1.163630723953247070e+00,1.167589545249938965e+00,1.171933174133300781e+00,1.176669239997863770e+00,1.181805133819580078e+00,1.187349438667297363e+00,1.193310976028442383e+00,1.199699997901916504e+00,1.206527352333068848e+00,1.213804841041564941e+00,1.221544981002807617e+00,1.229761600494384766e+00,1.238469004631042480e+00,1.247683286666870117e+00,1.257421731948852539e+00,1.267702937126159668e+00,1.278545737266540527e+00,1.289972305297851562e+00,1.302005171775817871e+00,1.314668893814086914e+00,1.327989459037780762e+00,1.341996312141418457e+00,1.356719017028808594e+00,1.372190713882446289e+00,1.388447761535644531e+00,1.405527710914611816e+00,1.423472166061401367e+00,1.442325115203857422e+00,1.462136507034301758e+00,1.482957363128662109e+00,1.504844546318054199e+00,1.527860164642333984e+00,1.552070975303649902e+00,1.557217121124267578e+00,1.528907299041748047e+00,1.502101778984069824e+00,1.477005243301391602e+00,1.453169107437133789e+00,1.430518627166748047e+00,1.408986091613769531e+00,1.388508915901184082e+00,1.369029521942138672e+00,1.350494384765625000e+00,1.332855701446533203e+00,1.316067337989807129e+00,1.300087451934814453e+00,1.284877419471740723e+00,1.270402193069458008e+00,1.256628036499023438e+00,1.243523597717285156e+00,1.231061100959777832e+00,1.219213724136352539e+00,1.207956194877624512e+00,1.197266459465026855e+00,1.187122702598571777e+00,1.177504777908325195e+00,1.168394684791564941e+00,1.159775018692016602e+00,1.151629924774169922e+00,1.143944025039672852e+00,1.136704325675964355e+00,1.129897832870483398e+00,1.123512268066406250e+00,1.117537140846252441e+00,1.111962080001831055e+00,1.106777906417846680e+00,1.101976037025451660e+00,1.097548246383666992e+00,1.093487977981567383e+00,1.089788079261779785e+00,1.086443066596984863e+00,1.083447813987731934e+00,1.080796957015991211e+00,1.078486919403076172e+00,1.076514005661010742e+00,1.074874997138977051e+00,1.073567509651184082e+00,1.072589635848999023e+00,1.071939826011657715e+00,1.071616888046264648e+00,esquerda
5.969570636749267578e+00,5.971409320831298828e+00,5.975069522857666016e+00,5.980557441711425781e+00,5.987882137298583984e+00,5.997052669525146484e+00,6.008084297180175781e+00,6.020994663238525391e+00,6.035802364349365234e+00,6.052532196044921875e+00,6.071208953857421875e+00,5.755346298217773438e+00,5.307931900024414062e+00,4.918500423431396484e+00,4.583719730377197266e+00,4.293101310729980469e+00,4.038574218750000000e+00,3.814739465713500977e+00,3.615263938903808594e+00,3.435892105102539062e+00,3.274468421936035156e+00,3.128574848175048828e+00,2.995203256607055664e+00,2.873379945755004883e+00,2.763023138046264648e+00,2.661221742630004883e+00,2.567105054855346680e+00,2.479586839675903320e+00,2.399489402770996094e+00,2.324782848358154297e+00,2.254697799682617188e+00,2.189976215362548828e+00,2.129114389419555664e+00,2.072000026702880859e+00,2.018855810165405273e+00,1.968407154083251953e+00,1.921599030494689941e+00,1.876979947090148926e+00,1.835111260414123535e+00,1.795626521110534668e+00,1.758074522018432617e+00,1.722695827484130859e+00,1.689254760742187500e+00,1.657397866249084473e+00,1.627295970916748047e+00,1.598735094070434570e+00,1.572024226188659668e+00,1.546654582023620605e+00,1.522547006607055664e+00,1.499629378318786621e+00,1.477834582328796387e+00,1.457101941108703613e+00,1.437374830245971680e+00,1.418601155281066895e+00,1.400732874870300293e+00,1.383724808692932129e+00,1.367536544799804688e+00,1.352130055427551270e+00,1.337469816207885742e+00,1.323522448539733887e+00,1.310258507728576660e+00,1.297648549079895020e+00,1.285667061805725098e+00,1.274289608001708984e+00,1.263493180274963379e+00,1.253256678581237793e+00,1.243560552597045898e+00,1.234386444091796875e+00,1.225717186927795410e+00,1.217537045478820801e+00,1.209831595420837402e+00,1.202587127685546875e+00,1.195791125297546387e+00,1.189431548118591309e+00,1.183497667312622070e+00,1.177980065345764160e+00,1.172869086265563965e+00,1.168156743049621582e+00,1.163835167884826660e+00,1.159897327423095703e+00,1.156337261199951172e+00,1.153149008750915527e+00,1.150327920913696289e+00,1.147869229316711426e+00,1.145769357681274414e+00,1.144024848937988281e+00,1.142633318901062012e+00,1.141592621803283691e+00,1.140900850296020508e+00,1.140557289123535156e+00,1.140561103820800781e+00,1.140912413597106934e+00,1.141611814498901367e+00,1.142660379409790039e+00,1.144059658050537109e+00,1.145812034606933594e+00,1.147919654846191406e+00,1.150386333465576172e+00,1.153215646743774414e+00,1.156412005424499512e+00,1.159980297088623047e+00,1.163926601409912109e+00,1.168256878852844238e+00,1.172977805137634277e+00,1.178097724914550781e+00,1.183624505996704102e+00,1.189567327499389648e+00,1.195936441421508789e+00,1.202742457389831543e+00,1.209997057914733887e+00,1.217712879180908203e+00,1.225903630256652832e+00,1.234583735466003418e+00,1.243769288063049316e+00,1.253477215766906738e+00,1.263726115226745605e+00,1.274534702301025391e+00,1.285925626754760742e+00,1.297920584678649902e+00,1.310544610023498535e+00,1.323823451995849609e+00,1.337786316871643066e+00,1.352462768554687500e+00,1.367886066436767578e+00,1.384092092514038086e+00,1.401118397712707520e+00,1.419006586074829102e+00,1.437800645828247070e+00,1.457549691200256348e+00,1.478305101394653320e+00,1.500123739242553711e+00,1.523067235946655273e+00,1.547201871871948242e+00,1.556804537773132324e+00,1.528914570808410645e+00,1.502100944519042969e+00,1.477004170417785645e+00,1.453168272972106934e+00,1.430517792701721191e+00,1.408985257148742676e+00,1.388508081436157227e+00,1.369028687477111816e+00,1.350493550300598145e+00,1.332854986190795898e+00,1.316066384315490723e+00,1.300086617469787598e+00,1.284876585006713867e+00,1.270401358604431152e+00,1.256627202033996582e+00,1.243523001670837402e+00,1.231060504913330078e+00,1.219213008880615234e+00,1.207955479621887207e+00,1.197265863418579102e+00,1.187121987342834473e+00,1.177504062652587891e+00,1.168394088745117188e+00,1.159774422645568848e+00,1.151629209518432617e+00,1.143943548202514648e+00,1.136703610420227051e+00,1.129897236824035645e+00,1.123511672019958496e+00,1.117536664009094238e+00,1.111961483955383301e+00,1.106777310371398926e+00,1.101975440979003906e+00,1.097547650337219238e+00,1.093487381935119629e+00,1.089787483215332031e+00,1.086442470550537109e+00,1.083447098731994629e+00,1.080796241760253906e+00,1.078486084938049316e+00,1.076513290405273438e+00,1.074874281883239746e+00,1.073566913604736328e+00,1.072588920593261719e+00,1.071939110755920410e+00,1.071616291999816895e+00,esquerda
5.969571590423583984e+00,5.971410751342773438e+00,5.975070476531982422e+00,5.980558872222900391e+00,5.987883090972900391e+00,5.997053623199462891e+00,6.008085250854492188e+00,6.020995616912841797e+00,6.035803794860839844e+00,6.052533149719238281e+00,6.071209907531738281e+00,5.742731571197509766e+00,5.290891170501708984e+00,4.902741432189941406e+00,4.569059371948242188e+00,4.279390335083007812e+00,4.025693416595458984e+00,3.802585601806640625e+00,3.603756189346313477e+00,3.424963951110839844e+00,3.264060735702514648e+00,3.118637323379516602e+00,2.985694169998168945e+00,2.864262104034423828e+00,2.754258871078491211e+00,2.652783155441284180e+00,2.558967828750610352e+00,2.471729278564453125e+00,2.391887426376342773e+00,2.317419528961181641e+00,2.247557640075683594e+00,2.183042526245117188e+00,2.122374296188354492e+00,2.065441370010375977e+00,2.012465715408325195e+00,1.962177395820617676e+00,1.915517807006835938e+00,1.871040105819702148e+00,1.829304099082946777e+00,1.789944410324096680e+00,1.752511262893676758e+00,1.717244148254394531e+00,1.683908581733703613e+00,1.652152180671691895e+00,1.622145056724548340e+00,1.593703269958496094e+00,1.567076563835144043e+00,1.541786789894104004e+00,1.517755150794982910e+00,1.494909524917602539e+00,1.473183274269104004e+00,1.452516078948974609e+00,1.432850956916809082e+00,1.414136528968811035e+00,1.396324515342712402e+00,1.379369974136352539e+00,1.363232493400573730e+00,1.347874641418457031e+00,1.333260536193847656e+00,1.319357156753540039e+00,1.306134700775146484e+00,1.293564677238464355e+00,1.281620860099792480e+00,1.270279169082641602e+00,1.259516835212707520e+00,1.249312520027160645e+00,1.239647030830383301e+00,1.230501770973205566e+00,1.221859812736511230e+00,1.213705420494079590e+00,1.206024169921875000e+00,1.198802471160888672e+00,1.192027807235717773e+00,1.185688257217407227e+00,1.179773211479187012e+00,1.174272775650024414e+00,1.169178128242492676e+00,1.164480566978454590e+00,1.160172581672668457e+00,1.156247138977050781e+00,1.152698159217834473e+00,1.149520158767700195e+00,1.146707773208618164e+00,1.144256830215454102e+00,1.142163634300231934e+00,1.140424609184265137e+00,1.139037489891052246e+00,1.138000130653381348e+00,1.137310504913330078e+00,1.136968016624450684e+00,1.136971831321716309e+00,1.137322068214416504e+00,1.138019204139709473e+00,1.139064550399780273e+00,1.140459418296813965e+00,1.142206072807312012e+00,1.144307374954223633e+00,1.146766304969787598e+00,1.149586558341979980e+00,1.152772784233093262e+00,1.156329989433288574e+00,1.160263895988464355e+00,1.164580464363098145e+00,1.169286727905273438e+00,1.174390435218811035e+00,1.179899811744689941e+00,1.185824036598205566e+00,1.192173123359680176e+00,1.198957681655883789e+00,1.206189393997192383e+00,1.213881015777587891e+00,1.222046136856079102e+00,1.230698704719543457e+00,1.239855408668518066e+00,1.249532818794250488e+00,1.259749412536621094e+00,1.270524144172668457e+00,1.281879067420959473e+00,1.293836474418640137e+00,1.306420683860778809e+00,1.319657802581787109e+00,1.333576679229736328e+00,1.348206877708435059e+00,1.363581895828247070e+00,1.379736900329589844e+00,1.396709680557250977e+00,1.414541602134704590e+00,1.433276295661926270e+00,1.452963352203369141e+00,1.473653435707092285e+00,1.495403528213500977e+00,1.518274664878845215e+00,1.542333483695983887e+00,1.554676890373229980e+00,1.528946161270141602e+00,1.502100706100463867e+00,1.477004170417785645e+00,1.453168153762817383e+00,1.430517673492431641e+00,1.408985137939453125e+00,1.388507962226867676e+00,1.369028449058532715e+00,1.350493311882019043e+00,1.332854747772216797e+00,1.316066145896911621e+00,1.300086259841918945e+00,1.284876465797424316e+00,1.270401120185852051e+00,1.256626844406127930e+00,1.243522644042968750e+00,1.231060028076171875e+00,1.219212532043457031e+00,1.207955121994018555e+00,1.197265386581420898e+00,1.187121510505676270e+00,1.177503705024719238e+00,1.168393492698669434e+00,1.159773945808410645e+00,1.151628732681274414e+00,1.143943071365356445e+00,1.136703252792358398e+00,1.129896759986877441e+00,1.123511195182800293e+00,1.117536306381225586e+00,1.111961007118225098e+00,1.106776952743530273e+00,1.101974964141845703e+00,1.097547292709350586e+00,1.093487024307250977e+00,1.089787006378173828e+00,1.086442112922668457e+00,1.083446741104125977e+00,1.080795764923095703e+00,1.078485727310180664e+00,1.076512813568115234e+00,1.074873805046081543e+00,1.073566436767578125e+00,1.072588443756103516e+00,1.071938633918762207e+00,1.071615695953369141e+00,esquerda
5.969570636749267578e+00,5.971409320831298828e+00,5.975069522857666016e+00,5.980557918548583984e+00,5.987882137298583984e+00,5.997052669525146484e+00,6.008084297180175781e+00,6.020995140075683594e+00,6.035802841186523438e+00,6.052532672882080078e+00,6.065011024475097656e+00,5.727659225463867188e+00,5.274297714233398438e+00,4.887296199798583984e+00,4.554609298706054688e+00,4.265810489654541016e+00,4.012880325317382812e+00,3.790452003479003906e+00,3.592249393463134766e+00,3.414036512374877930e+00,3.253653287887573242e+00,3.108699560165405273e+00,2.976185083389282227e+00,2.855144023895263672e+00,2.745494604110717773e+00,2.644345045089721680e+00,2.550830841064453125e+00,2.463872194290161133e+00,2.384285688400268555e+00,2.310055971145629883e+00,2.240417718887329102e+00,2.176108598709106445e+00,2.115633726119995117e+00,2.058882474899291992e+00,2.006075859069824219e+00,1.955947637557983398e+00,1.909436345100402832e+00,1.865100026130676270e+00,1.823496699333190918e+00,1.784261822700500488e+00,1.746947407722473145e+00,1.711791992187500000e+00,1.678562164306640625e+00,1.646906018257141113e+00,1.616993784904479980e+00,1.588670730590820312e+00,1.562127947807312012e+00,1.536918163299560547e+00,1.512962460517883301e+00,1.490188837051391602e+00,1.468531370162963867e+00,1.447929382324218750e+00,1.428326368331909180e+00,1.409670948982238770e+00,1.391915082931518555e+00,1.375014185905456543e+00,1.358927726745605469e+00,1.343618392944335938e+00,1.329050540924072266e+00,1.315190911293029785e+00,1.302010416984558105e+00,1.289479851722717285e+00,1.277573823928833008e+00,1.266268014907836914e+00,1.255539655685424805e+00,1.245367646217346191e+00,1.235732555389404297e+00,1.226616024971008301e+00,1.218001484870910645e+00,1.209872841835021973e+00,1.202215909957885742e+00,1.195016980171203613e+00,1.188263773918151855e+00,1.181944131851196289e+00,1.176047921180725098e+00,1.170564651489257812e+00,1.165486097335815430e+00,1.160803318023681641e+00,1.156509041786193848e+00,1.152595996856689453e+00,1.149058341979980469e+00,1.145890116691589355e+00,1.143086791038513184e+00,1.140643596649169922e+00,1.138556957244873047e+00,1.136823534965515137e+00,1.135440826416015625e+00,1.134406685829162598e+00,1.133719205856323242e+00,1.133377790451049805e+00,1.133381605148315430e+00,1.133730649948120117e+00,1.134425759315490723e+00,1.135467648506164551e+00,1.136858105659484863e+00,1.138599276542663574e+00,1.140693902969360352e+00,1.143144965171813965e+00,1.145956516265869141e+00,1.149132728576660156e+00,1.152678608894348145e+00,1.156600117683410645e+00,1.160903096199035645e+00,1.165594458580017090e+00,1.170682072639465332e+00,1.176174044609069824e+00,1.182079553604125977e+00,1.188408493995666504e+00,1.195171713829040527e+00,1.202380657196044922e+00,1.210047960281372070e+00,1.218187212944030762e+00,1.226812601089477539e+00,1.235940337181091309e+00,1.245587229728698730e+00,1.255771517753601074e+00,1.266512155532836914e+00,1.277831315994262695e+00,1.289750933647155762e+00,1.302295446395874023e+00,1.315490722656250000e+00,1.329365491867065430e+00,1.343949794769287109e+00,1.359276056289672852e+00,1.375380039215087891e+00,1.392299175262451172e+00,1.410074830055236816e+00,1.428750514984130859e+00,1.448375344276428223e+00,1.469000101089477539e+00,1.490681409835815430e+00,1.513480424880981445e+00,1.537463307380676270e+00,1.552514672279357910e+00,1.528918981552124023e+00,1.502099871635437012e+00,1.477003216743469238e+00,1.453167319297790527e+00,1.430516719818115234e+00,1.408984184265136719e+00,1.388507008552551270e+00,1.369027614593505859e+00,1.350492477416992188e+00,1.332853913307189941e+00,1.316065311431884766e+00,1.300085425376892090e+00,1.284875631332397461e+00,1.270400404930114746e+00,1.256626009941101074e+00,1.243521809577941895e+00,1.231059312820434570e+00,1.219211816787719727e+00,1.207954406738281250e+00,1.197264671325683594e+00,1.187120795249938965e+00,1.177503108978271484e+00,1.168392777442932129e+00,1.159773230552673340e+00,1.151628136634826660e+00,1.143942356109619141e+00,1.136702537536621094e+00,1.129896044731140137e+00,1.123510479927062988e+00,1.117535471916198730e+00,1.111960291862487793e+00,1.106775999069213867e+00,1.101974129676818848e+00,1.097546458244323730e+00,1.093486309051513672e+00,1.089786291122436523e+00,1.086441397666931152e+00,1.083446025848388672e+00,1.080795049667358398e+00,1.078485012054443359e+00,1.076512217521667480e+00,1.074873208999633789e+00,1.073565721511840820e+00,1.072587728500366211e+00,1.071937918663024902e+00,1.071614980697631836e+00,esquerda
5.969572544097900391e+00,5.971411705017089844e+00,5.975071907043457031e+00,5.980559825897216797e+00,5.987884044647216797e+00,5.997054576873779297e+00,6.008086681365966797e+00,6.020996570587158203e+00,6.035804748535156250e+00,6.052534103393554688e+00,6.053055286407470703e+00,5.710453987121582031e+00,5.258465766906738281e+00,4.872635841369628906e+00,4.540954113006591797e+00,4.253026962280273438e+00,4.000859260559082031e+00,3.779098987579345703e+00,3.581472396850585938e+00,3.403764009475708008e+00,3.243837356567382812e+00,3.099298238754272461e+00,2.967164278030395508e+00,2.846472024917602539e+00,2.737139463424682617e+00,2.636283397674560547e+00,2.543041467666625977e+00,2.456335783004760742e+00,2.376982450485229492e+00,2.302969932556152344e+00,2.233536005020141602e+00,2.169415473937988281e+00,2.109118938446044922e+00,2.052535057067871094e+00,1.999884009361267090e+00,1.949903964996337891e+00,1.903530240058898926e+00,1.859325170516967773e+00,1.817844986915588379e+00,1.778726220130920410e+00,1.741522550582885742e+00,1.706471443176269531e+00,1.673340082168579102e+00,1.641777992248535156e+00,1.611954450607299805e+00,1.583639383316040039e+00,1.557180881500244141e+00,1.532050848007202148e+00,1.508170843124389648e+00,1.485469579696655273e+00,1.463880658149719238e+00,1.443343639373779297e+00,1.423802852630615234e+00,1.405206561088562012e+00,1.387507081031799316e+00,1.370659589767456055e+00,1.354624032974243164e+00,1.339363098144531250e+00,1.324841380119323730e+00,1.311025619506835938e+00,1.297886729240417480e+00,1.285395979881286621e+00,1.273527622222900391e+00,1.262257456779479980e+00,1.251563072204589844e+00,1.241423368453979492e+00,1.231818795204162598e+00,1.222731232643127441e+00,1.214143872261047363e+00,1.206040859222412109e+00,1.198408246040344238e+00,1.191232204437255859e+00,1.184500336647033691e+00,1.178200602531433105e+00,1.172322988510131836e+00,1.166857361793518066e+00,1.161794662475585938e+00,1.157126903533935547e+00,1.152846097946166992e+00,1.148945450782775879e+00,1.145418882369995117e+00,1.142260909080505371e+00,1.139466404914855957e+00,1.137030839920043945e+00,1.134950757026672363e+00,1.133222818374633789e+00,1.131844520568847656e+00,1.130813598632812500e+00,1.130128264427185059e+00,1.129788041114807129e+00,1.129791855812072754e+00,1.130139827728271484e+00,1.130832672119140625e+00,1.131871223449707031e+00,1.133257389068603516e+00,1.134993076324462891e+00,1.137081027030944824e+00,1.139524340629577637e+00,1.142326831817626953e+00,1.145492911338806152e+00,1.149027585983276367e+00,1.152936697006225586e+00,1.157226085662841797e+00,1.161902427673339844e+00,1.166973948478698730e+00,1.172448515892028809e+00,1.178335309028625488e+00,1.184644341468811035e+00,1.191385984420776367e+00,1.198572158813476562e+00,1.206215143203735352e+00,1.214328646659851074e+00,1.222926616668701172e+00,1.232025384902954102e+00,1.241641759872436523e+00,1.251793861389160156e+00,1.262500524520874023e+00,1.273783802986145020e+00,1.285665512084960938e+00,1.298170208930969238e+00,1.311323761940002441e+00,1.325154781341552734e+00,1.339692711830139160e+00,1.354970335960388184e+00,1.371023297309875488e+00,1.387888789176940918e+00,1.405608177185058594e+00,1.424224853515625000e+00,1.443787455558776855e+00,1.464346885681152344e+00,1.485959529876708984e+00,1.508686304092407227e+00,1.532593011856079102e+00,1.550372123718261719e+00,1.528926014900207520e+00,1.502097964286804199e+00,1.477001428604125977e+00,1.453165531158447266e+00,1.430514931678771973e+00,1.408982515335083008e+00,1.388505458831787109e+00,1.369026184082031250e+00,1.350491166114807129e+00,1.332852482795715332e+00,1.316063761711120605e+00,1.300084114074707031e+00,1.284874320030212402e+00,1.270398974418640137e+00,1.256624698638916016e+00,1.243520617485046387e+00,1.231058001518249512e+00,1.219210386276245117e+00,1.207953095436096191e+00,1.197263360023498535e+00,1.187119603157043457e+00,1.177501797676086426e+00,1.168391704559326172e+00,1.159771919250488281e+00,1.151626944541931152e+00,1.143941283226013184e+00,1.136701464653015137e+00,1.129894971847534180e+00,1.123509407043457031e+00,1.117534399032592773e+00,1.111959338188171387e+00,1.106775164604187012e+00,1.101973176002502441e+00,1.097545623779296875e+00,1.093485236167907715e+00,1.089785456657409668e+00,1.086440443992614746e+00,1.083445072174072266e+00,1.080794215202331543e+00,1.078484058380126953e+00,1.076511263847351074e+00,1.074872255325317383e+00,1.073564887046813965e+00,1.072586894035339355e+00,1.071937084197998047e+00,1.071614146232604980e+00,esquerda
5.969573497772216797e+00,5.971412181854248047e+00,5.975072383880615234e+00,5.980560302734375000e+00,5.987884521484375000e+00,5.997055053710937500e+00,6.008087158203125000e+00,6.020997524261474609e+00,6.035805225372314453e+00,6.052534580230712891e+00,6.040135860443115234e+00,5.691881656646728516e+00,5.241400241851806641e+00,4.856850624084472656e+00,4.526266574859619141e+00,4.239288806915283203e+00,3.987950325012207031e+00,3.766918182373046875e+00,3.569940090179443359e+00,3.392813205718994141e+00,3.233409404754638672e+00,3.089341640472412109e+00,2.957638025283813477e+00,2.837338447570800781e+00,2.728361368179321289e+00,2.627831935882568359e+00,2.534891843795776367e+00,2.448467254638671875e+00,2.369370222091674805e+00,2.295597076416015625e+00,2.226387023925781250e+00,2.162473440170288086e+00,2.102370977401733398e+00,2.045969009399414062e+00,1.993487715721130371e+00,1.943668007850646973e+00,1.897443056106567383e+00,1.853379845619201660e+00,1.812032580375671387e+00,1.773039340972900391e+00,1.735954523086547852e+00,1.701015114784240723e+00,1.667989611625671387e+00,1.636528253555297852e+00,1.606799721717834473e+00,1.578606128692626953e+00,1.552231788635253906e+00,1.527181625366210938e+00,1.503377676010131836e+00,1.480748414993286133e+00,1.459227919578552246e+00,1.438756465911865234e+00,1.419277667999267578e+00,1.400740385055541992e+00,1.383097052574157715e+00,1.366303086280822754e+00,1.350318551063537598e+00,1.335106015205383301e+00,1.320630550384521484e+00,1.306858658790588379e+00,1.293761730194091797e+00,1.281310558319091797e+00,1.269479990005493164e+00,1.258245825767517090e+00,1.247585415840148926e+00,1.237477660179138184e+00,1.227903604507446289e+00,1.218844890594482422e+00,1.210284948348999023e+00,1.202207803726196289e+00,1.194599390029907227e+00,1.187446117401123047e+00,1.180735707283020020e+00,1.174456000328063965e+00,1.168597102165222168e+00,1.163148760795593262e+00,1.158102154731750488e+00,1.153449177742004395e+00,1.149182081222534180e+00,1.145293831825256348e+00,1.141778469085693359e+00,1.138630390167236328e+00,1.135844826698303223e+00,1.133417129516601562e+00,1.131343722343444824e+00,1.129621267318725586e+00,1.128247141838073730e+00,1.127219557762145996e+00,1.126536488533020020e+00,1.126197218894958496e+00,1.126201033592224121e+00,1.126547932624816895e+00,1.127238512039184570e+00,1.128273844718933105e+00,1.129655599594116211e+00,1.131385684013366699e+00,1.133466958999633789e+00,1.135902643203735352e+00,1.138696193695068359e+00,1.141852259635925293e+00,1.145375609397888184e+00,1.149272322654724121e+00,1.153548002243041992e+00,1.158209562301635742e+00,1.163265109062194824e+00,1.168722391128540039e+00,1.174590468406677246e+00,1.180879116058349609e+00,1.187599539756774902e+00,1.194762706756591797e+00,1.202381491661071777e+00,1.210469126701354980e+00,1.219039916992187500e+00,1.228109836578369141e+00,1.237695455551147461e+00,1.247815370559692383e+00,1.258487939834594727e+00,1.269735336303710938e+00,1.281579494476318359e+00,1.294044375419616699e+00,1.307156085968017578e+00,1.320943117141723633e+00,1.335434794425964355e+00,1.350663900375366211e+00,1.366665959358215332e+00,1.383477807044982910e+00,1.401140928268432617e+00,1.419698238372802734e+00,1.439198732376098633e+00,1.459692835807800293e+00,1.481236815452575684e+00,1.503891348838806152e+00,1.527722239494323730e+00,1.548227787017822266e+00,1.528928875923156738e+00,1.502097964286804199e+00,1.477001309394836426e+00,1.453165411949157715e+00,1.430514931678771973e+00,1.408982276916503906e+00,1.388505220413208008e+00,1.369025945663452148e+00,1.350490808486938477e+00,1.332852125167846680e+00,1.316063523292541504e+00,1.300083756446838379e+00,1.284873843193054199e+00,1.270398736000061035e+00,1.256624341011047363e+00,1.243520140647888184e+00,1.231057882308959961e+00,1.219210267066955566e+00,1.207952857017517090e+00,1.197263002395629883e+00,1.187119245529174805e+00,1.177501440048217773e+00,1.168391346931457520e+00,1.159771680831909180e+00,1.151626586914062500e+00,1.143940806388854980e+00,1.136701107025146484e+00,1.129894495010375977e+00,1.123509049415588379e+00,1.117533922195434570e+00,1.111958861351013184e+00,1.106774568557739258e+00,1.101972699165344238e+00,1.097545027732849121e+00,1.093484759330749512e+00,1.089784860610961914e+00,1.086439847946166992e+00,1.083444595336914062e+00,1.080793619155883789e+00,1.078483581542968750e+00,1.076510787010192871e+00,1.074871659278869629e+00,1.073564291000366211e+00,1.072586297988891602e+00,1.071936607360839844e+00,1.071613550186157227e+00,esquerda
5.969572544097900391e+00,5.971411705017089844e+00,5.975071907043457031e+00,5.980559825897216797e+00,5.987884044647216797e+00,5.997054576873779297e+00,6.008086681365966797e+00,6.020997047424316406e+00,6.035805225372314453e+00,6.052534580230712891e+00,6.027252674102783203e+00,5.673360347747802734e+00,5.224380970001220703e+00,4.841108798980712891e+00,4.511617660522460938e+00,4.225586891174316406e+00,3.975075244903564453e+00,3.754768133163452148e+00,3.558434009552001953e+00,3.381886720657348633e+00,3.223003387451171875e+00,3.079405069351196289e+00,2.948129892349243164e+00,2.828221082687377930e+00,2.719597578048706055e+00,2.619394302368164062e+00,2.526755571365356445e+00,2.440610647201538086e+00,2.361768960952758789e+00,2.288233995437622070e+00,2.219247341156005859e+00,2.155539989471435547e+00,2.095631361007690430e+00,2.039411067962646484e+00,1.987098217010498047e+00,1.937438488006591797e+00,1.891362071037292480e+00,1.847440361976623535e+00,1.806225538253784180e+00,1.767357230186462402e+00,1.730391025543212891e+00,1.695563673973083496e+00,1.662643551826477051e+00,1.631282806396484375e+00,1.601648926734924316e+00,1.573572158813476562e+00,1.547281980514526367e+00,1.522311568260192871e+00,1.498583555221557617e+00,1.476026535034179688e+00,1.454574823379516602e+00,1.434168577194213867e+00,1.414751768112182617e+00,1.396273612976074219e+00,1.378686666488647461e+00,1.361946344375610352e+00,1.346012711524963379e+00,1.330848813056945801e+00,1.316419363021850586e+00,1.302691459655761719e+00,1.289636135101318359e+00,1.277224659919738770e+00,1.265431880950927734e+00,1.254233360290527344e+00,1.243607044219970703e+00,1.233531594276428223e+00,1.223988056182861328e+00,1.214958310127258301e+00,1.206425547599792480e+00,1.198374152183532715e+00,1.190790057182312012e+00,1.183659553527832031e+00,1.176970362663269043e+00,1.170710921287536621e+00,1.164870738983154297e+00,1.159439682960510254e+00,1.154409289360046387e+00,1.149771094322204590e+00,1.145517587661743164e+00,1.141641736030578613e+00,1.138137578964233398e+00,1.134999632835388184e+00,1.132222771644592285e+00,1.129802942276000977e+00,1.127735853195190430e+00,1.126019001007080078e+00,1.124649405479431152e+00,1.123624920845031738e+00,1.122944116592407227e+00,1.122605919837951660e+00,1.122609734535217285e+00,1.122955560684204102e+00,1.123643994331359863e+00,1.124675869941711426e+00,1.126053333282470703e+00,1.127777934074401855e+00,1.129852533340454102e+00,1.132280349731445312e+00,1.135065078735351562e+00,1.138211131095886230e+00,1.141723275184631348e+00,1.145607590675354004e+00,1.149869561195373535e+00,1.154516339302062988e+00,1.159555554389953613e+00,1.164995431900024414e+00,1.170844793319702148e+00,1.177113533020019531e+00,1.183812499046325684e+00,1.190952897071838379e+00,1.198547244071960449e+00,1.206609249114990234e+00,1.215152502059936523e+00,1.224193572998046875e+00,1.233748674392700195e+00,1.243836283683776855e+00,1.254474878311157227e+00,1.265686392784118652e+00,1.277492761611938477e+00,1.289917945861816406e+00,1.302987813949584961e+00,1.316730856895446777e+00,1.331176400184631348e+00,1.346356987953186035e+00,1.362307906150817871e+00,1.379066109657287598e+00,1.396672844886779785e+00,1.415171027183532715e+00,1.434609293937683105e+00,1.455037951469421387e+00,1.476513266563415527e+00,1.499095559120178223e+00,1.522850513458251953e+00,1.546066761016845703e+00,1.528904914855957031e+00,1.502096891403198242e+00,1.477000236511230469e+00,1.453164339065551758e+00,1.430513978004455566e+00,1.408981323242187500e+00,1.388504266738891602e+00,1.369024991989135742e+00,1.350489854812622070e+00,1.332851290702819824e+00,1.316062808036804199e+00,1.300082921981811523e+00,1.284873008728027344e+00,1.270397901535034180e+00,1.256623506546020508e+00,1.243519544601440430e+00,1.231056928634643555e+00,1.219209313392639160e+00,1.207952022552490234e+00,1.197262167930603027e+00,1.187118530273437500e+00,1.177500724792480469e+00,1.168390512466430664e+00,1.159770965576171875e+00,1.151625752449035645e+00,1.143940091133117676e+00,1.136700391769409180e+00,1.129893779754638672e+00,1.123508334159851074e+00,1.117533206939697266e+00,1.111958146095275879e+00,1.106773972511291504e+00,1.101971983909606934e+00,1.097544312477111816e+00,1.093484044075012207e+00,1.089784145355224609e+00,1.086439132690429688e+00,1.083443760871887207e+00,1.080792903900146484e+00,1.078482866287231445e+00,1.076510071754455566e+00,1.074870944023132324e+00,1.073563575744628906e+00,1.072585582733154297e+00,1.071935772895812988e+00,1.071612834930419922e+00,esquerda
5.969574928283691406e+00,5.971413612365722656e+00,5.975073814392089844e+00,5.980561733245849609e+00,5.987886428833007812e+00,5.997056961059570312e+00,6.008088588714599609e+00,6.020998954772949219e+00,6.035806655883789062e+00,6.052536487579345703e+00,6.015751361846923828e+00,5.656717777252197266e+00,5.208951473236083984e+00,4.826726913452148438e+00,4.498147964477539062e+00,4.212915897369384766e+00,3.963109254837036133e+00,3.743426322937011719e+00,3.547651529312133789e+00,3.371609449386596680e+00,3.213182687759399414e+00,3.069998741149902344e+00,2.939104795455932617e+00,2.819545507431030273e+00,2.711239576339721680e+00,2.611329793930053711e+00,2.518963098526000977e+00,2.433071851730346680e+00,2.354463100433349609e+00,2.281145811080932617e+00,2.212363243103027344e+00,2.148845195770263672e+00,2.089114427566528320e+00,2.033061504364013672e+00,1.980904579162597656e+00,1.931393265724182129e+00,1.885454535484313965e+00,1.841663956642150879e+00,1.800572514533996582e+00,1.761820435523986816e+00,1.724964857101440430e+00,1.690241932868957520e+00,1.657420396804809570e+00,1.626153111457824707e+00,1.596608281135559082e+00,1.568541765213012695e+00,1.542335391044616699e+00,1.517445087432861328e+00,1.493793010711669922e+00,1.471307873725891113e+00,1.449924826622009277e+00,1.429583787918090820e+00,1.410228967666625977e+00,1.391810059547424316e+00,1.374279141426086426e+00,1.357592344284057617e+00,1.341709733009338379e+00,1.326594233512878418e+00,1.312211036682128906e+00,1.298526883125305176e+00,1.285513520240783691e+00,1.273141741752624512e+00,1.261386394500732422e+00,1.250223875045776367e+00,1.239631414413452148e+00,1.229588389396667480e+00,1.220075249671936035e+00,1.211074352264404297e+00,1.202568888664245605e+00,1.194543242454528809e+00,1.186983466148376465e+00,1.179875731468200684e+00,1.173207998275756836e+00,1.166968464851379395e+00,1.161146759986877441e+00,1.155733346939086914e+00,1.150718808174133301e+00,1.146095514297485352e+00,1.141855597496032715e+00,1.137992143630981445e+00,1.134499192237854004e+00,1.131371259689331055e+00,1.128603339195251465e+00,1.126191139221191406e+00,1.124130845069885254e+00,1.122419476509094238e+00,1.121054172515869141e+00,1.120033025741577148e+00,1.119354367256164551e+00,1.119017243385314941e+00,1.119021058082580566e+00,1.119365692138671875e+00,1.120051980018615723e+00,1.121080636978149414e+00,1.122453689575195312e+00,1.124172806739807129e+00,1.126240730285644531e+00,1.128660798072814941e+00,1.131436586380004883e+00,1.134572505950927734e+00,1.138073563575744629e+00,1.141945362091064453e+00,1.146193742752075195e+00,1.150825619697570801e+00,1.155848741531372070e+00,1.161271095275878906e+00,1.167101860046386719e+00,1.173350572586059570e+00,1.180028080940246582e+00,1.187145709991455078e+00,1.194715857505798340e+00,1.202751994132995605e+00,1.211267948150634766e+00,1.220280170440673828e+00,1.229804635047912598e+00,1.239860057830810547e+00,1.250464677810668945e+00,1.261640310287475586e+00,1.273408889770507812e+00,1.285794377326965332e+00,1.298822402954101562e+00,1.312521576881408691e+00,1.326920866966247559e+00,1.342052936553955078e+00,1.357952833175659180e+00,1.374657630920410156e+00,1.392208099365234375e+00,1.410647034645080566e+00,1.430023193359375000e+00,1.450386762619018555e+00,1.471793293952941895e+00,1.494303464889526367e+00,1.517982363700866699e+00,1.542900919914245605e+00,1.528957009315490723e+00,1.502095103263854980e+00,1.476998686790466309e+00,1.453162550926208496e+00,1.430512309074401855e+00,1.408979773521423340e+00,1.388502717018127441e+00,1.369023323059082031e+00,1.350488305091857910e+00,1.332849740982055664e+00,1.316061258316040039e+00,1.300081491470336914e+00,1.284871578216552734e+00,1.270396471023559570e+00,1.256622314453125000e+00,1.243518114089965820e+00,1.231055498123168945e+00,1.219208121299743652e+00,1.207950830459594727e+00,1.197260975837707520e+00,1.187117218971252441e+00,1.177499532699584961e+00,1.168389320373535156e+00,1.159769892692565918e+00,1.151624679565429688e+00,1.143939137458801270e+00,1.136699318885803223e+00,1.129892706871032715e+00,1.123507380485534668e+00,1.117532253265380859e+00,1.111957192420959473e+00,1.106772899627685547e+00,1.101971268653869629e+00,1.097543358802795410e+00,1.093483209609985352e+00,1.089783310890197754e+00,1.086438298225402832e+00,1.083442926406860352e+00,1.080792069435119629e+00,1.078482031822204590e+00,1.076509237289428711e+00,1.074870109558105469e+00,1.073562741279602051e+00,1.072584748268127441e+00,1.071934938430786133e+00,1.071612000465393066e+00,esquerda
5.969575405120849609e+00,5.971414089202880859e+00,5.975074291229248047e+00,5.980562686920166016e+00,5.987886905670166016e+00,5.997057437896728516e+00,6.008089542388916016e+00,6.020999431610107422e+00,6.035807132720947266e+00,6.052536964416503906e+00,6.002870559692382812e+00,5.638198852539062500e+00,5.191933631896972656e+00,4.810985565185546875e+00,4.483500480651855469e+00,4.199214458465576172e+00,3.950234413146972656e+00,3.731277227401733398e+00,3.536146879196166992e+00,3.360683917999267578e+00,3.202777147293090820e+00,3.060063123703002930e+00,2.929597377777099609e+00,2.810428857803344727e+00,2.702476501464843750e+00,2.602892875671386719e+00,2.510826826095581055e+00,2.425215482711791992e+00,2.346862554550170898e+00,2.273783206939697266e+00,2.205224275588989258e+00,2.141911983489990234e+00,2.082375049591064453e+00,2.026503562927246094e+00,1.974515438079833984e+00,1.925164222717285156e+00,1.879374027252197266e+00,1.835724592208862305e+00,1.794765710830688477e+00,1.756138682365417480e+00,1.719401836395263672e+00,1.684790611267089844e+00,1.652074456214904785e+00,1.620908021926879883e+00,1.591457605361938477e+00,1.563508033752441406e+00,1.537385821342468262e+00,1.512575149536132812e+00,1.488998889923095703e+00,1.466586112976074219e+00,1.445271730422973633e+00,1.424995779991149902e+00,1.405703306198120117e+00,1.387343406677246094e+00,1.369868755340576172e+00,1.353235483169555664e+00,1.337403774261474609e+00,1.322336792945861816e+00,1.307999730110168457e+00,1.294359564781188965e+00,1.281387805938720703e+00,1.269055843353271484e+00,1.257338404655456543e+00,1.246211528778076172e+00,1.235653162002563477e+00,1.225642204284667969e+00,1.216159701347351074e+00,1.207187533378601074e+00,1.198709487915039062e+00,1.190709710121154785e+00,1.183174014091491699e+00,1.176089048385620117e+00,1.169442772865295410e+00,1.163223266601562500e+00,1.157420396804809570e+00,1.152024030685424805e+00,1.147025823593139648e+00,1.142417430877685547e+00,1.138190984725952148e+00,1.134339928627014160e+00,1.130858182907104492e+00,1.127740383148193359e+00,1.124981284141540527e+00,1.122576832771301270e+00,1.120523214340209961e+00,1.118817329406738281e+00,1.117456316947937012e+00,1.116438508033752441e+00,1.115761995315551758e+00,1.115425944328308105e+00,1.115429759025573730e+00,1.115773439407348633e+00,1.116457343101501465e+00,1.117482781410217285e+00,1.118851184844970703e+00,1.120564937591552734e+00,1.122626304626464844e+00,1.125038504600524902e+00,1.127805590629577637e+00,1.130931377410888672e+00,1.134421229362487793e+00,1.138280510902404785e+00,1.142515301704406738e+00,1.147132277488708496e+00,1.152139425277709961e+00,1.157544255256652832e+00,1.163356304168701172e+00,1.169584989547729492e+00,1.176241159439086914e+00,1.183335900306701660e+00,1.190881729125976562e+00,1.198892116546630859e+00,1.207380771636962891e+00,1.216364026069641113e+00,1.225857853889465332e+00,1.235880970954895020e+00,1.246451616287231445e+00,1.257591247558593750e+00,1.269322156906127930e+00,1.281668066978454590e+00,1.294654130935668945e+00,1.308309316635131836e+00,1.322662472724914551e+00,1.337746024131774902e+00,1.353594660758972168e+00,1.370246052742004395e+00,1.387740015983581543e+00,1.406119823455810547e+00,1.425433874130249023e+00,1.445731878280639648e+00,1.467069745063781738e+00,1.489507794380187988e+00,1.513110756874084473e+00,1.537949204444885254e+00,1.528957843780517578e+00,1.502094030380249023e+00,1.476997613906860352e+00,1.453161835670471191e+00,1.430511474609375000e+00,1.408979058265686035e+00,1.388502120971679688e+00,1.369022488594055176e+00,1.350487470626831055e+00,1.332849025726318359e+00,1.316060423851013184e+00,1.300080776214599609e+00,1.284870862960815430e+00,1.270395755767822266e+00,1.256621599197387695e+00,1.243517279624938965e+00,1.231054902076721191e+00,1.219207406044006348e+00,1.207949995994567871e+00,1.197260379791259766e+00,1.187116503715515137e+00,1.177498698234558105e+00,1.168388724327087402e+00,1.159769177436828613e+00,1.151623964309692383e+00,1.143938302993774414e+00,1.136698603630065918e+00,1.129891991615295410e+00,1.123506665229797363e+00,1.117531418800354004e+00,1.111956596374511719e+00,1.106772184371948242e+00,1.101970553398132324e+00,1.097542643547058105e+00,1.093482613563537598e+00,1.089782595634460449e+00,1.086437702178955078e+00,1.083442211151123047e+00,1.080791473388671875e+00,1.078481435775756836e+00,1.076508522033691406e+00,1.074869513511657715e+00,1.073562145233154297e+00,1.072584152221679688e+00,1.071934342384338379e+00,1.071611404418945312e+00,esquerda
5.969574451446533203e+00,5.971413612365722656e+00,5.975073814392089844e+00,5.980562210083007812e+00,5.987886428833007812e+00,5.997056961059570312e+00,6.008088588714599609e+00,6.020999431610107422e+00,6.035807132720947266e+00,6.052536964416503906e+00,5.989990234375000000e+00,5.619681835174560547e+00,5.174917697906494141e+00,4.795246124267578125e+00,4.468852996826171875e+00,4.185513973236083984e+00,3.937360525131225586e+00,3.719128608703613281e+00,3.524643182754516602e+00,3.349758625030517578e+00,3.192372322082519531e+00,3.050127744674682617e+00,2.920090675354003906e+00,2.801313161849975586e+00,2.693713903427124023e+00,2.594456434249877930e+00,2.502691984176635742e+00,2.417359828948974609e+00,2.339262247085571289e+00,2.266421318054199219e+00,2.198085546493530273e+00,2.134979486465454102e+00,2.075635910034179688e+00,2.019946098327636719e+00,1.968126654624938965e+00,1.918935537338256836e+00,1.873293638229370117e+00,1.829785704612731934e+00,1.788959383964538574e+00,1.750457286834716797e+00,1.713839173316955566e+00,1.679339528083801270e+00,1.646728992462158203e+00,1.615662932395935059e+00,1.586307406425476074e+00,1.558478116989135742e+00,1.532439947128295898e+00,1.507709145545959473e+00,1.484208703041076660e+00,1.461867928504943848e+00,1.440622091293334961e+00,1.420411586761474609e+00,1.401181101799011230e+00,1.382880210876464844e+00,1.365461826324462891e+00,1.348882198333740234e+00,1.333101391792297363e+00,1.318082928657531738e+00,1.303791999816894531e+00,1.290195703506469727e+00,1.277265667915344238e+00,1.264973282814025879e+00,1.253293514251708984e+00,1.242202520370483398e+00,1.231678128242492676e+00,1.221699237823486328e+00,1.212247371673583984e+00,1.203304171562194824e+00,1.194853305816650391e+00,1.186879158020019531e+00,1.179367661476135254e+00,1.172305583953857422e+00,1.165680646896362305e+00,1.159481167793273926e+00,1.153696894645690918e+00,1.148318171501159668e+00,1.143335819244384766e+00,1.138742327690124512e+00,1.134529471397399902e+00,1.130690813064575195e+00,1.127220153808593750e+00,1.124112486839294434e+00,1.121362209320068359e+00,1.118965506553649902e+00,1.116918563842773438e+00,1.115217924118041992e+00,1.113861441612243652e+00,1.112846851348876953e+00,1.112172722816467285e+00,1.111837744712829590e+00,1.111841440200805664e+00,1.112183928489685059e+00,1.112865686416625977e+00,1.113887786865234375e+00,1.115251898765563965e+00,1.116960048675537109e+00,1.119014739990234375e+00,1.121419191360473633e+00,1.124177336692810059e+00,1.127293109893798828e+00,1.130771636962890625e+00,1.134618639945983887e+00,1.138839721679687500e+00,1.143442034721374512e+00,1.148432850837707520e+00,1.153820514678955078e+00,1.159613728523254395e+00,1.165822386741638184e+00,1.172457098960876465e+00,1.179528951644897461e+00,1.187050580978393555e+00,1.195034980773925781e+00,1.203496694564819336e+00,1.212450742721557617e+00,1.221914410591125488e+00,1.231905102729797363e+00,1.242441773414611816e+00,1.253545761108398438e+00,1.265238761901855469e+00,1.277544736862182617e+00,1.290489315986633301e+00,1.304100513458251953e+00,1.318407535552978516e+00,1.333442568778991699e+00,1.349240303039550781e+00,1.365837931632995605e+00,1.383275747299194336e+00,1.401596546173095703e+00,1.420848488807678223e+00,1.441081047058105469e+00,1.462350368499755859e+00,1.484715819358825684e+00,1.508243083953857422e+00,1.533001780509948730e+00,1.528931021690368652e+00,1.502094030380249023e+00,1.476997613906860352e+00,1.453161597251892090e+00,1.430511355400085449e+00,1.408978700637817383e+00,1.388501644134521484e+00,1.369022369384765625e+00,1.350487351417541504e+00,1.332848668098449707e+00,1.316060304641723633e+00,1.300080537796020508e+00,1.284870624542236328e+00,1.270395517349243164e+00,1.256621122360229492e+00,1.243517160415649414e+00,1.231054544448852539e+00,1.219207048416137695e+00,1.207949757575988770e+00,1.197259902954101562e+00,1.187116265296936035e+00,1.177498459815979004e+00,1.168388366699218750e+00,1.159768700599670410e+00,1.151623606681823730e+00,1.143937945365905762e+00,1.136698246002197266e+00,1.129891633987426758e+00,1.123506188392639160e+00,1.117531061172485352e+00,1.111956000328063965e+00,1.106771826744079590e+00,1.101969838142395020e+00,1.097542285919189453e+00,1.093482017517089844e+00,1.089781999588012695e+00,1.086437106132507324e+00,1.083441734313964844e+00,1.080790996551513672e+00,1.078480839729309082e+00,1.076508045196533203e+00,1.074868917465209961e+00,1.073561549186706543e+00,1.072583556175231934e+00,1.071933746337890625e+00,1.071610927581787109e+00,esquerda
5.969576835632324219e+00,5.971415996551513672e+00,5.975076198577880859e+00,5.980564117431640625e+00,5.987888336181640625e+00,5.997058868408203125e+00,6.008090972900390625e+00,6.021000862121582031e+00,6.035809040069580078e+00,6.052538394927978516e+00,5.977079391479492188e+00,5.601119995117187500e+00,5.157860755920410156e+00,4.779469013214111328e+00,4.454173088073730469e+00,4.171781539916992188e+00,3.924457550048828125e+00,3.706951856613159180e+00,3.513114690780639648e+00,3.338811874389648438e+00,3.181947469711303711e+00,3.040174007415771484e+00,2.910567283630371094e+00,2.792181968688964844e+00,2.684937953948974609e+00,2.586007118225097656e+00,2.494544267654418945e+00,2.409492969512939453e+00,2.331651926040649414e+00,2.259049654006958008e+00,2.190937995910644531e+00,2.128038406372070312e+00,2.068889141082763672e+00,2.013381242752075195e+00,1.961731195449829102e+00,1.912700533866882324e+00,1.867207169532775879e+00,1.823841094970703125e+00,1.783147692680358887e+00,1.744770646095275879e+00,1.708271503448486328e+00,1.673883795738220215e+00,1.641379117965698242e+00,1.610413670539855957e+00,1.581153273582458496e+00,1.553444266319274902e+00,1.527490139007568359e+00,1.502839326858520508e+00,1.479414701461791992e+00,1.457146167755126953e+00,1.435968995094299316e+00,1.415823698043823242e+00,1.396655440330505371e+00,1.378413558006286621e+00,1.361051559448242188e+00,1.344525337219238281e+00,1.328795552253723145e+00,1.313825607299804688e+00,1.299580693244934082e+00,1.286028385162353516e+00,1.273140072822570801e+00,1.260887503623962402e+00,1.249245405197143555e+00,1.238190174102783203e+00,1.227699756622314453e+00,1.217753291130065918e+00,1.208331704139709473e+00,1.199417471885681152e+00,1.190993785858154297e+00,1.183045506477355957e+00,1.175558328628540039e+00,1.168519139289855957e+00,1.161915540695190430e+00,1.155736088752746582e+00,1.149970531463623047e+00,1.144608974456787109e+00,1.139642953872680664e+00,1.135064125061035156e+00,1.130864858627319336e+00,1.127038717269897461e+00,1.123579382896423340e+00,1.120481610298156738e+00,1.117740154266357422e+00,1.115351200103759766e+00,1.113310813903808594e+00,1.111615896224975586e+00,1.110263705253601074e+00,1.109252572059631348e+00,1.108580350875854492e+00,1.108246564865112305e+00,1.108250260353088379e+00,1.108591556549072266e+00,1.109271287918090820e+00,1.110289931297302246e+00,1.111649632453918457e+00,1.113352298736572266e+00,1.115400433540344238e+00,1.117797255516052246e+00,1.120546221733093262e+00,1.123652100563049316e+00,1.127119302749633789e+00,1.130953907966613770e+00,1.135161280632019043e+00,1.139748811721801758e+00,1.144723534584045410e+00,1.150093674659729004e+00,1.155868172645568848e+00,1.162056922912597656e+00,1.168670058250427246e+00,1.175719141960144043e+00,1.183216452598571777e+00,1.191175222396850586e+00,1.199609279632568359e+00,1.208534717559814453e+00,1.217967629432678223e+00,1.227926135063171387e+00,1.238428711891174316e+00,1.249496698379516602e+00,1.261152029037475586e+00,1.273418307304382324e+00,1.286321043968200684e+00,1.299888253211975098e+00,1.314149141311645508e+00,1.329135417938232422e+00,1.344882369041442871e+00,1.361426234245300293e+00,1.378807783126831055e+00,1.397069454193115234e+00,1.416259050369262695e+00,1.436426401138305664e+00,1.457626819610595703e+00,1.479920506477355957e+00,1.503371477127075195e+00,1.528050184249877930e+00,1.528902888298034668e+00,1.502093076705932617e+00,1.476996660232543945e+00,1.453160643577575684e+00,1.430510401725769043e+00,1.408977746963500977e+00,1.388500928878784180e+00,1.369021534919738770e+00,1.350486397743225098e+00,1.332847833633422852e+00,1.316059350967407227e+00,1.300079584121704102e+00,1.284869790077209473e+00,1.270394563674926758e+00,1.256620287895202637e+00,1.243516325950622559e+00,1.231053829193115234e+00,1.219206213951110840e+00,1.207948923110961914e+00,1.197259306907653809e+00,1.187115430831909180e+00,1.177497744560241699e+00,1.168387532234191895e+00,1.159767985343933105e+00,1.151622772216796875e+00,1.143937230110168457e+00,1.136697411537170410e+00,1.129890918731689453e+00,1.123505473136901855e+00,1.117530465126037598e+00,1.111955285072326660e+00,1.106771111488342285e+00,1.101969242095947266e+00,1.097541570663452148e+00,1.093481302261352539e+00,1.089781403541564941e+00,1.086436390876770020e+00,1.083441019058227539e+00,1.080790281295776367e+00,1.078480124473571777e+00,1.076507329940795898e+00,1.074868202209472656e+00,1.073560833930969238e+00,1.072582960128784180e+00,1.071933150291442871e+00,1.071610212326049805e+00,esquerda
5.969577789306640625e+00,5.971416473388671875e+00,5.975076675415039062e+00,5.980564594268798828e+00,5.987888813018798828e+00,5.997059345245361328e+00,6.008091449737548828e+00,6.021001815795898438e+00,6.035809516906738281e+00,6.052538871765136719e+00,5.965582370758056641e+00,5.584481716156005859e+00,5.142431735992431641e+00,4.765086174011230469e+00,4.440699100494384766e+00,4.159106254577636719e+00,3.912485361099243164e+00,3.695604324340820312e+00,3.502326011657714844e+00,3.328529119491577148e+00,3.172122716903686523e+00,3.030764818191528320e+00,2.901538848876953125e+00,2.783503055572509766e+00,2.676577091217041016e+00,2.577940225601196289e+00,2.486749410629272461e+00,2.401952028274536133e+00,2.324343919754028320e+00,2.251959562301635742e+00,2.184052467346191406e+00,2.121341943740844727e+00,2.062371253967285156e+00,2.007030725479125977e+00,1.955536603927612305e+00,1.906654238700866699e+00,1.861298799514770508e+00,1.818063855171203613e+00,1.777493953704833984e+00,1.739233136177062988e+00,1.702844977378845215e+00,1.668561697006225586e+00,1.636155366897583008e+00,1.605284094810485840e+00,1.576112270355224609e+00,1.548412322998046875e+00,1.522542476654052734e+00,1.497971534729003906e+00,1.474622726440429688e+00,1.452426314353942871e+00,1.431317687034606934e+00,1.411237716674804688e+00,1.392131447792053223e+00,1.373948693275451660e+00,1.356642961502075195e+00,1.340170264244079590e+00,1.324491381645202637e+00,1.309569835662841797e+00,1.295371055603027344e+00,1.281862854957580566e+00,1.269016265869140625e+00,1.256803274154663086e+00,1.245198965072631836e+00,1.234179496765136719e+00,1.223723053932189941e+00,1.213808774948120117e+00,1.204417824745178223e+00,1.195532441139221191e+00,1.187136173248291016e+00,1.179213523864746094e+00,1.171750545501708984e+00,1.164734244346618652e+00,1.158151984214782715e+00,1.151992559432983398e+00,1.146245598793029785e+00,1.140901565551757812e+00,1.135951399803161621e+00,1.131387591361999512e+00,1.127201914787292480e+00,1.123388171195983887e+00,1.119940042495727539e+00,1.116852283477783203e+00,1.114119768142700195e+00,1.111738443374633789e+00,1.109704732894897461e+00,1.108015298843383789e+00,1.106667518615722656e+00,1.105659484863281250e+00,1.104989528656005859e+00,1.104656696319580078e+00,1.104660391807556152e+00,1.105000734329223633e+00,1.105678081512451172e+00,1.106693625450134277e+00,1.108048915863037109e+00,1.109746098518371582e+00,1.111787438392639160e+00,1.114176511764526367e+00,1.116916656494140625e+00,1.120012402534484863e+00,1.123468399047851562e+00,1.127290606498718262e+00,1.131484389305114746e+00,1.136056900024414062e+00,1.141015529632568359e+00,1.146368384361267090e+00,1.152124285697937012e+00,1.158292889595031738e+00,1.164884567260742188e+00,1.171910762786865234e+00,1.179383873939514160e+00,1.187316775321960449e+00,1.195723652839660645e+00,1.204620122909545898e+00,1.214022397994995117e+00,1.223948717117309570e+00,1.234417200088500977e+00,1.245449542999267578e+00,1.257067084312438965e+00,1.269293546676635742e+00,1.282154440879821777e+00,1.295677661895751953e+00,1.309892416000366211e+00,1.324830293655395508e+00,1.340526103973388672e+00,1.357016444206237793e+00,1.374341726303100586e+00,1.392544150352478027e+00,1.411671638488769531e+00,1.431773662567138672e+00,1.452905535697937012e+00,1.475126862525939941e+00,1.498501896858215332e+00,1.523100614547729492e+00,1.528951168060302734e+00,1.502091169357299805e+00,1.476994872093200684e+00,1.453158855438232422e+00,1.430508613586425781e+00,1.408976197242736816e+00,1.388499140739440918e+00,1.369019746780395508e+00,1.350484967231750488e+00,1.332846403121948242e+00,1.316057801246643066e+00,1.300078153610229492e+00,1.284868359565734863e+00,1.270393252372741699e+00,1.256619095802307129e+00,1.243514895439147949e+00,1.231052517890930176e+00,1.219205141067504883e+00,1.207947731018066406e+00,1.197258114814758301e+00,1.187114357948303223e+00,1.177496552467346191e+00,1.168386459350585938e+00,1.159766793251037598e+00,1.151621818542480469e+00,1.143936157226562500e+00,1.136696338653564453e+00,1.129889845848083496e+00,1.123504400253295898e+00,1.117529511451721191e+00,1.111954212188720703e+00,1.106770157814025879e+00,1.101968288421630859e+00,1.097540616989135742e+00,1.093480348587036133e+00,1.089780449867248535e+00,1.086435437202453613e+00,1.083440065383911133e+00,1.080789327621459961e+00,1.078479170799255371e+00,1.076506376266479492e+00,1.074867367744445801e+00,1.073559999465942383e+00,1.072582006454467773e+00,1.071932315826416016e+00,1.071609377861022949e+00,esquerda
5.969576835632324219e+00,5.971415996551513672e+00,5.975076198577880859e+00,5.980564117431640625e+00,5.987888336181640625e+00,5.997058868408203125e+00,6.008090972900390625e+00,6.021001338958740234e+00,6.035809516906738281e+00,6.052538871765136719e+00,5.952686786651611328e+00,5.565946578979492188e+00,5.125402450561523438e+00,4.749337673187255859e+00,4.426047801971435547e+00,4.145403385162353516e+00,3.899611234664916992e+00,3.683455944061279297e+00,3.490822315216064453e+00,3.317604541778564453e+00,3.161718130111694336e+00,3.020829200744628906e+00,2.892032146453857422e+00,2.774386882781982422e+00,2.667814016342163086e+00,2.569503068923950195e+00,2.478613853454589844e+00,2.394095897674560547e+00,2.316743373870849609e+00,2.244597196578979492e+00,2.176913261413574219e+00,2.114408969879150391e+00,2.055631399154663086e+00,2.000472545623779297e+00,1.949147224426269531e+00,1.900424718856811523e+00,1.855217814445495605e+00,1.812124729156494141e+00,1.771687030792236328e+00,1.733551263809204102e+00,1.697281599044799805e+00,1.663110017776489258e+00,1.630809307098388672e+00,1.600038290023803711e+00,1.570961356163024902e+00,1.543379187583923340e+00,1.517593264579772949e+00,1.493102073669433594e+00,1.469829201698303223e+00,1.447705149650573730e+00,1.426664948463439941e+00,1.406650304794311523e+00,1.387606024742126465e+00,1.369482398033142090e+00,1.352232933044433594e+00,1.335813641548156738e+00,1.320185780525207520e+00,1.305312752723693848e+00,1.291160225868225098e+00,1.277695775032043457e+00,1.264891028404235840e+00,1.252717733383178711e+00,1.241151094436645508e+00,1.230167508125305176e+00,1.219745159149169922e+00,1.209862947463989258e+00,1.200502514839172363e+00,1.191645979881286621e+00,1.183277010917663574e+00,1.175379991531372070e+00,1.167941570281982422e+00,1.160947918891906738e+00,1.154386878013610840e+00,1.148247599601745605e+00,1.142519354820251465e+00,1.137192726135253906e+00,1.132258772850036621e+00,1.127709388732910156e+00,1.123537540435791016e+00,1.119736194610595703e+00,1.116299152374267578e+00,1.113221406936645508e+00,1.110497951507568359e+00,1.108124494552612305e+00,1.106097221374511719e+00,1.104413151741027832e+00,1.103069663047790527e+00,1.102065086364746094e+00,1.101397395133972168e+00,1.101065516471862793e+00,1.101069211959838867e+00,1.101408481597900391e+00,1.102083563804626465e+00,1.103095769882202148e+00,1.104446649551391602e+00,1.106138229370117188e+00,1.108173012733459473e+00,1.110554337501525879e+00,1.113285541534423828e+00,1.116371154785156250e+00,1.119815945625305176e+00,1.123625755310058594e+00,1.127805948257446289e+00,1.132363557815551758e+00,1.137306094169616699e+00,1.142641544342041016e+00,1.148378610610961914e+00,1.154527187347412109e+00,1.161097407341003418e+00,1.168100833892822266e+00,1.175549626350402832e+00,1.183456778526306152e+00,1.191836237907409668e+00,1.200703740119934082e+00,1.210075497627258301e+00,1.219969511032104492e+00,1.230404019355773926e+00,1.241400361061096191e+00,1.252979993820190430e+00,1.265166878700256348e+00,1.277986049652099609e+00,1.291465282440185547e+00,1.305633664131164551e+00,1.320523023605346680e+00,1.336167812347412109e+00,1.352604627609252930e+00,1.369873642921447754e+00,1.388016581535339355e+00,1.407081961631774902e+00,1.427118778228759766e+00,1.448181748390197754e+00,1.470330953598022461e+00,1.493629813194274902e+00,1.518148541450500488e+00,1.528949022293090820e+00,1.502091169357299805e+00,1.476994633674621582e+00,1.453158855438232422e+00,1.430508494377136230e+00,1.408976078033447266e+00,1.388499021530151367e+00,1.369019627571105957e+00,1.350484609603881836e+00,1.332846164703369141e+00,1.316057682037353516e+00,1.300077915191650391e+00,1.284868121147155762e+00,1.270392894744873047e+00,1.256618738174438477e+00,1.243514657020568848e+00,1.231052160263061523e+00,1.219204664230346680e+00,1.207947492599487305e+00,1.197257637977600098e+00,1.187113881111145020e+00,1.177496194839477539e+00,1.168385982513427734e+00,1.159766554832458496e+00,1.151621460914611816e+00,1.143935680389404297e+00,1.136695981025695801e+00,1.129889488220214844e+00,1.123503923416137695e+00,1.117529034614562988e+00,1.111953854560852051e+00,1.106769800186157227e+00,1.101967811584472656e+00,1.097540140151977539e+00,1.093479990959167480e+00,1.089780092239379883e+00,1.086434960365295410e+00,1.083439588546752930e+00,1.080788850784301758e+00,1.078478693962097168e+00,1.076505899429321289e+00,1.074866890907287598e+00,1.073559522628784180e+00,1.072581529617309570e+00,1.071931719779968262e+00,1.071608662605285645e+00,esquerda
5.969577312469482422e+00,5.971416473388671875e+00,5.975076675415039062e+00,5.980564594268798828e+00,5.987889289855957031e+00,5.997059822082519531e+00,6.008091449737548828e+00,6.021001815795898438e+00,6.035809993743896484e+00,6.052539348602294922e+00,5.939812660217285156e+00,5.547436714172363281e+00,5.108392715454101562e+00,4.733602523803710938e+00,4.411405563354492188e+00,4.131707191467285156e+00,3.886740684509277344e+00,3.671310186386108398e+00,3.479321241378784180e+00,3.306682109832763672e+00,3.151315450668334961e+00,3.010895729064941406e+00,2.882526874542236328e+00,2.765272617340087891e+00,2.659053802490234375e+00,2.561068534851074219e+00,2.470479488372802734e+00,2.386240959167480469e+00,2.309144020080566406e+00,2.237236022949218750e+00,2.169775485992431641e+00,2.107477188110351562e+00,2.048893213272094727e+00,1.993915677070617676e+00,1.942759156227111816e+00,1.894196867942810059e+00,1.849138259887695312e+00,1.806185960769653320e+00,1.765881299972534180e+00,1.727870225906372070e+00,1.691719174385070801e+00,1.657659411430358887e+00,1.625464200973510742e+00,1.594793438911437988e+00,1.565811395645141602e+00,1.538347482681274414e+00,1.512645483016967773e+00,1.488234281539916992e+00,1.465037345886230469e+00,1.442985177040100098e+00,1.422013759613037109e+00,1.402064323425292969e+00,1.383082270622253418e+00,1.365017771720886230e+00,1.347824454307556152e+00,1.331458806991577148e+00,1.315881967544555664e+00,1.301057457923889160e+00,1.286951065063476562e+00,1.273530364036560059e+00,1.260767340660095215e+00,1.248633861541748047e+00,1.237104892730712891e+00,1.226157188415527344e+00,1.215768694877624512e+00,1.205918669700622559e+00,1.196588993072509766e+00,1.187761187553405762e+00,1.179419517517089844e+00,1.171548485755920410e+00,1.164134025573730469e+00,1.157163143157958984e+00,1.150623679161071777e+00,1.144504427909851074e+00,1.138794779777526855e+00,1.133485555648803711e+00,1.128567576408386230e+00,1.124033331871032715e+00,1.119874835014343262e+00,1.116085886955261230e+00,1.112660169601440430e+00,1.109592556953430176e+00,1.106877803802490234e+00,1.104512095451354980e+00,1.102491497993469238e+00,1.100812911987304688e+00,1.099473953247070312e+00,1.098472595214843750e+00,1.097806930541992188e+00,1.097476243972778320e+00,1.097479939460754395e+00,1.097818017005920410e+00,1.098491072654724121e+00,1.099499940872192383e+00,1.100846529006958008e+00,1.102532505989074707e+00,1.104560613632202148e+00,1.106934189796447754e+00,1.109656691551208496e+00,1.112732052803039551e+00,1.116165757179260254e+00,1.119962930679321289e+00,1.124129772186279297e+00,1.128672242164611816e+00,1.133598804473876953e+00,1.138916730880737305e+00,1.144635319709777832e+00,1.150763750076293945e+00,1.157312750816345215e+00,1.164293289184570312e+00,1.171717762947082520e+00,1.179599165916442871e+00,1.187951207160949707e+00,1.196789860725402832e+00,1.206130981445312500e+00,1.215992808341979980e+00,1.226393461227416992e+00,1.237353920936584473e+00,1.248896002769470215e+00,1.261043071746826172e+00,1.273820400238037109e+00,1.287255764007568359e+00,1.301378011703491211e+00,1.316218733787536621e+00,1.331812500953674316e+00,1.348195672035217285e+00,1.365408420562744141e+00,1.383492588996887207e+00,1.402495503425598145e+00,1.422467112541198730e+00,1.443461537361145020e+00,1.465538382530212402e+00,1.488761544227600098e+00,1.513200402259826660e+00,1.527058959007263184e+00,1.502090215682983398e+00,1.476993680000305176e+00,1.453157901763916016e+00,1.430507659912109375e+00,1.408975124359130859e+00,1.388498067855834961e+00,1.369018793106079102e+00,1.350483894348144531e+00,1.332845330238342285e+00,1.316056728363037109e+00,1.300076961517333984e+00,1.284867286682128906e+00,1.270392179489135742e+00,1.256617903709411621e+00,1.243513822555541992e+00,1.231051325798034668e+00,1.219203948974609375e+00,1.207946658134460449e+00,1.197256922721862793e+00,1.187113046646118164e+00,1.177495479583740234e+00,1.168385386466979980e+00,1.159765720367431641e+00,1.151620626449584961e+00,1.143934965133666992e+00,1.136695146560668945e+00,1.129888772964477539e+00,1.123503327369689941e+00,1.117528200149536133e+00,1.111953139305114746e+00,1.106768965721130371e+00,1.101967096328735352e+00,1.097539305686950684e+00,1.093479156494140625e+00,1.089779257774353027e+00,1.086434364318847656e+00,1.083438992500305176e+00,1.080788135528564453e+00,1.078478097915649414e+00,1.076505303382873535e+00,1.074866294860839844e+00,1.073558807373046875e+00,1.072580814361572266e+00,1.071931004524230957e+00,1.071608066558837891e+00,esquerda
5.969579696655273438e+00,5.971418380737304688e+00,5.975078582763671875e+00,5.980566501617431641e+00,5.987891197204589844e+00,5.997061729431152344e+00,6.008093833923339844e+00,6.021003723144531250e+00,6.035811424255371094e+00,6.052541732788085938e+00,5.927382469177246094e+00,5.529472827911376953e+00,5.091766834259033203e+00,4.718129634857177734e+00,4.396931171417236328e+00,4.118105411529541016e+00,3.873908519744873047e+00,3.659167051315307617e+00,3.467822313308715820e+00,3.295761346817016602e+00,3.140914201736450195e+00,3.000963926315307617e+00,2.873023033142089844e+00,2.756159305572509766e+00,2.650293588638305664e+00,2.552633762359619141e+00,2.462345838546752930e+00,2.378386974334716797e+00,2.301545619964599609e+00,2.229875802993774414e+00,2.162638187408447266e+00,2.100545883178710938e+00,2.042155265808105469e+00,1.987359404563903809e+00,1.936371445655822754e+00,1.887969136238098145e+00,1.843058824539184570e+00,1.800248026847839355e+00,1.760075449943542480e+00,1.722189307212829590e+00,1.686157107353210449e+00,1.652208685874938965e+00,1.620119333267211914e+00,1.589548826217651367e+00,1.560661435127258301e+00,1.533314228057861328e+00,1.507696270942687988e+00,1.483365058898925781e+00,1.460244059562683105e+00,1.438263893127441406e+00,1.417361140251159668e+00,1.397476911544799805e+00,1.378556966781616211e+00,1.360551476478576660e+00,1.343414545059204102e+00,1.327102422714233398e+00,1.311576366424560547e+00,1.296800613403320312e+00,1.282740235328674316e+00,1.269363522529602051e+00,1.256642341613769531e+00,1.244548439979553223e+00,1.233057141304016113e+00,1.222145199775695801e+00,1.211790919303894043e+00,1.201973199844360352e+00,1.192673802375793457e+00,1.183874964714050293e+00,1.175560593605041504e+00,1.167715191841125488e+00,1.160325169563293457e+00,1.153377175331115723e+00,1.146859049797058105e+00,1.140759587287902832e+00,1.135068774223327637e+00,1.129776835441589355e+00,1.124875068664550781e+00,1.120355486869812012e+00,1.116210818290710449e+00,1.112434148788452148e+00,1.109019637107849121e+00,1.105962038040161133e+00,1.103256225585937500e+00,1.100898265838623047e+00,1.098884224891662598e+00,1.097211241722106934e+00,1.095876574516296387e+00,1.094878435134887695e+00,1.094215154647827148e+00,1.093885540962219238e+00,1.093889236450195312e+00,1.094226121902465820e+00,1.094896912574768066e+00,1.095902442932128906e+00,1.097244739532470703e+00,1.098925232887268066e+00,1.100946664810180664e+00,1.103312373161315918e+00,1.106026053428649902e+00,1.109091520309448242e+00,1.112513780593872070e+00,1.116298556327819824e+00,1.120451688766479492e+00,1.124979496002197266e+00,1.129889845848083496e+00,1.135190367698669434e+00,1.140890240669250488e+00,1.146998643875122070e+00,1.153526186943054199e+00,1.160483837127685547e+00,1.167883992195129395e+00,1.175739765167236328e+00,1.184064388275146484e+00,1.192874312400817871e+00,1.202184796333312988e+00,1.212014317512512207e+00,1.222380876541137695e+00,1.233305454254150391e+00,1.244809865951538086e+00,1.256917119026184082e+00,1.269652605056762695e+00,1.283043980598449707e+00,1.297119975090026855e+00,1.311912178993225098e+00,1.327454924583435059e+00,1.343784570693969727e+00,1.360940933227539062e+00,1.378965854644775391e+00,1.397906780242919922e+00,1.417813062667846680e+00,1.438738703727722168e+00,1.460743308067321777e+00,1.483890533447265625e+00,1.508249282836914062e+00,1.524545073509216309e+00,1.502088189125061035e+00,1.476991891860961914e+00,1.453156113624572754e+00,1.430505752563476562e+00,1.408973336219787598e+00,1.388496518135070801e+00,1.369017362594604492e+00,1.350482344627380371e+00,1.332843780517578125e+00,1.316055297851562500e+00,1.300075769424438477e+00,1.284865975379943848e+00,1.270390748977661133e+00,1.256616711616516113e+00,1.243512392044067383e+00,1.231050014495849609e+00,1.219202637672424316e+00,1.207945346832275391e+00,1.197255730628967285e+00,1.187111854553222656e+00,1.177494168281555176e+00,1.168384194374084473e+00,1.159764647483825684e+00,1.151619553565979004e+00,1.143933892250061035e+00,1.136694192886352539e+00,1.129887580871582031e+00,1.123502135276794434e+00,1.117527246475219727e+00,1.111952185630798340e+00,1.106768012046813965e+00,1.101966142654418945e+00,1.097538471221923828e+00,1.093478202819824219e+00,1.089778423309326172e+00,1.086433410644531250e+00,1.083438038825988770e+00,1.080787301063537598e+00,1.078477263450622559e+00,1.076504349708557129e+00,1.074865341186523438e+00,1.073557972908020020e+00,1.072579979896545410e+00,1.071930170059204102e+00,1.071607232093811035e+00,esquerda
5.969580173492431641e+00,5.971418857574462891e+00,5.975079059600830078e+00,5.980567455291748047e+00,5.987891674041748047e+00,5.997062206268310547e+00,6.008094310760498047e+00,6.021004199981689453e+00,6.035811901092529297e+00,6.052542209625244141e+00,5.915398120880126953e+00,5.512227058410644531e+00,5.075898647308349609e+00,4.703435897827148438e+00,4.383245468139648438e+00,4.105293273925781250e+00,3.861860513687133789e+00,3.647782325744628906e+00,3.457000970840454102e+00,3.285449504852294922e+00,3.131062984466552734e+00,2.991530179977416992e+00,2.863972902297973633e+00,2.747460603713989258e+00,2.641914367675781250e+00,2.544550180435180664e+00,2.454535961151123047e+00,2.370831966400146484e+00,2.294224500656127930e+00,2.222773313522338867e+00,2.155740976333618164e+00,2.093838930130004883e+00,2.035627126693725586e+00,1.980999231338500977e+00,1.930168151855468750e+00,1.881914496421813965e+00,1.837142586708068848e+00,1.794463634490966797e+00,1.754414796829223633e+00,1.716645598411560059e+00,1.680724263191223145e+00,1.646880865097045898e+00,1.614889979362487793e+00,1.584413886070251465e+00,1.555615782737731934e+00,1.528283119201660156e+00,1.502749443054199219e+00,1.478497862815856934e+00,1.455452799797058105e+00,1.433544874191284180e+00,1.412710547447204590e+00,1.392891526222229004e+00,1.374033808708190918e+00,1.356087446212768555e+00,1.339006543159484863e+00,1.322748064994812012e+00,1.307273030281066895e+00,1.292545557022094727e+00,1.278531312942504883e+00,1.265198588371276855e+00,1.252519011497497559e+00,1.240464806556701660e+00,1.229011416435241699e+00,1.218135237693786621e+00,1.207814693450927734e+00,1.198029279708862305e+00,1.188760519027709961e+00,1.179990649223327637e+00,1.171703457832336426e+00,1.163883686065673828e+00,1.156517863273620605e+00,1.149592638015747070e+00,1.143096089363098145e+00,1.137016654014587402e+00,1.131344437599182129e+00,1.126069903373718262e+00,1.121184229850769043e+00,1.116679549217224121e+00,1.112548470497131348e+00,1.108784079551696777e+00,1.105380892753601074e+00,1.102333188056945801e+00,1.099636197090148926e+00,1.097285985946655273e+00,1.095278620719909668e+00,1.093611121177673340e+00,1.092280864715576172e+00,1.091285943984985352e+00,1.090624809265136719e+00,1.090296268463134766e+00,1.090299963951110840e+00,1.090635895729064941e+00,1.091304421424865723e+00,1.092306733131408691e+00,1.093644499778747559e+00,1.095319509506225586e+00,1.097334384918212891e+00,1.099692225456237793e+00,1.102396845817565918e+00,1.105452299118041992e+00,1.108863472938537598e+00,1.112635850906372070e+00,1.116775155067443848e+00,1.121288299560546875e+00,1.126182436943054199e+00,1.131465673446655273e+00,1.137146711349487305e+00,1.143235206604003906e+00,1.149741291999816895e+00,1.156676173210144043e+00,1.164052009582519531e+00,1.171881914138793945e+00,1.180179238319396973e+00,1.188960194587707520e+00,1.198240160942077637e+00,1.208037376403808594e+00,1.218369960784912109e+00,1.229258775711059570e+00,1.240725278854370117e+00,1.252792835235595703e+00,1.265486598014831543e+00,1.278834104537963867e+00,1.292863965034484863e+00,1.307607650756835938e+00,1.323099493980407715e+00,1.339375376701354980e+00,1.356475472450256348e+00,1.374441146850585938e+00,1.393320083618164062e+00,1.413160681724548340e+00,1.434017896652221680e+00,1.455950379371643066e+00,1.479021430015563965e+00,1.503300666809082031e+00,1.522075772285461426e+00,1.502087235450744629e+00,1.476990938186645508e+00,1.453155159950256348e+00,1.430504918098449707e+00,1.408972382545471191e+00,1.388495683670043945e+00,1.369016289710998535e+00,1.350481390953063965e+00,1.332842946052551270e+00,1.316054463386535645e+00,1.300074815750122070e+00,1.284865140914916992e+00,1.270389914512634277e+00,1.256615877151489258e+00,1.243511795997619629e+00,1.231049418449401855e+00,1.219201922416687012e+00,1.207944631576538086e+00,1.197254896163940430e+00,1.187111258506774902e+00,1.177493453025817871e+00,1.168383359909057617e+00,1.159763813018798828e+00,1.151618719100952148e+00,1.143933176994323730e+00,1.136693358421325684e+00,1.129886865615844727e+00,1.123501539230346680e+00,1.117526412010192871e+00,1.111951470375061035e+00,1.106767177581787109e+00,1.101965427398681641e+00,1.097537636756896973e+00,1.093477487564086914e+00,1.089777588844299316e+00,1.086432695388793945e+00,1.083437323570251465e+00,1.080786585807800293e+00,1.078476548194885254e+00,1.076503753662109375e+00,1.074864745140075684e+00,1.073557257652282715e+00,1.072579264640808105e+00,1.071929574012756348e+00,1.071606516838073730e+00,esquerda
5.969579219818115234e+00,5.971418380737304688e+00,5.975078582763671875e+00,5.980566978454589844e+00,5.987891197204589844e+00,5.997061729431152344e+00,6.008093357086181641e+00,6.021004199981689453e+00,6.035811901092529297e+00,6.052542209625244141e+00,5.902525901794433594e+00,5.493720531463623047e+00,5.058891773223876953e+00,4.687703609466552734e+00,4.368605136871337891e+00,4.091598033905029297e+00,3.848991870880126953e+00,3.635637044906616211e+00,3.445500135421752930e+00,3.274527072906494141e+00,3.120660305023193359e+00,2.981596708297729492e+00,2.854467391967773438e+00,2.738346338272094727e+00,2.633153200149536133e+00,2.536114692687988281e+00,2.446401596069335938e+00,2.362977027893066406e+00,2.286625385284423828e+00,2.215411901473999023e+00,2.148602962493896484e+00,2.086906671524047852e+00,2.028888463973999023e+00,1.974442005157470703e+00,1.923779487609863281e+00,1.875686287879943848e+00,1.831062316894531250e+00,1.788524866104125977e+00,1.748608469963073730e+00,1.710964202880859375e+00,1.675161480903625488e+00,1.641429662704467773e+00,1.609544396400451660e+00,1.579168677330017090e+00,1.550465345382690430e+00,1.523249983787536621e+00,1.497800350189208984e+00,1.473628640174865723e+00,1.450659394264221191e+00,1.428823709487915039e+00,1.408058047294616699e+00,1.388304352760314941e+00,1.369508504867553711e+00,1.351621389389038086e+00,1.334596753120422363e+00,1.318391680717468262e+00,1.302967667579650879e+00,1.288288712501525879e+00,1.274320721626281738e+00,1.261031985282897949e+00,1.248394131660461426e+00,1.236379623413085938e+00,1.224963784217834473e+00,1.214123487472534180e+00,1.203837037086486816e+00,1.194083809852600098e+00,1.184845566749572754e+00,1.176104426383972168e+00,1.167844653129577637e+00,1.160050749778747559e+00,1.152709007263183594e+00,1.145806670188903809e+00,1.139331459999084473e+00,1.133272051811218262e+00,1.127618551254272461e+00,1.122361421585083008e+00,1.117491722106933594e+00,1.113001942634582520e+00,1.108884453773498535e+00,1.105132579803466797e+00,1.101740479469299316e+00,1.098702788352966309e+00,1.096014738082885742e+00,1.093672156333923340e+00,1.091671466827392578e+00,1.090009570121765137e+00,1.088683605194091797e+00,1.087692022323608398e+00,1.087032914161682129e+00,1.086705565452575684e+00,1.086709260940551758e+00,1.087044000625610352e+00,1.087710380554199219e+00,1.088709354400634766e+00,1.090042591094970703e+00,1.091712117195129395e+00,1.093720436096191406e+00,1.096070647239685059e+00,1.098766326904296875e+00,1.101811647415161133e+00,1.105211615562438965e+00,1.108971595764160156e+00,1.113097310066223145e+00,1.117595553398132324e+00,1.122473597526550293e+00,1.127739429473876953e+00,1.133401751518249512e+00,1.139470100402832031e+00,1.145954728126525879e+00,1.152866840362548828e+00,1.160218477249145508e+00,1.168022513389587402e+00,1.176292657852172852e+00,1.185044527053833008e+00,1.194293975830078125e+00,1.204059004783630371e+00,1.214357495307922363e+00,1.225210428237915039e+00,1.236639142036437988e+00,1.248667001724243164e+00,1.261319041252136230e+00,1.274622559547424316e+00,1.288606047630310059e+00,1.303301334381103516e+00,1.318742036819458008e+00,1.334964513778686523e+00,1.352008104324340820e+00,1.369914889335632324e+00,1.388731479644775391e+00,1.408506989479064941e+00,1.429295301437377930e+00,1.451155424118041992e+00,1.474150776863098145e+00,1.498349666595458984e+00,1.519569873809814453e+00,1.502087354660034180e+00,1.476990938186645508e+00,1.453155159950256348e+00,1.430504918098449707e+00,1.408972382545471191e+00,1.388495445251464844e+00,1.369016170501708984e+00,1.350481390953063965e+00,1.332842826843261719e+00,1.316054224967956543e+00,1.300074577331542969e+00,1.284864902496337891e+00,1.270389795303344727e+00,1.256615519523620605e+00,1.243511438369750977e+00,1.231049060821533203e+00,1.219201564788818359e+00,1.207944393157958984e+00,1.197254657745361328e+00,1.187110900878906250e+00,1.177493214607238770e+00,1.168383121490478516e+00,1.159763574600219727e+00,1.151618480682373047e+00,1.143932700157165527e+00,1.136693000793457031e+00,1.129886627197265625e+00,1.123501181602478027e+00,1.117526054382324219e+00,1.111950993537902832e+00,1.106766819953918457e+00,1.101964950561523438e+00,1.097537398338317871e+00,1.093477129936218262e+00,1.089777231216430664e+00,1.086432218551635742e+00,1.083436846733093262e+00,1.080785989761352539e+00,1.078476071357727051e+00,1.076503276824951172e+00,1.074864149093627930e+00,1.073556780815124512e+00,1.072578787803649902e+00,1.071928977966308594e+00,1.071605920791625977e+00,esquerda
5.969581604003906250e+00,5.971420764923095703e+00,5.975080966949462891e+00,5.980568885803222656e+00,5.987893104553222656e+00,5.997063636779785156e+00,6.008095741271972656e+00,6.021005630493164062e+00,6.035813808441162109e+00,6.052543640136718750e+00,5.889640331268310547e+00,5.475198268890380859e+00,5.041873931884765625e+00,4.671965122222900391e+00,4.353961944580078125e+00,4.077902317047119141e+00,3.836123466491699219e+00,3.623494386672973633e+00,3.434002399444580078e+00,3.263607501983642578e+00,3.110260486602783203e+00,2.971665620803833008e+00,2.844965219497680664e+00,2.729233980178833008e+00,2.624393939971923828e+00,2.527681589126586914e+00,2.438268899917602539e+00,2.355123519897460938e+00,2.279027462005615234e+00,2.208052158355712891e+00,2.141466379165649414e+00,2.079975843429565430e+00,2.022151470184326172e+00,1.967886447906494141e+00,1.917392492294311523e+00,1.869459152221679688e+00,1.824983835220336914e+00,1.782587289810180664e+00,1.742803573608398438e+00,1.705284118652343750e+00,1.669600129127502441e+00,1.635980010032653809e+00,1.604200243949890137e+00,1.573924779891967773e+00,1.545316100120544434e+00,1.518217444419860840e+00,1.492851853370666504e+00,1.468760013580322266e+00,1.445866703987121582e+00,1.424103140830993652e+00,1.403406143188476562e+00,1.383717775344848633e+00,1.364983916282653809e+00,1.347155928611755371e+00,1.330187559127807617e+00,1.314036011695861816e+00,1.298663020133972168e+00,1.284032464027404785e+00,1.270110607147216797e+00,1.256865739822387695e+00,1.244269728660583496e+00,1.232294917106628418e+00,1.220916867256164551e+00,1.210112214088439941e+00,1.199859738349914551e+00,1.190138697624206543e+00,1.180930972099304199e+00,1.172218799591064453e+00,1.163986325263977051e+00,1.156218171119689941e+00,1.148900866508483887e+00,1.142021179199218750e+00,1.135567426681518555e+00,1.129527926445007324e+00,1.123893260955810547e+00,1.118653297424316406e+00,1.113799691200256348e+00,1.109324812889099121e+00,1.105220913887023926e+00,1.101481437683105469e+00,1.098100423812866211e+00,1.095072984695434570e+00,1.092393755912780762e+00,1.090058922767639160e+00,1.088064789772033691e+00,1.086408257484436035e+00,1.085086822509765625e+00,1.084098577499389648e+00,1.083441615104675293e+00,1.083115458488464355e+00,1.083119034767150879e+00,1.083452701568603516e+00,1.084116816520690918e+00,1.085112333297729492e+00,1.086441278457641602e+00,1.088105320930480957e+00,1.090106964111328125e+00,1.092449426651000977e+00,1.095136284828186035e+00,1.098171472549438477e+00,1.101560235023498535e+00,1.105307817459106445e+00,1.109419822692871094e+00,1.113903164863586426e+00,1.118765234947204590e+00,1.124013543128967285e+00,1.129657268524169922e+00,1.135705471038818359e+00,1.142168760299682617e+00,1.149057984352111816e+00,1.156385421752929688e+00,1.164163470268249512e+00,1.172406435012817383e+00,1.181129336357116699e+00,1.190348386764526367e+00,1.200081229209899902e+00,1.210345506668090820e+00,1.221162557601928711e+00,1.232553601264953613e+00,1.244541645050048828e+00,1.257151842117309570e+00,1.270411491394042969e+00,1.284348964691162109e+00,1.298995375633239746e+00,1.314385175704956055e+00,1.330553889274597168e+00,1.347541332244873047e+00,1.365388870239257812e+00,1.384143352508544922e+00,1.403853535652160645e+00,1.424573183059692383e+00,1.446361184120178223e+00,1.469280362129211426e+00,1.493399500846862793e+00,1.517068743705749512e+00,1.502086400985717773e+00,1.476989865303039551e+00,1.453154206275939941e+00,1.430503964424133301e+00,1.408971428871154785e+00,1.388494491577148438e+00,1.369015336036682129e+00,1.350480437278747559e+00,1.332841873168945312e+00,1.316053390502929688e+00,1.300073862075805664e+00,1.284864068031311035e+00,1.270388960838317871e+00,1.256614685058593750e+00,1.243510603904724121e+00,1.231048226356506348e+00,1.219200730323791504e+00,1.207943558692932129e+00,1.197253823280334473e+00,1.187110185623168945e+00,1.177492499351501465e+00,1.168382406234741211e+00,1.159762859344482422e+00,1.151617646217346191e+00,1.143931984901428223e+00,1.136692404747009277e+00,1.129885911941528320e+00,1.123500466346740723e+00,1.117525339126586914e+00,1.111950397491455078e+00,1.106766104698181152e+00,1.101964354515075684e+00,1.097536683082580566e+00,1.093476533889770508e+00,1.089776515960693359e+00,1.086431503295898438e+00,1.083436250686645508e+00,1.080785274505615234e+00,1.078475356101989746e+00,1.076502561569213867e+00,1.074863433837890625e+00,1.073556065559387207e+00,1.072578072547912598e+00,1.071928262710571289e+00,1.071605324745178223e+00,esquerda
5.969582557678222656e+00,5.971421241760253906e+00,5.975081443786621094e+00,5.980569362640380859e+00,5.987893581390380859e+00,5.997064113616943359e+00,6.008096218109130859e+00,6.021006584167480469e+00,6.035814285278320312e+00,6.052544116973876953e+00,5.878119945526123047e+00,5.458527565002441406e+00,5.026417732238769531e+00,4.657558441162109375e+00,4.340467929840087891e+00,4.065208911895751953e+00,3.824136734008789062e+00,3.612133264541625977e+00,3.423201799392700195e+00,3.253314018249511719e+00,3.100425720214843750e+00,2.962247133255004883e+00,2.835928201675415039e+00,2.720547437667846680e+00,2.616025924682617188e+00,2.519607782363891602e+00,2.430468082427978516e+00,2.347577095031738281e+00,2.271714210510253906e+00,2.200957059860229492e+00,2.134576559066772461e+00,2.073275089263916016e+00,2.015629291534423828e+00,1.961531996726989746e+00,1.911194443702697754e+00,1.863409519195556641e+00,1.819072008132934570e+00,1.776807069778442383e+00,1.737146854400634766e+00,1.699743747711181641e+00,1.664170622825622559e+00,1.630655050277709961e+00,1.598974108695983887e+00,1.568792700767517090e+00,1.540272951126098633e+00,1.513184905052185059e+00,1.487903475761413574e+00,1.463891386985778809e+00,1.441073894500732422e+00,1.419382691383361816e+00,1.398754239082336426e+00,1.379131078720092773e+00,1.360459327697753906e+00,1.342690348625183105e+00,1.325778245925903320e+00,1.309680342674255371e+00,1.294358134269714355e+00,1.279776215553283691e+00,1.265900373458862305e+00,1.252699494361877441e+00,1.240145206451416016e+00,1.228210091590881348e+00,1.216869831085205078e+00,1.206101059913635254e+00,1.195882558822631836e+00,1.186193704605102539e+00,1.177016496658325195e+00,1.168333292007446289e+00,1.160127997398376465e+00,1.152385592460632324e+00,1.145092487335205078e+00,1.138235688209533691e+00,1.131803154945373535e+00,1.125783920288085938e+00,1.120167732238769531e+00,1.114945292472839355e+00,1.110107898712158203e+00,1.105647683143615723e+00,1.101557374000549316e+00,1.097830295562744141e+00,1.094460487365722656e+00,1.091443061828613281e+00,1.088772892951965332e+00,1.086445808410644531e+00,1.084458231925964355e+00,1.082807064056396484e+00,1.081490039825439453e+00,1.080505013465881348e+00,1.079850435256958008e+00,1.079525113105773926e+00,1.079528808593750000e+00,1.079861402511596680e+00,1.080523252487182617e+00,1.081515669822692871e+00,1.082840204238891602e+00,1.084498763084411621e+00,1.086493730545043945e+00,1.088828444480895996e+00,1.091506242752075195e+00,1.094531536102294922e+00,1.097908854484558105e+00,1.101644039154052734e+00,1.105742573738098145e+00,1.110210895538330078e+00,1.115056872367858887e+00,1.120287895202636719e+00,1.125912666320800781e+00,1.131940960884094238e+00,1.138382792472839355e+00,1.145249247550964355e+00,1.152552247047424316e+00,1.160304665565490723e+00,1.168520212173461914e+00,1.177214384078979492e+00,1.186402678489685059e+00,1.196103215217590332e+00,1.206333637237548828e+00,1.217114806175231934e+00,1.228468179702758789e+00,1.240416407585144043e+00,1.252984762191772461e+00,1.266200423240661621e+00,1.280091762542724609e+00,1.294689655303955078e+00,1.310028314590454102e+00,1.326143503189086914e+00,1.343074560165405273e+00,1.360863089561462402e+00,1.379555225372314453e+00,1.399200081825256348e+00,1.419851183891296387e+00,1.441566944122314453e+00,1.464410185813903809e+00,1.488449215888977051e+00,1.513759970664978027e+00,1.502084374427795410e+00,1.476988077163696289e+00,1.453152418136596680e+00,1.430502176284790039e+00,1.408969879150390625e+00,1.388492941856384277e+00,1.369013667106628418e+00,1.350478768348693848e+00,1.332840442657470703e+00,1.316051959991455078e+00,1.300072431564331055e+00,1.284862637519836426e+00,1.270387530326843262e+00,1.256613492965698242e+00,1.243509411811828613e+00,1.231046915054321289e+00,1.219199538230895996e+00,1.207942366600036621e+00,1.197252631187438965e+00,1.187108874320983887e+00,1.177491307258605957e+00,1.168381214141845703e+00,1.159761667251586914e+00,1.151616573333740234e+00,1.143931031227111816e+00,1.136691212654113770e+00,1.129884719848632812e+00,1.123499393463134766e+00,1.117524266242980957e+00,1.111949443817138672e+00,1.106765151023864746e+00,1.101963400840759277e+00,1.097535610198974609e+00,1.093475580215454102e+00,1.089775562286376953e+00,1.086430668830871582e+00,1.083435416221618652e+00,1.080784440040588379e+00,1.078474521636962891e+00,1.076501727104187012e+00,1.074862718582153320e+00,1.073555231094360352e+00,1.072577238082885742e+00,1.071927547454833984e+00,1.071604490280151367e+00,esquerda
5.969581604003906250e+00,5.971420764923095703e+00,5.975080966949462891e+00,5.980568885803222656e+00,5.987893104553222656e+00,5.997063636779785156e+00,6.008095741271972656e+00,6.021006107330322266e+00,6.035814285278320312e+00,6.052544116973876953e+00,5.865250587463378906e+00,5.440024852752685547e+00,5.009413719177246094e+00,4.641829013824462891e+00,4.325829982757568359e+00,4.051517009735107422e+00,3.811269760131835938e+00,3.599990606307983398e+00,3.411703586578369141e+00,3.242394447326660156e+00,3.090025424957275391e+00,2.952316284179687500e+00,2.826425075531005859e+00,2.711435079574584961e+00,2.607266902923583984e+00,2.511174201965332031e+00,2.422335147857666016e+00,2.339723825454711914e+00,2.264116287231445312e+00,2.193597316741943359e+00,2.127439737319946289e+00,2.066344499588012695e+00,2.008892059326171875e+00,1.954976081848144531e+00,1.904807209968566895e+00,1.857182025909423828e+00,1.812993049621582031e+00,1.770869493484497070e+00,1.731341719627380371e+00,1.694063425064086914e+00,1.658609032630920410e+00,1.625204920768737793e+00,1.593629479408264160e+00,1.563548445701599121e+00,1.535123467445373535e+00,1.508152961730957031e+00,1.482955455780029297e+00,1.459023475646972656e+00,1.436282038688659668e+00,1.414662599563598633e+00,1.394102692604064941e+00,1.374544739723205566e+00,1.355935215950012207e+00,1.338225364685058594e+00,1.321369647979736328e+00,1.305325031280517578e+00,1.290053725242614746e+00,1.275520324707031250e+00,1.261690855026245117e+00,1.248533606529235840e+00,1.236021161079406738e+00,1.224125623703002930e+00,1.212823033332824707e+00,1.202090144157409668e+00,1.191905498504638672e+00,1.182248950004577637e+00,1.173102259635925293e+00,1.164447903633117676e+00,1.156269907951354980e+00,1.148553133010864258e+00,1.141284227371215820e+00,1.134450316429138184e+00,1.128039360046386719e+00,1.122039914131164551e+00,1.116442561149597168e+00,1.111237287521362305e+00,1.106416106224060059e+00,1.101970672607421875e+00,1.097893953323364258e+00,1.094179272651672363e+00,1.090820789337158203e+00,1.087813258171081543e+00,1.085151910781860352e+00,1.082832574844360352e+00,1.080851674079895020e+00,1.079206109046936035e+00,1.077893376350402832e+00,1.076911568641662598e+00,1.076259016990661621e+00,1.075934886932373047e+00,1.075938463211059570e+00,1.076269865036010742e+00,1.076929807662963867e+00,1.077918887138366699e+00,1.079238891601562500e+00,1.080891847610473633e+00,1.082880258560180664e+00,1.085207223892211914e+00,1.087876081466674805e+00,1.090891242027282715e+00,1.094257354736328125e+00,1.097980141639709473e+00,1.102064967155456543e+00,1.106518745422363281e+00,1.111348271369934082e+00,1.116562008857727051e+00,1.122168183326721191e+00,1.128176450729370117e+00,1.134596705436706543e+00,1.141440272331237793e+00,1.148719072341918945e+00,1.156445741653442383e+00,1.164633870124816895e+00,1.173299193382263184e+00,1.182456851005554199e+00,1.192125201225280762e+00,1.202321529388427734e+00,1.213066816329956055e+00,1.224382281303405762e+00,1.236291050910949707e+00,1.248817443847656250e+00,1.261989235877990723e+00,1.275834321975708008e+00,1.290383696556091309e+00,1.305671215057373047e+00,1.321732878684997559e+00,1.338607668876647949e+00,1.356336712837219238e+00,1.374966859817504883e+00,1.394546508789062500e+00,1.415128707885742188e+00,1.436772346496582031e+00,1.459539413452148438e+00,1.483498811721801758e+00,1.508725047111511230e+00,1.502084374427795410e+00,1.476988077163696289e+00,1.453152298927307129e+00,1.430502057075500488e+00,1.408969640731811523e+00,1.388492822647094727e+00,1.369013547897338867e+00,1.350478649139404297e+00,1.332840085029602051e+00,1.316051840782165527e+00,1.300072073936462402e+00,1.284862279891967773e+00,1.270387291908264160e+00,1.256613016128540039e+00,1.243509173393249512e+00,1.231046676635742188e+00,1.219199180603027344e+00,1.207941889762878418e+00,1.197252392768859863e+00,1.187108635902404785e+00,1.177490830421447754e+00,1.168380856513977051e+00,1.159761309623718262e+00,1.151616215705871582e+00,1.143930554389953613e+00,1.136690855026245117e+00,1.129884362220764160e+00,1.123498916625976562e+00,1.117524027824401855e+00,1.111948847770690918e+00,1.106764674186706543e+00,1.101962924003601074e+00,1.097535133361816406e+00,1.093474984169006348e+00,1.089775085449218750e+00,1.086430191993713379e+00,1.083434820175170898e+00,1.080783963203430176e+00,1.078474044799804688e+00,1.076501131057739258e+00,1.074862122535705566e+00,1.073554754257202148e+00,1.072576761245727539e+00,1.071926951408386230e+00,1.071604013442993164e+00,esquerda
5.969583988189697266e+00,5.971422672271728516e+00,5.975082874298095703e+00,5.980570793151855469e+00,5.987895488739013672e+00,5.997066020965576172e+00,6.008097648620605469e+00,6.021008014678955078e+00,6.035815715789794922e+00,6.052546024322509766e+00,5.852350711822509766e+00,5.421477317810058594e+00,4.992369174957275391e+00,4.626062393188476562e+00,4.311158657073974609e+00,4.037792682647705078e+00,3.798373460769653320e+00,3.587820768356323242e+00,3.400181055068969727e+00,3.231452465057373047e+00,3.079605817794799805e+00,2.942366838455200195e+00,2.816905736923217773e+00,2.702307701110839844e+00,2.598494052886962891e+00,2.502728223800659180e+00,2.414191007614135742e+00,2.331859588623046875e+00,2.256508588790893555e+00,2.186228275299072266e+00,2.120294570922851562e+00,2.059405565261840820e+00,2.002146959304809570e+00,1.948413133621215820e+00,1.898413419723510742e+00,1.850948929786682129e+00,1.806908130645751953e+00,1.764926314353942871e+00,1.725531458854675293e+00,1.688378334045410156e+00,1.653042554855346680e+00,1.619750499725341797e+00,1.588280797004699707e+00,1.558300495147705078e+00,1.529970288276672363e+00,1.503121852874755859e+00,1.478008627891540527e+00,1.454156160354614258e+00,1.431490540504455566e+00,1.409943342208862305e+00,1.389452099800109863e+00,1.369959473609924316e+00,1.351411938667297363e+00,1.333761334419250488e+00,1.316961526870727539e+00,1.300970673561096191e+00,1.285750508308410645e+00,1.271265387535095215e+00,1.257481932640075684e+00,1.244368791580200195e+00,1.231897950172424316e+00,1.220042109489440918e+00,1.208777427673339844e+00,1.198080182075500488e+00,1.187929630279541016e+00,1.178305387496948242e+00,1.169188976287841797e+00,1.160563588142395020e+00,1.152412891387939453e+00,1.144721984863281250e+00,1.137477278709411621e+00,1.130666255950927734e+00,1.124276518821716309e+00,1.118297219276428223e+00,1.112718343734741211e+00,1.107530713081359863e+00,1.102725386619567871e+00,1.098294854164123535e+00,1.094231843948364258e+00,1.090529441833496094e+00,1.087182164192199707e+00,1.084184765815734863e+00,1.081532239913940430e+00,1.079220652580261230e+00,1.077246427536010742e+00,1.075606226921081543e+00,1.074297904968261719e+00,1.073319554328918457e+00,1.072669148445129395e+00,1.072346091270446777e+00,1.072349667549133301e+00,1.072679996490478516e+00,1.073337554931640625e+00,1.074323296546936035e+00,1.075639009475708008e+00,1.077286481857299805e+00,1.079268336296081543e+00,1.081587433815002441e+00,1.084247469902038574e+00,1.087252616882324219e+00,1.090607523918151855e+00,1.094317913055419922e+00,1.098389029502868652e+00,1.102827787399291992e+00,1.107641577720642090e+00,1.112837672233581543e+00,1.118425250053405762e+00,1.124413371086120605e+00,1.130812287330627441e+00,1.137633085250854492e+00,1.144887566566467285e+00,1.152588367462158203e+00,1.160749435424804688e+00,1.169385671615600586e+00,1.178512811660766602e+00,1.188148856163024902e+00,1.198311209678649902e+00,1.209020733833312988e+00,1.220298528671264648e+00,1.232167482376098633e+00,1.244652152061462402e+00,1.257780075073242188e+00,1.271578788757324219e+00,1.286079764366149902e+00,1.301316618919372559e+00,1.317324519157409668e+00,1.334143042564392090e+00,1.351813077926635742e+00,1.370380997657775879e+00,1.389895200729370117e+00,1.410408854484558105e+00,1.431980252265930176e+00,1.454671621322631836e+00,1.478550910949707031e+00,1.503693222999572754e+00,1.502083420753479004e+00,1.476987123489379883e+00,1.453151345252990723e+00,1.430501103401184082e+00,1.408968687057495117e+00,1.388491868972778320e+00,1.369012594223022461e+00,1.350477695465087891e+00,1.332839250564575195e+00,1.316050887107849121e+00,1.300071239471435547e+00,1.284861445426940918e+00,1.270386457443237305e+00,1.256612300872802734e+00,1.243508338928222656e+00,1.231045842170715332e+00,1.219198465347290039e+00,1.207941174507141113e+00,1.197251558303833008e+00,1.187107801437377930e+00,1.177490115165710449e+00,1.168380022048950195e+00,1.159760475158691406e+00,1.151615381240844727e+00,1.143929839134216309e+00,1.136690139770507812e+00,1.129883646965026855e+00,1.123498201370239258e+00,1.117523193359375000e+00,1.111948132514953613e+00,1.106763958930969238e+00,1.101962208747863770e+00,1.097534418106079102e+00,1.093474388122558594e+00,1.089774370193481445e+00,1.086429476737976074e+00,1.083434104919433594e+00,1.080783247947692871e+00,1.078473210334777832e+00,1.076500415802001953e+00,1.074861407279968262e+00,1.073553919792175293e+00,1.072576045989990234e+00,1.071926236152648926e+00,1.071603298187255859e+00,esquerda
5.969584465026855469e+00,5.971423149108886719e+00,5.975083351135253906e+00,5.980571269989013672e+00,5.987895965576171875e+00,5.997066497802734375e+00,6.008098602294921875e+00,6.021008491516113281e+00,6.035816192626953125e+00,6.052546501159667969e+00,5.839486598968505859e+00,5.402982711791992188e+00,4.975371360778808594e+00,4.610338211059570312e+00,4.296525478363037109e+00,4.024103641510009766e+00,3.785509824752807617e+00,3.575680732727050781e+00,3.388684988021850586e+00,3.220534324645996094e+00,3.069206714630126953e+00,2.932436943054199219e+00,2.807403564453125000e+00,2.693195581436157227e+00,2.589735746383666992e+00,2.494295120239257812e+00,2.406058549880981445e+00,2.324006795883178711e+00,2.248910665512084961e+00,2.178868532180786133e+00,2.113157749176025391e+00,2.052474737167358398e+00,1.995409727096557617e+00,1.941857099533081055e+00,1.892025828361511230e+00,1.844721317291259766e+00,1.800829172134399414e+00,1.758988380432128906e+00,1.719725966453552246e+00,1.682697653770446777e+00,1.647480487823486328e+00,1.614300131797790527e+00,1.582935810089111328e+00,1.553055763244628906e+00,1.524820446968078613e+00,1.498087406158447266e+00,1.473058342933654785e+00,1.449285984039306641e+00,1.426696181297302246e+00,1.405221104621887207e+00,1.384798407554626465e+00,1.365371108055114746e+00,1.346885681152343750e+00,1.329293966293334961e+00,1.312550544738769531e+00,1.296613335609436035e+00,1.281443953514099121e+00,1.267007589340209961e+00,1.253270268440246582e+00,1.240200877189636230e+00,1.227772116661071777e+00,1.215955972671508789e+00,1.204728841781616211e+00,1.194067478179931641e+00,1.183951020240783691e+00,1.174358963966369629e+00,1.165272951126098633e+00,1.156676530838012695e+00,1.148553133010864258e+00,1.140887975692749023e+00,1.133667588233947754e+00,1.126879096031188965e+00,1.120510935783386230e+00,1.114551663398742676e+00,1.108991622924804688e+00,1.103821158409118652e+00,1.099032044410705566e+00,1.094616413116455078e+00,1.090566873550415039e+00,1.086876988410949707e+00,1.083540916442871094e+00,1.080553531646728516e+00,1.077909946441650391e+00,1.075605988502502441e+00,1.073638319969177246e+00,1.072003841400146484e+00,1.070699810981750488e+00,1.069724559783935547e+00,1.069076418876647949e+00,1.068754315376281738e+00,1.068758010864257812e+00,1.069087266921997070e+00,1.069742679595947266e+00,1.070725083351135254e+00,1.072036385536193848e+00,1.073678374290466309e+00,1.075653553009033203e+00,1.077964782714843750e+00,1.080615997314453125e+00,1.083611011505126953e+00,1.086954712867736816e+00,1.090652704238891602e+00,1.094710230827331543e+00,1.099133968353271484e+00,1.103931665420532227e+00,1.109110474586486816e+00,1.114679336547851562e+00,1.120647311210632324e+00,1.127024888992309570e+00,1.133822798728942871e+00,1.141053080558776855e+00,1.148728132247924805e+00,1.156861662864685059e+00,1.165469169616699219e+00,1.174565672874450684e+00,1.184169411659240723e+00,1.194297790527343750e+00,1.204971313476562500e+00,1.216211438179016113e+00,1.228040575981140137e+00,1.240483522415161133e+00,1.253567337989807129e+00,1.267320036888122559e+00,1.281772255897521973e+00,1.296957969665527344e+00,1.312912344932556152e+00,1.329674482345581055e+00,1.347285509109497070e+00,1.365791320800781250e+00,1.385239958763122559e+00,1.405685067176818848e+00,1.427183866500854492e+00,1.449799537658691406e+00,1.473598718643188477e+00,1.498656988143920898e+00,1.502081513404846191e+00,1.476985335350036621e+00,1.453149557113647461e+00,1.430499315261840820e+00,1.408967137336730957e+00,1.388490200042724609e+00,1.369011163711547852e+00,1.350476264953613281e+00,1.332837700843811035e+00,1.316049337387084961e+00,1.300069808959960938e+00,1.284860134124755859e+00,1.270385026931762695e+00,1.256610989570617676e+00,1.243506908416748047e+00,1.231044530868530273e+00,1.219197273254394531e+00,1.207939863204956055e+00,1.197250366210937500e+00,1.187106728553771973e+00,1.177488923072814941e+00,1.168378949165344238e+00,1.159759283065795898e+00,1.151614427566528320e+00,1.143928766250610352e+00,1.136688947677612305e+00,1.129882574081420898e+00,1.123497128486633301e+00,1.117522120475769043e+00,1.111947059631347656e+00,1.106763005256652832e+00,1.101961135864257812e+00,1.097533464431762695e+00,1.093473196029663086e+00,1.089773416519165039e+00,1.086428523063659668e+00,1.083433032035827637e+00,1.080782294273376465e+00,1.078472375869750977e+00,1.076499581336975098e+00,1.074860453605651855e+00,1.073553085327148438e+00,1.072575092315673828e+00,1.071925401687622070e+00,1.071602463722229004e+00,esquerda
5.969583511352539062e+00,5.971422672271728516e+00,5.975082874298095703e+00,5.980570793151855469e+00,5.987895488739013672e+00,5.997066020965576172e+00,6.008097648620605469e+00,6.021008491516113281e+00,6.035816192626953125e+00,6.052546501159667969e+00,5.827937126159667969e+00,5.386275291442871094e+00,4.959887504577636719e+00,4.595910072326660156e+00,4.283015251159667969e+00,4.011397361755371094e+00,3.773513078689575195e+00,3.564311265945434570e+00,3.377877235412597656e+00,3.210234642028808594e+00,3.059366464614868164e+00,2.923012971878051758e+00,2.798362731933593750e+00,2.684504747390747070e+00,2.581363677978515625e+00,2.486217975616455078e+00,2.398254394531250000e+00,2.316457271575927734e+00,2.241595029830932617e+00,2.171771049499511719e+00,2.106265306472778320e+00,2.045772075653076172e+00,1.988885521888732910e+00,1.935501098632812500e+00,1.885825991630554199e+00,1.838670015335083008e+00,1.794915795326232910e+00,1.753206849098205566e+00,1.714067935943603516e+00,1.677156209945678711e+00,1.642050147056579590e+00,1.608974218368530273e+00,1.577708721160888672e+00,1.547922968864440918e+00,1.519776463508605957e+00,1.493056178092956543e+00,1.468111038208007812e+00,1.444418311119079590e+00,1.421904444694519043e+00,1.400501489639282227e+00,1.380147457122802734e+00,1.360785365104675293e+00,1.342362165451049805e+00,1.324829578399658203e+00,1.308142304420471191e+00,1.292258501052856445e+00,1.277140259742736816e+00,1.262752175331115723e+00,1.249061107635498047e+00,1.236035704612731934e+00,1.223648309707641602e+00,1.211871981620788574e+00,1.200682520866394043e+00,1.190057039260864258e+00,1.179974436759948730e+00,1.170414566993713379e+00,1.161359310150146484e+00,1.152791619300842285e+00,1.144695520401000977e+00,1.137055993080139160e+00,1.129859924316406250e+00,1.123094320297241211e+00,1.116747498512268066e+00,1.110808134078979492e+00,1.105266809463500977e+00,1.100113749504089355e+00,1.095340728759765625e+00,1.090939879417419434e+00,1.086903929710388184e+00,1.083226323127746582e+00,1.079901576042175293e+00,1.076924204826354980e+00,1.074289441108703613e+00,1.071993231773376465e+00,1.070032119750976562e+00,1.068403005599975586e+00,1.067103505134582520e+00,1.066131591796875000e+00,1.065485596656799316e+00,1.065164685249328613e+00,1.065168261528015137e+00,1.065496325492858887e+00,1.066149592399597168e+00,1.067128658294677734e+00,1.068435668945312500e+00,1.070072054862976074e+00,1.072040438652038574e+00,1.074343919754028320e+00,1.076986193656921387e+00,1.079971432685852051e+00,1.083303809165954590e+00,1.086989283561706543e+00,1.091033220291137695e+00,1.095442175865173340e+00,1.100223660469055176e+00,1.105385065078735352e+00,1.110935091972351074e+00,1.116883158683776855e+00,1.123239159584045410e+00,1.130014300346374512e+00,1.137220263481140137e+00,1.144869565963745117e+00,1.152975797653198242e+00,1.161554217338562012e+00,1.170620322227478027e+00,1.180191874504089355e+00,1.190286040306091309e+00,1.200923919677734375e+00,1.212126016616821289e+00,1.223915576934814453e+00,1.236316680908203125e+00,1.249356508255004883e+00,1.263062953948974609e+00,1.277466773986816406e+00,1.292601466178894043e+00,1.308502197265625000e+00,1.325207948684692383e+00,1.342759728431701660e+00,1.361203312873840332e+00,1.380586862564086914e+00,1.400963068008422852e+00,1.422389984130859375e+00,1.444929480552673340e+00,1.468648672103881836e+00,1.493622541427612305e+00,1.502081871032714844e+00,1.476985692977905273e+00,1.453150033950805664e+00,1.430499672889709473e+00,1.408967375755310059e+00,1.388490557670593262e+00,1.369011402130126953e+00,1.350476503372192383e+00,1.332838058471679688e+00,1.316049695014953613e+00,1.300070047378540039e+00,1.284860491752624512e+00,1.270385384559631348e+00,1.256611347198486328e+00,1.243507146835327148e+00,1.231045007705688477e+00,1.219197630882263184e+00,1.207940220832824707e+00,1.197250723838806152e+00,1.187106966972351074e+00,1.177489161491394043e+00,1.168379426002502441e+00,1.159759759902954102e+00,1.151614665985107422e+00,1.143929004669189453e+00,1.136689305305480957e+00,1.129882812500000000e+00,1.123497486114501953e+00,1.117522358894348145e+00,1.111947417259216309e+00,1.106763243675231934e+00,1.101961493492126465e+00,1.097533702850341797e+00,1.093473553657531738e+00,1.089773774147033691e+00,1.086428880691528320e+00,1.083433389663696289e+00,1.080782651901245117e+00,1.078472733497619629e+00,1.076499819755554199e+00,1.074860811233520508e+00,1.073553442955017090e+00,1.072575449943542480e+00,1.071925640106201172e+00,1.071602702140808105e+00,esquerda
5.969583988189697266e+00,5.971423149108886719e+00,5.975083351135253906e+00,5.980571746826171875e+00,5.987895965576171875e+00,5.997066497802734375e+00,6.008098125457763672e+00,6.021008968353271484e+00,6.035816669464111328e+00,6.052546977996826172e+00,5.815073013305664062e+00,5.367779254913330078e+00,4.942888259887695312e+00,4.580185413360595703e+00,4.268382072448730469e+00,3.997708559036254883e+00,3.760648965835571289e+00,3.552170991897583008e+00,3.366380929946899414e+00,3.199316501617431641e+00,3.048967838287353516e+00,2.913083076477050781e+00,2.788860559463500977e+00,2.675393819808959961e+00,2.572605371475219727e+00,2.477785110473632812e+00,2.390122652053833008e+00,2.308604478836059570e+00,2.233997583389282227e+00,2.164411544799804688e+00,2.099128961563110352e+00,2.038841485977172852e+00,1.982148647308349609e+00,1.928945183753967285e+00,1.879438877105712891e+00,1.832442879676818848e+00,1.788837075233459473e+00,1.747269272804260254e+00,1.708262681961059570e+00,1.671476006507873535e+00,1.636488556861877441e+00,1.603524088859558105e+00,1.572364211082458496e+00,1.542678713798522949e+00,1.514626860618591309e+00,1.488023757934570312e+00,1.463162660598754883e+00,1.439549922943115234e+00,1.417111873626708984e+00,1.395781159400939941e+00,1.375495672225952148e+00,1.356198906898498535e+00,1.337837815284729004e+00,1.320364356040954590e+00,1.303733229637145996e+00,1.287903070449829102e+00,1.272835731506347656e+00,1.258496165275573730e+00,1.244851231575012207e+00,1.231869697570800781e+00,1.219524264335632324e+00,1.207787632942199707e+00,1.196635723114013672e+00,1.186046361923217773e+00,1.175997614860534668e+00,1.166469812393188477e+00,1.157445192337036133e+00,1.148906350135803223e+00,1.140837550163269043e+00,1.133223891258239746e+00,1.126051902770996094e+00,1.119309306144714355e+00,1.112983822822570801e+00,1.107064366340637207e+00,1.101541757583618164e+00,1.096406102180480957e+00,1.091649174690246582e+00,1.087263107299804688e+00,1.083240866661071777e+00,1.079575777053833008e+00,1.076262116432189941e+00,1.073294758796691895e+00,1.070668816566467285e+00,1.068380475044250488e+00,1.066426038742065430e+00,1.064802408218383789e+00,1.063507199287414551e+00,1.062538623809814453e+00,1.061894774436950684e+00,1.061574935913085938e+00,1.061578512191772461e+00,1.061905503273010254e+00,1.062556624412536621e+00,1.063532352447509766e+00,1.064834833145141602e+00,1.066465735435485840e+00,1.068427562713623047e+00,1.070723414421081543e+00,1.073356747627258301e+00,1.076331734657287598e+00,1.079652905464172363e+00,1.083325982093811035e+00,1.087356328964233398e+00,1.091750502586364746e+00,1.096515893936157227e+00,1.101659893989562988e+00,1.107191324234008789e+00,1.113119244575500488e+00,1.119454026222229004e+00,1.126206159591674805e+00,1.133387804031372070e+00,1.141011476516723633e+00,1.149090409278869629e+00,1.157639861106872559e+00,1.166675448417663574e+00,1.176214694976806641e+00,1.186274886131286621e+00,1.196876764297485352e+00,1.208041429519653320e+00,1.219791054725646973e+00,1.232150435447692871e+00,1.245146393775939941e+00,1.258806586265563965e+00,1.273161888122558594e+00,1.288245677947998047e+00,1.304092764854431152e+00,1.320742368698120117e+00,1.338235020637512207e+00,1.356616497039794922e+00,1.375934481620788574e+00,1.396242141723632812e+00,1.417596817016601562e+00,1.440060377120971680e+00,1.463699698448181152e+00,1.488589406013488770e+00,1.501930117607116699e+00,1.476984381675720215e+00,1.453148484230041504e+00,1.430498361587524414e+00,1.408965945243835449e+00,1.388489246368408203e+00,1.369010090827941895e+00,1.350475192070007324e+00,1.332836866378784180e+00,1.316048383712768555e+00,1.300068736076354980e+00,1.284859180450439453e+00,1.270384073257446289e+00,1.256609916687011719e+00,1.243505954742431641e+00,1.231043457984924316e+00,1.219196200370788574e+00,1.207938790321350098e+00,1.197249293327331543e+00,1.187105536460876465e+00,1.177487850189208984e+00,1.168377757072448730e+00,1.159758329391479492e+00,1.151613235473632812e+00,1.143927693367004395e+00,1.136687994003295898e+00,1.129881501197814941e+00,1.123496055603027344e+00,1.117521166801452637e+00,1.111946105957031250e+00,1.106761932373046875e+00,1.101960062980651855e+00,1.097532391548156738e+00,1.093472242355346680e+00,1.089772343635559082e+00,1.086427450180053711e+00,1.083432078361511230e+00,1.080781221389770508e+00,1.078471302986145020e+00,1.076498508453369141e+00,1.074859380722045898e+00,1.073552012443542480e+00,1.072574019432067871e+00,1.071924209594726562e+00,1.071601152420043945e+00,esquerda
5.969586849212646484e+00,5.971425533294677734e+00,5.975085735321044922e+00,5.980573654174804688e+00,5.987897872924804688e+00,5.997068405151367188e+00,6.008100509643554688e+00,6.021010398864746094e+00,6.035818576812744141e+00,6.052548408508300781e+00,5.802212238311767578e+00,5.349288463592529297e+00,4.925894260406494141e+00,4.564464569091796875e+00,4.253751277923583984e+00,3.984022378921508789e+00,3.747787714004516602e+00,3.540032863616943359e+00,3.354886531829833984e+00,3.188400268554687500e+00,3.038570642471313477e+00,2.903154850006103516e+00,2.779360055923461914e+00,2.666283607482910156e+00,2.563848495483398438e+00,2.469353675842285156e+00,2.381991386413574219e+00,2.300752878189086914e+00,2.226401090621948242e+00,2.157053232192993164e+00,2.091993570327758789e+00,2.031912088394165039e+00,1.975412368774414062e+00,1.922390341758728027e+00,1.873052597045898438e+00,1.826216697692871094e+00,1.782758951187133789e+00,1.741332530975341797e+00,1.702458500862121582e+00,1.665796279907226562e+00,1.630927443504333496e+00,1.598075032234191895e+00,1.567020058631896973e+00,1.537435054779052734e+00,1.509477972984313965e+00,1.482991814613342285e+00,1.458214640617370605e+00,1.434681773185729980e+00,1.412319660186767578e+00,1.391060948371887207e+00,1.370844125747680664e+00,1.351612687110900879e+00,1.333313465118408203e+00,1.315899133682250977e+00,1.299324512481689453e+00,1.283547878265380859e+00,1.268531441688537598e+00,1.254240393638610840e+00,1.240641713142395020e+00,1.227703928947448730e+00,1.215400218963623047e+00,1.203703284263610840e+00,1.192589163780212402e+00,1.182035326957702637e+00,1.172020554542541504e+00,1.162525177001953125e+00,1.153531074523925781e+00,1.145020961761474609e+00,1.136979460716247559e+00,1.129391670227050781e+00,1.122244119644165039e+00,1.115524053573608398e+00,1.109220027923583984e+00,1.103320598602294922e+00,1.097816824913024902e+00,1.092698335647583008e+00,1.087957620620727539e+00,1.083586335182189941e+00,1.079577684402465820e+00,1.075924992561340332e+00,1.072622537612915039e+00,1.069665193557739258e+00,1.067048311233520508e+00,1.064767599105834961e+00,1.062819600105285645e+00,1.061201691627502441e+00,1.059910774230957031e+00,1.058945417404174805e+00,1.058303833007812500e+00,1.057985067367553711e+00,1.057988643646240234e+00,1.058314561843872070e+00,1.058963298797607422e+00,1.059935927391052246e+00,1.061233878135681152e+00,1.062859296798706055e+00,1.064814448356628418e+00,1.067102551460266113e+00,1.069726943969726562e+00,1.072691917419433594e+00,1.076002001762390137e+00,1.079662561416625977e+00,1.083679318428039551e+00,1.088058590888977051e+00,1.092807769775390625e+00,1.097934365272521973e+00,1.103447198867797852e+00,1.109355211257934570e+00,1.115668416023254395e+00,1.122397780418395996e+00,1.129555225372314453e+00,1.137152791023254395e+00,1.145204424858093262e+00,1.153725147247314453e+00,1.162730097770690918e+00,1.172237038612365723e+00,1.182263493537902832e+00,1.192829489707946777e+00,1.203956127166748047e+00,1.215666174888610840e+00,1.227983593940734863e+00,1.240935802459716797e+00,1.254549741744995117e+00,1.268856525421142578e+00,1.283889174461364746e+00,1.299682855606079102e+00,1.316276073455810547e+00,1.333709478378295898e+00,1.352028846740722656e+00,1.371281623840332031e+00,1.391520619392395020e+00,1.412803173065185547e+00,1.435190677642822266e+00,1.458750128746032715e+00,1.483555674552917480e+00,1.499378561973571777e+00,1.476982474327087402e+00,1.453146815299987793e+00,1.430496692657470703e+00,1.408964395523071289e+00,1.388487577438354492e+00,1.369008660316467285e+00,1.350473880767822266e+00,1.332835435867309570e+00,1.316046833992004395e+00,1.300067424774169922e+00,1.284857749938964844e+00,1.270382642745971680e+00,1.256608605384826660e+00,1.243504524230957031e+00,1.231042265892028809e+00,1.219194769859313965e+00,1.207937598228454590e+00,1.197247982025146484e+00,1.187104344367980957e+00,1.177486658096313477e+00,1.168376684188842773e+00,1.159757137298583984e+00,1.151612162590026855e+00,1.143926501274108887e+00,1.136686801910400391e+00,1.129880428314208984e+00,1.123495101928710938e+00,1.117520093917846680e+00,1.111945033073425293e+00,1.106760978698730469e+00,1.101959109306335449e+00,1.097531437873840332e+00,1.093471288681030273e+00,1.089771509170532227e+00,1.086426496505737305e+00,1.083431124687194824e+00,1.080780267715454102e+00,1.078470349311828613e+00,1.076497554779052734e+00,1.074858546257019043e+00,1.073551058769226074e+00,1.072573184967041016e+00,1.071923375129699707e+00,1.071600437164306641e+00,esquerda
5.969587326049804688e+00,5.971426010131835938e+00,5.975086212158203125e+00,5.980574131011962891e+00,5.987898826599121094e+00,5.997069358825683594e+00,6.008100986480712891e+00,6.021011352539062500e+00,6.035819053649902344e+00,6.052548885345458984e+00,5.789717674255371094e+00,5.331234931945800781e+00,4.909189224243164062e+00,4.548921108245849609e+00,4.239213943481445312e+00,3.970363616943359375e+00,3.734904527664184570e+00,3.527868509292602539e+00,3.343369007110595703e+00,3.177462577819824219e+00,3.028154373168945312e+00,2.893208980560302734e+00,2.769843816757202148e+00,2.657158613204956055e+00,2.555078268051147461e+00,2.460909843444824219e+00,2.373849153518676758e+00,2.292890787124633789e+00,2.218795061111450195e+00,2.149685621261596680e+00,2.084849834442138672e+00,2.024974584579467773e+00,1.968668699264526367e+00,1.915828704833984375e+00,1.866660118103027344e+00,1.819984197616577148e+00,1.776675224304199219e+00,1.735390305519104004e+00,1.696648836135864258e+00,1.660111904144287109e+00,1.625361919403076172e+00,1.592620968818664551e+00,1.561672091484069824e+00,1.532187581062316895e+00,1.504325509071350098e+00,1.477959394454956055e+00,1.453266382217407227e+00,1.429813385009765625e+00,1.407526969909667969e+00,1.386340737342834473e+00,1.366192221641540527e+00,1.347026109695434570e+00,1.328788995742797852e+00,1.311433792114257812e+00,1.294915318489074707e+00,1.279191970825195312e+00,1.264226555824279785e+00,1.249984145164489746e+00,1.236431241035461426e+00,1.223537683486938477e+00,1.211275577545166016e+00,1.199618339538574219e+00,1.188542008399963379e+00,1.178024053573608398e+00,1.168043375015258789e+00,1.158580183982849121e+00,1.149616479873657227e+00,1.141135334968566895e+00,1.133121132850646973e+00,1.125558972358703613e+00,1.118435621261596680e+00,1.111738324165344238e+00,1.105455636978149414e+00,1.099576473236083984e+00,1.094091057777404785e+00,1.088990092277526855e+00,1.084265351295471191e+00,1.079909086227416992e+00,1.075913906097412109e+00,1.072273492813110352e+00,1.068982243537902832e+00,1.066035032272338867e+00,1.063426971435546875e+00,1.061154007911682129e+00,1.059212803840637207e+00,1.057600259780883789e+00,1.056313753128051758e+00,1.055351614952087402e+00,1.054712057113647461e+00,1.054394483566284180e+00,1.054397940635681152e+00,1.054722785949707031e+00,1.055369377136230469e+00,1.056338667869567871e+00,1.057632327079772949e+00,1.059252262115478516e+00,1.061200737953186035e+00,1.063481211662292480e+00,1.066096663475036621e+00,1.069051384925842285e+00,1.072350263595581055e+00,1.075998425483703613e+00,1.080001473426818848e+00,1.084365963935852051e+00,1.089098930358886719e+00,1.094208240509033203e+00,1.099702119827270508e+00,1.105590224266052246e+00,1.111881971359252930e+00,1.118588447570800781e+00,1.125721454620361328e+00,1.133293509483337402e+00,1.141317844390869141e+00,1.149809360504150391e+00,1.158783912658691406e+00,1.168258547782897949e+00,1.178250789642333984e+00,1.188781142234802246e+00,1.199869990348815918e+00,1.211540102958679199e+00,1.223816037178039551e+00,1.236724019050598145e+00,1.250291824340820312e+00,1.264549970626831055e+00,1.279531717300415039e+00,1.295271754264831543e+00,1.311808466911315918e+00,1.329182744026184082e+00,1.347439885139465332e+00,1.366627454757690430e+00,1.386797785758972168e+00,1.408007860183715820e+00,1.430319309234619141e+00,1.453799009323120117e+00,1.478520154953002930e+00,1.496811866760253906e+00,1.476981520652770996e+00,1.453145980834960938e+00,1.430495738983154297e+00,1.408963441848754883e+00,1.388486623764038086e+00,1.369007587432861328e+00,1.350472807884216309e+00,1.332834362983703613e+00,1.316046118736267090e+00,1.300066590309143066e+00,1.284857034683227539e+00,1.270381927490234375e+00,1.256607770919799805e+00,1.243503808975219727e+00,1.231041550636291504e+00,1.219194173812866211e+00,1.207937002182006836e+00,1.197247266769409180e+00,1.187103629112243652e+00,1.177485942840576172e+00,1.168375968933105469e+00,1.159756302833557129e+00,1.151611447334289551e+00,1.143925905227661133e+00,1.136686086654663086e+00,1.129879713058471680e+00,1.123494267463684082e+00,1.117519259452819824e+00,1.111944317817687988e+00,1.106760144233703613e+00,1.101958394050598145e+00,1.097530722618103027e+00,1.093470573425292969e+00,1.089770674705505371e+00,1.086425781250000000e+00,1.083430409431457520e+00,1.080779671669006348e+00,1.078469634056091309e+00,1.076496839523315430e+00,1.074857831001281738e+00,1.073550462722778320e+00,1.072572469711303711e+00,1.071922659873962402e+00,1.071599721908569336e+00,esquerda
5.969586372375488281e+00,5.971425533294677734e+00,5.975085735321044922e+00,5.980573654174804688e+00,5.987898349761962891e+00,5.997068881988525391e+00,6.008100509643554688e+00,6.021010875701904297e+00,6.035819053649902344e+00,6.052548885345458984e+00,5.777772903442382812e+00,5.314045906066894531e+00,4.893373489379882812e+00,4.534273624420166016e+00,4.225570678710937500e+00,3.957591295242309570e+00,3.722892522811889648e+00,3.516491651535034180e+00,3.332554578781127930e+00,3.167156934738159180e+00,3.018308401107788086e+00,2.883780241012573242e+00,2.760797977447509766e+00,2.648463964462280273e+00,2.546702384948730469e+00,2.452829122543334961e+00,2.366041898727416992e+00,2.285338163375854492e+00,2.211476325988769531e+00,2.142585277557373047e+00,2.077954769134521484e+00,2.018269538879394531e+00,1.962142348289489746e+00,1.909470319747924805e+00,1.860458135604858398e+00,1.813931107521057129e+00,1.770760178565979004e+00,1.729606986045837402e+00,1.690989255905151367e+00,1.654568910598754883e+00,1.619929790496826172e+00,1.587293863296508789e+00,1.556443691253662109e+00,1.527053356170654297e+00,1.499280333518981934e+00,1.472926259040832520e+00,1.448317527770996094e+00,1.424944281578063965e+00,1.402733802795410156e+00,1.381619453430175781e+00,1.361540079116821289e+00,1.342438817024230957e+00,1.324264049530029297e+00,1.306967973709106445e+00,1.290505886077880859e+00,1.274836063385009766e+00,1.259921431541442871e+00,1.245727539062500000e+00,1.232220888137817383e+00,1.219371080398559570e+00,1.207150936126708984e+00,1.195533394813537598e+00,1.184494853019714355e+00,1.174012660980224609e+00,1.164065957069396973e+00,1.154634833335876465e+00,1.145701766014099121e+00,1.137249588966369629e+00,1.129262566566467285e+00,1.121726274490356445e+00,1.114627242088317871e+00,1.107952713966369629e+00,1.101691484451293945e+00,1.095832228660583496e+00,1.090365648269653320e+00,1.085281968116760254e+00,1.080573320388793945e+00,1.076231598854064941e+00,1.072250127792358398e+00,1.068622231483459473e+00,1.065342307090759277e+00,1.062405109405517578e+00,1.059805870056152344e+00,1.057540774345397949e+00,1.055606126785278320e+00,1.053998947143554688e+00,1.052716970443725586e+00,1.051758170127868652e+00,1.051120758056640625e+00,1.050804138183593750e+00,1.050807714462280273e+00,1.051131486892700195e+00,1.051775813102722168e+00,1.052741765975952148e+00,1.054031014442443848e+00,1.055645465850830078e+00,1.057587385177612305e+00,1.059859991073608398e+00,1.062466502189636230e+00,1.065411448478698730e+00,1.068698883056640625e+00,1.072334766387939453e+00,1.076324105262756348e+00,1.080673694610595703e+00,1.085390448570251465e+00,1.090482592582702637e+00,1.095957756042480469e+00,1.101825594902038574e+00,1.108096003532409668e+00,1.114779829978942871e+00,1.121888518333435059e+00,1.129434704780578613e+00,1.137431740760803223e+00,1.145894408226013184e+00,1.154838442802429199e+00,1.164280772209167480e+00,1.174238920211791992e+00,1.184733390808105469e+00,1.195784687995910645e+00,1.207415103912353516e+00,1.219649076461791992e+00,1.232513189315795898e+00,1.246034741401672363e+00,1.260244369506835938e+00,1.275175094604492188e+00,1.290861606597900391e+00,1.307342052459716797e+00,1.324657201766967773e+00,1.342852115631103516e+00,1.361974358558654785e+00,1.382076025009155273e+00,1.403214097023010254e+00,1.425449728965759277e+00,1.448849320411682129e+00,1.473486423492431641e+00,1.494245886802673340e+00,1.476981401443481445e+00,1.453145742416381836e+00,1.430495738983154297e+00,1.408963322639465332e+00,1.388486504554748535e+00,1.369007468223571777e+00,1.350472569465637207e+00,1.332834243774414062e+00,1.316045761108398438e+00,1.300066351890563965e+00,1.284856557846069336e+00,1.270381569862365723e+00,1.256607413291931152e+00,1.243503451347351074e+00,1.231041193008422852e+00,1.219193696975708008e+00,1.207936525344848633e+00,1.197246909141540527e+00,1.187103152275085449e+00,1.177485466003417969e+00,1.168375611305236816e+00,1.159756064414978027e+00,1.151611089706420898e+00,1.143925428390502930e+00,1.136685848236083984e+00,1.129879355430603027e+00,1.123493909835815430e+00,1.117518901824951172e+00,1.111943840980529785e+00,1.106759667396545410e+00,1.101957917213439941e+00,1.097530364990234375e+00,1.093470096588134766e+00,1.089770197868347168e+00,1.086425185203552246e+00,1.083429813385009766e+00,1.080779075622558594e+00,1.078469038009643555e+00,1.076496362686157227e+00,1.074857234954833984e+00,1.073549866676330566e+00,1.072571873664855957e+00,1.071922063827514648e+00,1.071599125862121582e+00,esquerda
5.969588756561279297e+00,5.971427440643310547e+00,5.975087642669677734e+00,5.980575561523437500e+00,5.987900257110595703e+00,5.997070789337158203e+00,6.008102416992187500e+00,6.021012783050537109e+00,6.035820484161376953e+00,6.052550792694091797e+00,5.764899730682373047e+00,5.295540332794189453e+00,4.876369476318359375e+00,4.518546581268310547e+00,4.210937500000000000e+00,3.943904161453247070e+00,3.710031986236572266e+00,3.504354476928710938e+00,3.321061134338378906e+00,3.156241416931152344e+00,3.007912158966064453e+00,2.873852968215942383e+00,2.751298189163208008e+00,2.639354467391967773e+00,2.537945985794067383e+00,2.444397926330566406e+00,2.357911348342895508e+00,2.277486801147460938e+00,2.203880548477172852e+00,2.135227203369140625e+00,2.070819854736328125e+00,2.011340141296386719e+00,1.955406427383422852e+00,1.902915716171264648e+00,1.854072093963623047e+00,1.807704687118530273e+00,1.764682173728942871e+00,1.723670363426208496e+00,1.685184836387634277e+00,1.648889541625976562e+00,1.614369034767150879e+00,1.581844568252563477e+00,1.551099777221679688e+00,1.521809935569763184e+00,1.494131445884704590e+00,1.467895030975341797e+00,1.443370223045349121e+00,1.420076966285705566e+00,1.397942423820495605e+00,1.376900196075439453e+00,1.356889128684997559e+00,1.337853431701660156e+00,1.319740533828735352e+00,1.302503466606140137e+00,1.286097526550292969e+00,1.270481348037719727e+00,1.255617856979370117e+00,1.241472482681274414e+00,1.228011965751647949e+00,1.215206027030944824e+00,1.203027367591857910e+00,1.191449522972106934e+00,1.180448651313781738e+00,1.170002341270446777e+00,1.160089612007141113e+00,1.150690913200378418e+00,1.141788244247436523e+00,1.133364796638488770e+00,1.125405192375183105e+00,1.117894530296325684e+00,1.110819697380065918e+00,1.104168057441711426e+00,1.097928166389465332e+00,1.092089056968688965e+00,1.086641073226928711e+00,1.081574916839599609e+00,1.076882243156433105e+00,1.072555541992187500e+00,1.068587660789489746e+00,1.064972043037414551e+00,1.061703324317932129e+00,1.058776021003723145e+00,1.056185722351074219e+00,1.053928256034851074e+00,1.052000284194946289e+00,1.050398588180541992e+00,1.049120903015136719e+00,1.048165440559387207e+00,1.047530412673950195e+00,1.047214865684509277e+00,1.047218322753906250e+00,1.047541022300720215e+00,1.048183202743530273e+00,1.049145817756652832e+00,1.050430655479431152e+00,1.052039504051208496e+00,1.053974866867065430e+00,1.056239604949951172e+00,1.058837294578552246e+00,1.061772108078002930e+00,1.065048336982727051e+00,1.068671822547912598e+00,1.072647571563720703e+00,1.076982259750366211e+00,1.081683039665222168e+00,1.086757540702819824e+00,1.092214107513427734e+00,1.098061919212341309e+00,1.104310989379882812e+00,1.110971808433532715e+00,1.118056297302246094e+00,1.125576734542846680e+00,1.133546352386474609e+00,1.141980171203613281e+00,1.150893688201904297e+00,1.160303831100463867e+00,1.170227885246276855e+00,1.180686473846435547e+00,1.191699981689453125e+00,1.203290820121765137e+00,1.215482831001281738e+00,1.228303074836730957e+00,1.241778492927551270e+00,1.255939722061157227e+00,1.270819306373596191e+00,1.286452054977416992e+00,1.302876472473144531e+00,1.320132493972778320e+00,1.338265180587768555e+00,1.357322096824645996e+00,1.377355098724365234e+00,1.398420810699462891e+00,1.420580506324768066e+00,1.443899989128112793e+00,1.468453288078308105e+00,1.491679310798645020e+00,1.476980566978454590e+00,1.453145027160644531e+00,1.430494785308837891e+00,1.408962607383728027e+00,1.388485789299011230e+00,1.369006514549255371e+00,1.350471854209899902e+00,1.332833409309387207e+00,1.316045045852661133e+00,1.300065398216247559e+00,1.284855842590332031e+00,1.270380854606628418e+00,1.256606698036193848e+00,1.243502736091613770e+00,1.231040358543395996e+00,1.219193100929260254e+00,1.207935929298400879e+00,1.197246193885803223e+00,1.187102556228637695e+00,1.177484869956970215e+00,1.168374776840209961e+00,1.159755468368530273e+00,1.151610374450683594e+00,1.143924713134765625e+00,1.136685013771057129e+00,1.129878640174865723e+00,1.123493194580078125e+00,1.117518305778503418e+00,1.111943364143371582e+00,1.106759071350097656e+00,1.101957321166992188e+00,1.097529530525207520e+00,1.093469500541687012e+00,1.089769601821899414e+00,1.086424589157104492e+00,1.083429217338562012e+00,1.080778479576110840e+00,1.078468322753906250e+00,1.076495647430419922e+00,1.074856638908386230e+00,1.073549270629882812e+00,1.072571277618408203e+00,1.071921467781066895e+00,1.071598410606384277e+00,esquerda
5.969589233398437500e+00,5.971427917480468750e+00,5.975088119506835938e+00,5.980576515197753906e+00,5.987900733947753906e+00,5.997071266174316406e+00,6.008102893829345703e+00,6.021013259887695312e+00,6.035820960998535156e+00,6.052551269531250000e+00,5.752045154571533203e+00,5.277056694030761719e+00,4.859381675720214844e+00,4.502831459045410156e+00,4.196312904357910156e+00,3.930223226547241211e+00,3.697175502777099609e+00,3.492220163345336914e+00,3.309570312500000000e+00,3.145328044891357422e+00,2.997518062591552734e+00,2.863927125930786133e+00,2.741800069808959961e+00,2.630246400833129883e+00,2.529190778732299805e+00,2.435967922210693359e+00,2.349781751632690430e+00,2.269636631011962891e+00,2.196285486221313477e+00,2.127870321273803711e+00,2.063685655593872070e+00,2.004411935806274414e+00,1.948671460151672363e+00,1.896362066268920898e+00,1.847686886787414551e+00,1.801479458808898926e+00,1.758605122566223145e+00,1.717734336853027344e+00,1.679381489753723145e+00,1.643210530281066895e+00,1.608808755874633789e+00,1.576396107673645020e+00,1.545756459236145020e+00,1.516566753387451172e+00,1.488982915878295898e+00,1.462862372398376465e+00,1.438421845436096191e+00,1.415208339691162109e+00,1.393149614334106445e+00,1.372179865837097168e+00,1.352237343788146973e+00,1.333266735076904297e+00,1.315216064453125000e+00,1.298038005828857422e+00,1.281688332557678223e+00,1.266125679016113281e+00,1.251313209533691406e+00,1.237216234207153320e+00,1.223801851272583008e+00,1.211039900779724121e+00,1.198903083801269531e+00,1.187364935874938965e+00,1.176401734352111816e+00,1.165991187095642090e+00,1.156112551689147949e+00,1.146745920181274414e+00,1.137873768806457520e+00,1.129479289054870605e+00,1.121546864509582520e+00,1.114062070846557617e+00,1.107011556625366211e+00,1.100382804870605469e+00,1.094164252281188965e+00,1.088345050811767578e+00,1.082915663719177246e+00,1.077866911888122559e+00,1.073190331459045410e+00,1.068878412246704102e+00,1.064924001693725586e+00,1.061321020126342773e+00,1.058063387870788574e+00,1.055146336555480957e+00,1.052564859390258789e+00,1.050315141677856445e+00,1.048393607139587402e+00,1.046797633171081543e+00,1.045524358749389648e+00,1.044571995735168457e+00,1.043938994407653809e+00,1.043624639511108398e+00,1.043628215789794922e+00,1.043949723243713379e+00,1.044589638710021973e+00,1.045549035072326660e+00,1.046829462051391602e+00,1.048432826995849609e+00,1.050361394882202148e+00,1.052618503570556641e+00,1.055207371711730957e+00,1.058131933212280273e+00,1.061397075653076172e+00,1.065008163452148438e+00,1.068970203399658203e+00,1.073289990425109863e+00,1.077974796295166016e+00,1.083031773567199707e+00,1.088469743728637695e+00,1.094297528266906738e+00,1.100525140762329102e+00,1.107163190841674805e+00,1.114223361015319824e+00,1.121717929840087891e+00,1.129660367965698242e+00,1.138065338134765625e+00,1.146947979927062988e+00,1.156325936317443848e+00,1.166216015815734863e+00,1.176638841629028320e+00,1.187614560127258301e+00,1.199165463447570801e+00,1.211315989494323730e+00,1.224092006683349609e+00,1.237521290779113770e+00,1.251634001731872559e+00,1.266462445259094238e+00,1.282041788101196289e+00,1.298409938812255859e+00,1.315606713294982910e+00,1.333677172660827637e+00,1.352668881416320801e+00,1.372633099555969238e+00,1.393626570701599121e+00,1.415710449218750000e+00,1.438950061798095703e+00,1.463418841361999512e+00,1.489147305488586426e+00,1.476978778839111328e+00,1.453143239021301270e+00,1.430493116378784180e+00,1.408960819244384766e+00,1.388484001159667969e+00,1.369004845619201660e+00,1.350470066070556641e+00,1.332831859588623047e+00,1.316043496131896973e+00,1.300063967704772949e+00,1.284854292869567871e+00,1.270379304885864258e+00,1.256605386734008789e+00,1.243501424789428711e+00,1.231038928031921387e+00,1.219191670417785645e+00,1.207934498786926270e+00,1.197244882583618164e+00,1.187101244926452637e+00,1.177483677864074707e+00,1.168373703956604004e+00,1.159754157066345215e+00,1.151609063148498535e+00,1.143923759460449219e+00,1.136684060096740723e+00,1.129877448081970215e+00,1.123492360115051270e+00,1.117517113685607910e+00,1.111942291259765625e+00,1.106757998466491699e+00,1.101956367492675781e+00,1.097528576850891113e+00,1.093468546867370605e+00,1.089768648147583008e+00,1.086423635482788086e+00,1.083428382873535156e+00,1.080777525901794434e+00,1.078467488288879395e+00,1.076494812965393066e+00,1.074855804443359375e+00,1.073548316955566406e+00,1.072570323944091797e+00,1.071920633316040039e+00,1.071597576141357422e+00,esquerda
5.969588279724121094e+00,5.971427440643310547e+00,5.975087642669677734e+00,5.980576038360595703e+00,5.987900257110595703e+00,5.997070789337158203e+00,6.008102416992187500e+00,6.021013259887695312e+00,6.035820960998535156e+00,6.052551269531250000e+00,5.740487575531005859e+00,5.260335922241210938e+00,4.843882560729980469e+00,4.488388538360595703e+00,4.182786941528320312e+00,3.917500972747802734e+00,3.685162544250488281e+00,3.480836391448974609e+00,3.298750162124633789e+00,3.135016918182373047e+00,2.987667083740234375e+00,2.854493856430053711e+00,2.732749938964843750e+00,2.621547937393188477e+00,2.520811796188354492e+00,2.427884578704833984e+00,2.341972112655639648e+00,2.262081384658813477e+00,2.188964128494262695e+00,2.120767593383789062e+00,2.056788444519042969e+00,1.997704625129699707e+00,1.942143201828002930e+00,1.890001773834228516e+00,1.841483235359191895e+00,1.795424938201904297e+00,1.752688527107238770e+00,1.711949586868286133e+00,1.673720598220825195e+00,1.637666463851928711e+00,1.603375792503356934e+00,1.571067333221435547e+00,1.540527105331420898e+00,1.511431694030761719e+00,1.483937144279479980e+00,1.457830309867858887e+00,1.433473587036132812e+00,1.410339951515197754e+00,1.388357043266296387e+00,1.367459297180175781e+00,1.347585439682006836e+00,1.328680157661437988e+00,1.310691714286804199e+00,1.293572783470153809e+00,1.277279257774353027e+00,1.261770129203796387e+00,1.247008442878723145e+00,1.232960104942321777e+00,1.219591975212097168e+00,1.206873774528503418e+00,1.194778919219970703e+00,1.183280348777770996e+00,1.172354936599731445e+00,1.161980271339416504e+00,1.152135372161865234e+00,1.142800927162170410e+00,1.133959412574768066e+00,1.125593781471252441e+00,1.117688655853271484e+00,1.110229492187500000e+00,1.103203296661376953e+00,1.096597194671630859e+00,1.090400099754333496e+00,1.084601163864135742e+00,1.079190373420715332e+00,1.074159026145935059e+00,1.069498538970947266e+00,1.065201401710510254e+00,1.061260819435119629e+00,1.057670116424560547e+00,1.054423570632934570e+00,1.051516413688659668e+00,1.048943877220153809e+00,1.046701908111572266e+00,1.044787168502807617e+00,1.043196558952331543e+00,1.041927695274353027e+00,1.040978670120239258e+00,1.040347814559936523e+00,1.040034532546997070e+00,1.040037989616394043e+00,1.040358424186706543e+00,1.040996193885803223e+00,1.041952252388000488e+00,1.043228387832641602e+00,1.044826269149780273e+00,1.046748280525207520e+00,1.048997521400451660e+00,1.051577329635620117e+00,1.054491996765136719e+00,1.057745695114135742e+00,1.061344385147094727e+00,1.065292835235595703e+00,1.069597840309143066e+00,1.074266314506530762e+00,1.079306244850158691e+00,1.084725141525268555e+00,1.090533137321472168e+00,1.096739292144775391e+00,1.103354454040527344e+00,1.110390424728393555e+00,1.117859244346618652e+00,1.125774145126342773e+00,1.134150266647338867e+00,1.143002510070800781e+00,1.152348160743713379e+00,1.162204265594482422e+00,1.172590970993041992e+00,1.183529019355773926e+00,1.195040345191955566e+00,1.207148909568786621e+00,1.219881176948547363e+00,1.233264088630676270e+00,1.247328281402587891e+00,1.262105941772460938e+00,1.277631521224975586e+00,1.293943405151367188e+00,1.311080932617187500e+00,1.329089403152465820e+00,1.348015546798706055e+00,1.367910981178283691e+00,1.388832569122314453e+00,1.410840392112731934e+00,1.433999896049499512e+00,1.458384752273559570e+00,1.484486818313598633e+00,1.476979255676269531e+00,1.453143358230590820e+00,1.430493354797363281e+00,1.408961176872253418e+00,1.388484358787536621e+00,1.369005322456359863e+00,1.350470542907714844e+00,1.332832098007202148e+00,1.316043853759765625e+00,1.300064325332641602e+00,1.284854769706726074e+00,1.270379662513732910e+00,1.256605625152587891e+00,1.243501663208007812e+00,1.231039404869079590e+00,1.219191908836364746e+00,1.207934856414794922e+00,1.197245121002197266e+00,1.187101602554321289e+00,1.177484035491943359e+00,1.168373942375183105e+00,1.159754514694213867e+00,1.151609539985656738e+00,1.143923997879028320e+00,1.136684298515319824e+00,1.129877805709838867e+00,1.123492598533630371e+00,1.117517352104187012e+00,1.111942529678344727e+00,1.106758356094360352e+00,1.101956605911254883e+00,1.097528815269470215e+00,1.093468785285949707e+00,1.089769005775451660e+00,1.086423993110656738e+00,1.083428621292114258e+00,1.080777764320373535e+00,1.078467726707458496e+00,1.076495051383972168e+00,1.074855923652648926e+00,1.073548555374145508e+00,1.072570562362670898e+00,1.071920871734619141e+00,1.071597814559936523e+00,esquerda
5.969590663909912109e+00,5.971429824829101562e+00,5.975090026855468750e+00,5.980577945709228516e+00,5.987902164459228516e+00,5.997072696685791016e+00,6.008104801177978516e+00,6.021014690399169922e+00,6.035822868347167969e+00,6.052552700042724609e+00,5.727598667144775391e+00,5.241804122924804688e+00,4.826851367950439453e+00,4.472633361816406250e+00,4.168125152587890625e+00,3.903785228729248047e+00,3.672273159027099609e+00,3.468673706054687500e+00,3.287234067916870117e+00,3.124081134796142578e+00,2.977252483367919922e+00,2.844549655914306641e+00,2.723235130310058594e+00,2.612424373626708984e+00,2.512042522430419922e+00,2.419441699981689453e+00,2.333830595016479492e+00,2.254220247268676758e+00,2.181359052658081055e+00,2.113400936126708984e+00,2.049645185470581055e+00,1.990768074989318848e+00,1.935400366783142090e+00,1.883440613746643066e+00,1.835091352462768555e+00,1.789193034172058105e+00,1.746605277061462402e+00,1.706008076667785645e+00,1.667911410331726074e+00,1.631982564926147461e+00,1.597810745239257812e+00,1.565614223480224609e+00,1.535179376602172852e+00,1.506184577941894531e+00,1.478784680366516113e+00,1.452798247337341309e+00,1.428525924682617188e+00,1.405471920967102051e+00,1.383564949035644531e+00,1.362739324569702148e+00,1.342933893203735352e+00,1.324094176292419434e+00,1.306167483329772949e+00,1.289107680320739746e+00,1.272870540618896484e+00,1.257414937019348145e+00,1.242704391479492188e+00,1.228704333305358887e+00,1.215382218360900879e+00,1.202708125114440918e+00,1.190654873847961426e+00,1.179196000099182129e+00,1.168308258056640625e+00,1.157969355583190918e+00,1.148158550262451172e+00,1.138856410980224609e+00,1.130045413970947266e+00,1.121708631515502930e+00,1.113830804824829102e+00,1.106397509574890137e+00,1.099395275115966797e+00,1.092812061309814453e+00,1.086636424064636230e+00,1.080857276916503906e+00,1.075465440750122070e+00,1.070451378822326660e+00,1.065806984901428223e+00,1.061524748802185059e+00,1.057597756385803223e+00,1.054019331932067871e+00,1.050784111022949219e+00,1.047886967658996582e+00,1.045323252677917480e+00,1.043089151382446289e+00,1.041180849075317383e+00,1.039595723152160645e+00,1.038331151008605957e+00,1.037385463714599609e+00,1.036756873130798340e+00,1.036444664001464844e+00,1.036448121070861816e+00,1.036767482757568359e+00,1.037402987480163574e+00,1.038355827331542969e+00,1.039627432823181152e+00,1.041219711303710938e+00,1.043135166168212891e+00,1.045376658439636230e+00,1.047947645187377930e+00,1.050852179527282715e+00,1.054094791412353516e+00,1.057680964469909668e+00,1.061615824699401855e+00,1.065905928611755371e+00,1.070558309555053711e+00,1.075580716133117676e+00,1.080981135368347168e+00,1.086768984794616699e+00,1.092953681945800781e+00,1.099546074867248535e+00,1.106557607650756836e+00,1.114000797271728516e+00,1.121888399124145508e+00,1.130235433578491211e+00,1.139057278633117676e+00,1.148370504379272461e+00,1.158192634582519531e+00,1.168543696403503418e+00,1.179443836212158203e+00,1.190915465354919434e+00,1.202982187271118164e+00,1.215670466423034668e+00,1.229007363319396973e+00,1.243022918701171875e+00,1.257749319076538086e+00,1.273221611976623535e+00,1.289476990699768066e+00,1.306555509567260742e+00,1.324501752853393555e+00,1.343362808227539062e+00,1.363189578056335449e+00,1.384038567543029785e+00,1.405970454216003418e+00,1.429050207138061523e+00,1.453350782394409180e+00,1.479348897933959961e+00,1.476977705955505371e+00,1.453142046928405762e+00,1.430492043495178223e+00,1.408959746360778809e+00,1.388482928276062012e+00,1.369004011154174805e+00,1.350469112396240234e+00,1.332830786705017090e+00,1.316042542457580566e+00,1.300063014030456543e+00,1.284853339195251465e+00,1.270378351211547852e+00,1.256604194641113281e+00,1.243500351905822754e+00,1.231037974357604980e+00,1.219190597534179688e+00,1.207933425903320312e+00,1.197243809700012207e+00,1.187100291252136230e+00,1.177482485771179199e+00,1.168372631072998047e+00,1.159753084182739258e+00,1.151608109474182129e+00,1.143922567367553711e+00,1.136682868003845215e+00,1.129876494407653809e+00,1.123491048812866211e+00,1.117516040802001953e+00,1.111940979957580566e+00,1.106756925582885742e+00,1.101955056190490723e+00,1.097527503967285156e+00,1.093467235565185547e+00,1.089767336845397949e+00,1.086422443389892578e+00,1.083427190780639648e+00,1.080776333808898926e+00,1.078466296195983887e+00,1.076493620872497559e+00,1.074854493141174316e+00,1.073547124862670898e+00,1.072569131851196289e+00,1.071919322013854980e+00,1.071596503257751465e+00,esquerda
5.969591617584228516e+00,5.971430301666259766e+00,5.975090503692626953e+00,5.980578422546386719e+00,5.987902641296386719e+00,5.997073173522949219e+00,6.008105278015136719e+00,6.021015644073486328e+00,6.035823345184326172e+00,6.052553176879882812e+00,5.714743614196777344e+00,5.223321914672851562e+00,4.809864044189453125e+00,4.456917762756347656e+00,4.153499603271484375e+00,3.890103578567504883e+00,3.659415721893310547e+00,3.456539869308471680e+00,3.275743007659912109e+00,3.113167524337768555e+00,2.966857910156250000e+00,2.834623336791992188e+00,2.713736534118652344e+00,2.603316068649291992e+00,2.503286838531494141e+00,2.411011219024658203e+00,2.325700759887695312e+00,2.246369600296020508e+00,2.173763751983642578e+00,2.106043338775634766e+00,2.042510747909545898e+00,1.983838915824890137e+00,1.928664565086364746e+00,1.876886129379272461e+00,1.828705191612243652e+00,1.782966852188110352e+00,1.740527629852294922e+00,1.700071215629577637e+00,1.662107348442077637e+00,1.626303076744079590e+00,1.592249751091003418e+00,1.560164809226989746e+00,1.529835462570190430e+00,1.500940918922424316e+00,1.473635554313659668e+00,1.447766065597534180e+00,1.423577666282653809e+00,1.400603771209716797e+00,1.378772854804992676e+00,1.358019113540649414e+00,1.338282346725463867e+00,1.319507718086242676e+00,1.301643371582031250e+00,1.284642457962036133e+00,1.268461585044860840e+00,1.253059506416320801e+00,1.238399744033813477e+00,1.224448323249816895e+00,1.211172461509704590e+00,1.198541998863220215e+00,1.186530590057373047e+00,1.175111532211303711e+00,1.164261341094970703e+00,1.153958320617675781e+00,1.144181489944458008e+00,1.134911417961120605e+00,1.126130938529968262e+00,1.117823123931884766e+00,1.109972596168518066e+00,1.102565050125122070e+00,1.095587253570556641e+00,1.089026808738708496e+00,1.082872390747070312e+00,1.077113389968872070e+00,1.071739912033081055e+00,1.066743373870849609e+00,1.062115073204040527e+00,1.057847619056701660e+00,1.053934216499328613e+00,1.050368189811706543e+00,1.047144174575805664e+00,1.044257164001464844e+00,1.041702270507812500e+00,1.039475798606872559e+00,1.037574172019958496e+00,1.035994648933410645e+00,1.034734487533569336e+00,1.033792018890380859e+00,1.033165574073791504e+00,1.032854437828063965e+00,1.032857894897460938e+00,1.033175945281982422e+00,1.033809304237365723e+00,1.034758925437927246e+00,1.036026120185852051e+00,1.037612915039062500e+00,1.039521574974060059e+00,1.041755318641662598e+00,1.044317483901977539e+00,1.047211885452270508e+00,1.050443291664123535e+00,1.054017066955566406e+00,1.057938337326049805e+00,1.062213659286499023e+00,1.066849946975708008e+00,1.071854710578918457e+00,1.077236652374267578e+00,1.083004117012023926e+00,1.089167475700378418e+00,1.095736980438232422e+00,1.102724194526672363e+00,1.110141634941101074e+00,1.118002057075500488e+00,1.126320123672485352e+00,1.135111331939697266e+00,1.144392371177673340e+00,1.154180526733398438e+00,1.164495587348937988e+00,1.175358057022094727e+00,1.186789870262145996e+00,1.198814868927001953e+00,1.211459159851074219e+00,1.224749803543090820e+00,1.238716721534729004e+00,1.253392219543457031e+00,1.268810868263244629e+00,1.285009860992431641e+00,1.302029132843017578e+00,1.319913268089294434e+00,1.338708877563476562e+00,1.358467221260070801e+00,1.379243969917297363e+00,1.401099801063537598e+00,1.424099445343017578e+00,1.448315858840942383e+00,1.474241256713867188e+00,1.476975798606872559e+00,1.453140139579772949e+00,1.430490136146545410e+00,1.408957958221435547e+00,1.388481259346008301e+00,1.369002342224121094e+00,1.350467562675476074e+00,1.332829117774963379e+00,1.316040754318237305e+00,1.300061345100402832e+00,1.284851908683776855e+00,1.270376801490783691e+00,1.256602883338928223e+00,1.243498921394348145e+00,1.231036782264709473e+00,1.219189405441284180e+00,1.207932114601135254e+00,1.197242736816406250e+00,1.187099099159240723e+00,1.177481293678283691e+00,1.168371558189392090e+00,1.159751892089843750e+00,1.151606917381286621e+00,1.143921375274658203e+00,1.136681675910949707e+00,1.129875302314758301e+00,1.123489975929260254e+00,1.117514967918395996e+00,1.111939907073974609e+00,1.106755852699279785e+00,1.101954102516174316e+00,1.097526431083679199e+00,1.093466162681579590e+00,1.089766383171081543e+00,1.086421489715576172e+00,1.083426117897033691e+00,1.080775380134582520e+00,1.078465342521667480e+00,1.076492667198181152e+00,1.074853658676147461e+00,1.073546171188354492e+00,1.072568178176879883e+00,1.071918487548828125e+00,1.071595549583435059e+00,esquerda
5.969590663909912109e+00,5.971429824829101562e+00,5.975090026855468750e+00,5.980577945709228516e+00,5.987902164459228516e+00,5.997072696685791016e+00,6.008104801177978516e+00,6.021015167236328125e+00,6.035823345184326172e+00,6.045341968536376953e+00,5.697875022888183594e+00,5.204825878143310547e+00,4.792869567871093750e+00,4.441198348999023438e+00,4.138873100280761719e+00,3.876422643661499023e+00,3.646560430526733398e+00,3.444407939910888672e+00,3.264254093170166016e+00,3.102256298065185547e+00,2.956465244293212891e+00,2.824698686599731445e+00,2.704239606857299805e+00,2.594209194183349609e+00,2.494533061981201172e+00,2.402582406997680664e+00,2.317572355270385742e+00,2.238520383834838867e+00,2.166169643402099609e+00,2.098686933517456055e+00,2.035377264022827148e+00,1.976910948753356934e+00,1.921930074691772461e+00,1.870332837104797363e+00,1.822320580482482910e+00,1.776742100715637207e+00,1.734450936317443848e+00,1.694135785102844238e+00,1.656304121017456055e+00,1.620624542236328125e+00,1.586689829826354980e+00,1.554716348648071289e+00,1.524492383003234863e+00,1.495698094367980957e+00,1.468487620353698730e+00,1.442733168601989746e+00,1.418628931045532227e+00,1.395734786987304688e+00,1.373979687690734863e+00,1.353297948837280273e+00,1.333629965782165527e+00,1.314920425415039062e+00,1.297118306159973145e+00,1.280176520347595215e+00,1.264052033424377441e+00,1.248703479766845703e+00,1.234094500541687012e+00,1.220191717147827148e+00,1.206961989402770996e+00,1.194375395774841309e+00,1.182405710220336914e+00,1.171026349067687988e+00,1.160213947296142578e+00,1.149946689605712891e+00,1.140203833580017090e+00,1.130966305732727051e+00,1.122216224670410156e+00,1.113937258720397949e+00,1.106113910675048828e+00,1.098731994628906250e+00,1.091778516769409180e+00,1.085240840911865234e+00,1.079107999801635742e+00,1.073368787765502930e+00,1.068014264106750488e+00,1.063034892082214355e+00,1.058422684669494629e+00,1.054170250892639160e+00,1.050270318984985352e+00,1.046716809272766113e+00,1.043503880500793457e+00,1.040626883506774902e+00,1.038081049919128418e+00,1.035862326622009277e+00,1.033967256546020508e+00,1.032393097877502441e+00,1.031137347221374512e+00,1.030198216438293457e+00,1.029573917388916016e+00,1.029263854026794434e+00,1.029267191886901855e+00,1.029584288597106934e+00,1.030215501785278320e+00,1.031161546707153320e+00,1.032424569129943848e+00,1.034005761146545410e+00,1.035907745361328125e+00,1.038133740425109863e+00,1.040687084197998047e+00,1.043571472167968750e+00,1.046791434288024902e+00,1.050352931022644043e+00,1.054260611534118652e+00,1.058520913124084473e+00,1.063141107559204102e+00,1.068128705024719238e+00,1.073491692543029785e+00,1.079239130020141602e+00,1.085381150245666504e+00,1.091927886009216309e+00,1.098890781402587891e+00,1.106282353401184082e+00,1.114115476608276367e+00,1.122404694557189941e+00,1.131165385246276855e+00,1.140414118766784668e+00,1.150168180465698242e+00,1.160447597503662109e+00,1.171272158622741699e+00,1.182664155960083008e+00,1.194647431373596191e+00,1.207247614860534668e+00,1.220492005348205566e+00,1.234410643577575684e+00,1.249035120010375977e+00,1.264399886131286621e+00,1.280542850494384766e+00,1.297502994537353516e+00,1.315324902534484863e+00,1.334055185317993164e+00,1.353744626045227051e+00,1.374449253082275391e+00,1.396229028701782227e+00,1.419148802757263184e+00,1.443281054496765137e+00,1.469103336334228516e+00,1.476976275444030762e+00,1.453140616416931152e+00,1.430490612983703613e+00,1.408958435058593750e+00,1.388481736183166504e+00,1.369002699851989746e+00,1.350467920303344727e+00,1.332829594612121582e+00,1.316041588783264160e+00,1.300061941146850586e+00,1.284852266311645508e+00,1.270377397537231445e+00,1.256603360176086426e+00,1.243499279022216797e+00,1.231037020683288574e+00,1.219189763069152832e+00,1.207932472229003906e+00,1.197243094444274902e+00,1.187099456787109375e+00,1.177481651306152344e+00,1.168371677398681641e+00,1.159752368927001953e+00,1.151607275009155273e+00,1.143921732902526855e+00,1.136682033538818359e+00,1.129875659942626953e+00,1.123490333557128906e+00,1.117515325546264648e+00,1.111940264701843262e+00,1.106756210327148438e+00,1.101954460144042969e+00,1.097526788711547852e+00,1.093466520309448242e+00,1.089766860008239746e+00,1.086421966552734375e+00,1.083426594734191895e+00,1.080775737762451172e+00,1.078465700149536133e+00,1.076493024826049805e+00,1.074854016304016113e+00,1.073546528816223145e+00,1.072568655014038086e+00,1.071918845176696777e+00,1.071595907211303711e+00,esquerda
5.969591140747070312e+00,5.971430301666259766e+00,5.975090503692626953e+00,5.980578422546386719e+00,5.987903118133544922e+00,5.997073650360107422e+00,6.008105278015136719e+00,6.021015644073486328e+00,6.035823822021484375e+00,6.033435344696044922e+00,5.679695606231689453e+00,5.188090324401855469e+00,4.777357578277587891e+00,4.426745414733886719e+00,4.125338554382324219e+00,3.863693237304687500e+00,3.634540796279907227e+00,3.433017492294311523e+00,3.253428459167480469e+00,3.091939926147460938e+00,2.946609973907470703e+00,2.815261602401733398e+00,2.695186138153076172e+00,2.585507154464721680e+00,2.486150979995727539e+00,2.394495964050292969e+00,2.309759616851806641e+00,2.230963230133056641e+00,2.158846378326416016e+00,2.091582536697387695e+00,2.028478384017944336e+00,1.970202565193176270e+00,1.915400624275207520e+00,1.863971590995788574e+00,1.816115856170654297e+00,1.770686268806457520e+00,1.728533267974853516e+00,1.688350081443786621e+00,1.650642275810241699e+00,1.615079641342163086e+00,1.581255674362182617e+00,1.549387335777282715e+00,1.519262313842773438e+00,1.490562319755554199e+00,1.463441014289855957e+00,1.437700033187866211e+00,1.413679957389831543e+00,1.390865445137023926e+00,1.369186282157897949e+00,1.348576903343200684e+00,1.328977465629577637e+00,1.310333371162414551e+00,1.292593240737915039e+00,1.275710582733154297e+00,1.259642243385314941e+00,1.244347214698791504e+00,1.229789376258850098e+00,1.215934872627258301e+00,1.202751278877258301e+00,1.190208911895751953e+00,1.178280711174011230e+00,1.166941046714782715e+00,1.156166434288024902e+00,1.145934939384460449e+00,1.136226177215576172e+00,1.127020597457885742e+00,1.118301272392272949e+00,1.110051035881042480e+00,1.102255105972290039e+00,1.094898939132690430e+00,1.087969541549682617e+00,1.081454873085021973e+00,1.075343370437622070e+00,1.069624304771423340e+00,1.064288377761840820e+00,1.059326410293579102e+00,1.054730296134948730e+00,1.050492525100708008e+00,1.046606421470642090e+00,1.043065190315246582e+00,1.039863586425781250e+00,1.036996603012084961e+00,1.034459471702575684e+00,1.032248497009277344e+00,1.030360221862792969e+00,1.028791546821594238e+00,1.027540087699890137e+00,1.026604175567626953e+00,1.025982141494750977e+00,1.025673151016235352e+00,1.025676608085632324e+00,1.025992631912231445e+00,1.026621580123901367e+00,1.027564406394958496e+00,1.028822898864746094e+00,1.030398488044738770e+00,1.032294154167175293e+00,1.034512281417846680e+00,1.037056565284729004e+00,1.039930820465087891e+00,1.043139815330505371e+00,1.046688675880432129e+00,1.050582647323608398e+00,1.054828166961669922e+00,1.059432268142700195e+00,1.064402341842651367e+00,1.069746613502502441e+00,1.075474381446838379e+00,1.081594705581665039e+00,1.088118553161621094e+00,1.095057249069213867e+00,1.102423071861267090e+00,1.110228776931762695e+00,1.118489146232604980e+00,1.127219080924987793e+00,1.136435508728027344e+00,1.146155714988708496e+00,1.156399011611938477e+00,1.167186021804809570e+00,1.178538441658020020e+00,1.190479636192321777e+00,1.203036189079284668e+00,1.216234445571899414e+00,1.230104088783264160e+00,1.244677662849426270e+00,1.259989023208618164e+00,1.276075363159179688e+00,1.292976379394531250e+00,1.310736298561096191e+00,1.329401135444641113e+00,1.349021911621093750e+00,1.369654297828674316e+00,1.391358137130737305e+00,1.414198040962219238e+00,1.438246130943298340e+00,1.463965535163879395e+00,1.476974964141845703e+00,1.453139305114746094e+00,1.430489301681518555e+00,1.408957004547119141e+00,1.388480305671691895e+00,1.369001388549804688e+00,1.350466609001159668e+00,1.332828283309936523e+00,1.316040039062500000e+00,1.300060510635375977e+00,1.284850835800170898e+00,1.270375967025756836e+00,1.256601810455322266e+00,1.243498086929321289e+00,1.231035709381103516e+00,1.219188332557678223e+00,1.207931160926818848e+00,1.197241663932800293e+00,1.187098026275634766e+00,1.177480340003967285e+00,1.168370366096496582e+00,1.159750938415527344e+00,1.151605963706970215e+00,1.143920421600341797e+00,1.136680722236633301e+00,1.129874348640441895e+00,1.123488903045654297e+00,1.117514014244079590e+00,1.111938953399658203e+00,1.106755018234252930e+00,1.101953029632568359e+00,1.097525477409362793e+00,1.093465209007263184e+00,1.089765429496765137e+00,1.086420536041259766e+00,1.083425164222717285e+00,1.080774426460266113e+00,1.078464388847351074e+00,1.076491594314575195e+00,1.074852466583251953e+00,1.073545098304748535e+00,1.072567105293273926e+00,1.071917295455932617e+00,1.071594357490539551e+00,esquerda
5.969593524932861328e+00,5.971432209014892578e+00,5.975092411041259766e+00,5.980580329895019531e+00,5.987905025482177734e+00,5.997075557708740234e+00,6.008107662200927734e+00,6.021017551422119141e+00,6.035825252532958984e+00,6.020064353942871094e+00,5.659421443939208984e+00,5.169613361358642578e+00,4.760375499725341797e+00,4.411034107208251953e+00,4.110717296600341797e+00,3.850015163421630859e+00,3.621686220169067383e+00,3.420886039733886719e+00,3.241939544677734375e+00,3.081028938293457031e+00,2.936217546463012695e+00,2.805337429046630859e+00,2.685689449310302734e+00,2.576400756835937500e+00,2.477397203445434570e+00,2.386067390441894531e+00,2.301631212234497070e+00,2.223114013671875000e+00,2.151252269744873047e+00,2.084226369857788086e+00,2.021344900131225586e+00,1.963274836540222168e+00,1.908666133880615234e+00,1.857418298721313477e+00,1.809731006622314453e+00,1.764461159706115723e+00,1.722456693649291992e+00,1.682414531707763672e+00,1.644839167594909668e+00,1.609401226043701172e+00,1.575695991516113281e+00,1.543938994407653809e+00,1.513919472694396973e+00,1.485319614410400391e+00,1.458293080329895020e+00,1.432668805122375488e+00,1.408732771873474121e+00,1.385998129844665527e+00,1.364394903182983398e+00,1.343857645988464355e+00,1.324326872825622559e+00,1.305747866630554199e+00,1.288069725036621094e+00,1.271246075630187988e+00,1.255234003067016602e+00,1.239992618560791016e+00,1.225485801696777344e+00,1.211679697036743164e+00,1.198542237281799316e+00,1.186043739318847656e+00,1.174157500267028809e+00,1.162857413291931152e+00,1.152120471000671387e+00,1.141924858093261719e+00,1.132249951362609863e+00,1.123076677322387695e+00,1.114387750625610352e+00,1.106166481971740723e+00,1.098397850990295410e+00,1.091067433357238770e+00,1.084162354469299316e+00,1.077670454978942871e+00,1.071580290794372559e+00,1.065881252288818359e+00,1.060564041137695312e+00,1.055619239807128906e+00,1.051039338111877441e+00,1.046816349029541016e+00,1.042943716049194336e+00,1.039414882659912109e+00,1.036224603652954102e+00,1.033367633819580078e+00,1.030839443206787109e+00,1.028636217117309570e+00,1.026754498481750488e+00,1.025191187858581543e+00,1.023944139480590820e+00,1.023011565208435059e+00,1.022391676902770996e+00,1.022083878517150879e+00,1.022087216377258301e+00,1.022402048110961914e+00,1.023028850555419922e+00,1.023968458175659180e+00,1.025222420692443848e+00,1.026792645454406738e+00,1.028681516647338867e+00,1.030892014503479004e+00,1.033427357673645020e+00,1.036291599273681641e+00,1.039489269256591797e+00,1.043025732040405273e+00,1.046906113624572754e+00,1.051136732101440430e+00,1.055724859237670898e+00,1.060677528381347656e+00,1.066003084182739258e+00,1.071710586547851562e+00,1.077809691429138184e+00,1.084310650825500488e+00,1.091225028038024902e+00,1.098565101623535156e+00,1.106343507766723633e+00,1.114574909210205078e+00,1.123274445533752441e+00,1.132458806037902832e+00,1.142144680023193359e+00,1.152352333068847656e+00,1.163101434707641602e+00,1.174414038658142090e+00,1.186313509941101074e+00,1.198826074600219727e+00,1.211978077888488770e+00,1.225799322128295898e+00,1.240321993827819824e+00,1.255579590797424316e+00,1.271609902381896973e+00,1.288451671600341797e+00,1.306149244308471680e+00,1.324748873710632324e+00,1.344301104545593262e+00,1.364861130714416504e+00,1.386489152908325195e+00,1.409249067306518555e+00,1.433212876319885254e+00,1.458827853202819824e+00,1.475254654884338379e+00,1.453138351440429688e+00,1.430488348007202148e+00,1.408956170082092285e+00,1.388479590415954590e+00,1.369000434875488281e+00,1.350465655326843262e+00,1.332827329635620117e+00,1.316039204597473145e+00,1.300059676170349121e+00,1.284850001335144043e+00,1.270375132560729980e+00,1.256600975990295410e+00,1.243497252464294434e+00,1.231034874916076660e+00,1.219187498092651367e+00,1.207930326461791992e+00,1.197240948677062988e+00,1.187097191810607910e+00,1.177479624748229980e+00,1.168369650840759277e+00,1.159750103950500488e+00,1.151605129241943359e+00,1.143919587135314941e+00,1.136680006980895996e+00,1.129873514175415039e+00,1.123488187789916992e+00,1.117513298988342285e+00,1.111938238143920898e+00,1.106754183769226074e+00,1.101952314376831055e+00,1.097524642944335938e+00,1.093464493751525879e+00,1.089764714241027832e+00,1.086419820785522461e+00,1.083424448966979980e+00,1.080773711204528809e+00,1.078463673591613770e+00,1.076490998268127441e+00,1.074851870536804199e+00,1.073544383049011230e+00,1.072566509246826172e+00,1.071916699409484863e+00,1.071593761444091797e+00,esquerda
5.969594001770019531e+00,5.971432685852050781e+00,5.975092887878417969e+00,5.980581283569335938e+00,5.987905502319335938e+00,5.997076034545898438e+00,6.008108139038085938e+00,6.021018028259277344e+00,6.035825729370117188e+00,6.006659030914306641e+00,5.639096260070800781e+00,5.151089191436767578e+00,4.743350982666015625e+00,4.395284652709960938e+00,4.096059799194335938e+00,3.836302995681762695e+00,3.608801126480102539e+00,3.408726930618286133e+00,3.230426549911499023e+00,3.070095777511596680e+00,2.925804853439331055e+00,2.795395135879516602e+00,2.676176309585571289e+00,2.567278623580932617e+00,2.468629360198974609e+00,2.377625703811645508e+00,2.293490886688232422e+00,2.215253353118896484e+00,2.143647432327270508e+00,2.076859951019287109e+00,2.014202356338500977e+00,1.956338524818420410e+00,1.901923298835754395e+00,1.850857377052307129e+00,1.803339123725891113e+00,1.758229613304138184e+00,1.716373324394226074e+00,1.676472902297973633e+00,1.639029979705810547e+00,1.603716969490051270e+00,1.570130467414855957e+00,1.538485407829284668e+00,1.508571386337280273e+00,1.480072379112243652e+00,1.453140497207641602e+00,1.427635669708251953e+00,1.403783559799194336e+00,1.381129145622253418e+00,1.359601616859436035e+00,1.339136481285095215e+00,1.319674134254455566e+00,1.301160573959350586e+00,1.283544540405273438e+00,1.266780138015747070e+00,1.250824213027954102e+00,1.235636353492736816e+00,1.221180438995361328e+00,1.207422971725463867e+00,1.194331645965576172e+00,1.181877017021179199e+00,1.170032501220703125e+00,1.158772110939025879e+00,1.148072957992553711e+00,1.137912988662719727e+00,1.128272175788879395e+00,1.119131207466125488e+00,1.110472798347473145e+00,1.102280378341674805e+00,1.094539046287536621e+00,1.087234258651733398e+00,1.080353498458862305e+00,1.073884367942810059e+00,1.067815542221069336e+00,1.062136650085449219e+00,1.056838035583496094e+00,1.051910877227783203e+00,1.047346830368041992e+00,1.043138742446899414e+00,1.039279818534851074e+00,1.035763382911682129e+00,1.032584190368652344e+00,1.029737353324890137e+00,1.027217984199523926e+00,1.025022506713867188e+00,1.023147225379943848e+00,1.021589636802673340e+00,1.020346999168395996e+00,1.019417524337768555e+00,1.018799901008605957e+00,1.018493175506591797e+00,1.018496513366699219e+00,1.018810272216796875e+00,1.019434928894042969e+00,1.020370960235595703e+00,1.021620631217956543e+00,1.023185491561889648e+00,1.025067567825317383e+00,1.027270317077636719e+00,1.029796838760375977e+00,1.032651066780090332e+00,1.035837531089782715e+00,1.039361596107482910e+00,1.043228268623352051e+00,1.047443985939025879e+00,1.052015900611877441e+00,1.056951165199279785e+00,1.062258124351501465e+00,1.067945718765258789e+00,1.074023246765136719e+00,1.080501437187194824e+00,1.087391495704650879e+00,1.094705700874328613e+00,1.102456808090209961e+00,1.110659360885620117e+00,1.119328141212463379e+00,1.128480195999145508e+00,1.138132214546203613e+00,1.148303985595703125e+00,1.159015297889709473e+00,1.170288205146789551e+00,1.182145953178405762e+00,1.194614529609680176e+00,1.207720398902893066e+00,1.221493124961853027e+00,1.235964655876159668e+00,1.251168608665466309e+00,1.267142653465270996e+00,1.283925175666809082e+00,1.301560640335083008e+00,1.320094823837280273e+00,1.339578390121459961e+00,1.360066294670104980e+00,1.381618261337280273e+00,1.404298305511474609e+00,1.428177952766418457e+00,1.453760743141174316e+00,1.472354650497436523e+00,1.453136563301086426e+00,1.430486440658569336e+00,1.408954381942749023e+00,1.388477683067321777e+00,1.368998765945434570e+00,1.350464105606079102e+00,1.332825779914855957e+00,1.316037535667419434e+00,1.300058245658874512e+00,1.284848690032958984e+00,1.270373702049255371e+00,1.256599664688110352e+00,1.243495821952819824e+00,1.231033444404602051e+00,1.219186186790466309e+00,1.207929015159606934e+00,1.197239518165588379e+00,1.187095880508422852e+00,1.177478313446044922e+00,1.168368458747863770e+00,1.159749031066894531e+00,1.151603937149047852e+00,1.143918514251708984e+00,1.136678814888000488e+00,1.129872441291809082e+00,1.123487114906311035e+00,1.117512106895446777e+00,1.111937165260314941e+00,1.106752991676330566e+00,1.101951241493225098e+00,1.097523570060729980e+00,1.093463540077209473e+00,1.089763641357421875e+00,1.086418747901916504e+00,1.083423495292663574e+00,1.080772757530212402e+00,1.078462600708007812e+00,1.076489925384521484e+00,1.074850916862487793e+00,1.073543429374694824e+00,1.072565555572509766e+00,1.071915745735168457e+00,1.071592807769775391e+00,esquerda
5.969593048095703125e+00,5.971432209014892578e+00,5.975092411041259766e+00,5.980580806732177734e+00,5.987905025482177734e+00,5.997075557708740234e+00,6.008107185363769531e+00,6.021018028259277344e+00,6.035825729370117188e+00,5.993770599365234375e+00,5.619449138641357422e+00,5.133042335510253906e+00,4.726653575897216797e+00,4.379749298095703125e+00,4.081532478332519531e+00,3.822655200958251953e+00,3.595948457717895508e+00,3.396597146987915039e+00,3.218939781188964844e+00,3.059185743331909180e+00,2.915413856506347656e+00,2.785472154617309570e+00,2.666680574417114258e+00,2.558172941207885742e+00,2.459876298904418945e+00,2.369198083877563477e+00,2.285363912582397461e+00,2.207405090332031250e+00,2.136054039001464844e+00,2.069504499435424805e+00,2.007069587707519531e+00,1.949411273002624512e+00,1.895189285278320312e+00,1.844304680824279785e+00,1.796954870223999023e+00,1.752005100250244141e+00,1.710297226905822754e+00,1.670537590980529785e+00,1.633227229118347168e+00,1.598038792610168457e+00,1.564571142196655273e+00,1.533037304878234863e+00,1.503228783607482910e+00,1.474829792976379395e+00,1.447992682456970215e+00,1.422603726387023926e+00,1.398835778236389160e+00,1.376260995864868164e+00,1.354809403419494629e+00,1.334416508674621582e+00,1.315022706985473633e+00,1.296574354171752930e+00,1.279020547866821289e+00,1.262315273284912109e+00,1.246415495872497559e+00,1.231281161308288574e+00,1.216876268386840820e+00,1.203167200088500977e+00,1.190122127532958984e+00,1.177711248397827148e+00,1.165908575057983398e+00,1.154687881469726562e+00,1.144026398658752441e+00,1.133902311325073242e+00,1.124295592308044434e+00,1.115186572074890137e+00,1.106558799743652344e+00,1.098395228385925293e+00,1.090681195259094238e+00,1.083402276039123535e+00,1.076545715332031250e+00,1.070099472999572754e+00,1.064051985740661621e+00,1.058393120765686035e+00,1.053112983703613281e+00,1.048203349113464355e+00,1.043655276298522949e+00,1.039462089538574219e+00,1.035616636276245117e+00,1.032112717628479004e+00,1.028944730758666992e+00,1.026107788085937500e+00,1.023597478866577148e+00,1.021409749984741211e+00,1.019541144371032715e+00,1.017988920211791992e+00,1.016750693321228027e+00,1.015824675559997559e+00,1.015209197998046875e+00,1.014903306961059570e+00,1.014906764030456543e+00,1.015219449996948242e+00,1.015841722488403320e+00,1.016774654388427734e+00,1.018019914627075195e+00,1.019579052925109863e+00,1.021454691886901855e+00,1.023649692535400391e+00,1.026167273521423340e+00,1.029011368751525879e+00,1.032186627388000488e+00,1.035698294639587402e+00,1.039551258087158203e+00,1.043752193450927734e+00,1.048307895660400391e+00,1.053225994110107422e+00,1.058513998985290527e+00,1.064181566238403320e+00,1.070237874984741211e+00,1.076693177223205566e+00,1.083559036254882812e+00,1.090847373008728027e+00,1.098571181297302246e+00,1.106744647026062012e+00,1.115383028984069824e+00,1.124502897262573242e+00,1.134120821952819824e+00,1.144256830215454102e+00,1.154930233955383301e+00,1.166163563728332520e+00,1.177979469299316406e+00,1.190404057502746582e+00,1.203463792800903320e+00,1.217188000679016113e+00,1.231608390808105469e+00,1.246758818626403809e+00,1.262676477432250977e+00,1.279399991035461426e+00,1.296973347663879395e+00,1.315442204475402832e+00,1.334856867790222168e+00,1.355272769927978516e+00,1.376748681068420410e+00,1.399348735809326172e+00,1.423144221305847168e+00,1.448624253273010254e+00,1.469415783882141113e+00,1.453136444091796875e+00,1.430486440658569336e+00,1.408954381942749023e+00,1.388477683067321777e+00,1.368998646736145020e+00,1.350463867187500000e+00,1.332825779914855957e+00,1.316037416458129883e+00,1.300057888031005859e+00,1.284848451614379883e+00,1.270373582839965820e+00,1.256599426269531250e+00,1.243495583534240723e+00,1.231033205986022949e+00,1.219185948371887207e+00,1.207928895950317383e+00,1.197239279747009277e+00,1.187095642089843750e+00,1.177478075027465820e+00,1.168368101119995117e+00,1.159748792648315430e+00,1.151603698730468750e+00,1.143918156623840332e+00,1.136678457260131836e+00,1.129872083663940430e+00,1.123486638069152832e+00,1.117511749267578125e+00,1.111936807632446289e+00,1.106752634048461914e+00,1.101950883865356445e+00,1.097523212432861328e+00,1.093463182449340820e+00,1.089763283729553223e+00,1.086418271064758301e+00,1.083423018455505371e+00,1.080772161483764648e+00,1.078462123870849609e+00,1.076489329338073730e+00,1.074850440025329590e+00,1.073542952537536621e+00,1.072565078735351562e+00,1.071915268898010254e+00,1.071592211723327637e+00,esquerda
5.969595432281494141e+00,5.971434593200683594e+00,5.975094318389892578e+00,5.980582714080810547e+00,5.987906932830810547e+00,5.997077941894531250e+00,6.008110046386718750e+00,6.021018981933593750e+00,6.035827636718750000e+00,5.981352806091308594e+00,5.600605010986328125e+00,5.115849494934082031e+00,4.710836887359619141e+00,4.365105152130126953e+00,4.067893028259277344e+00,3.809887886047363281e+00,3.583922386169433594e+00,3.385201215744018555e+00,3.208108663558959961e+00,3.048864841461181641e+00,2.905554533004760742e+00,2.776031494140625000e+00,2.657623529434204102e+00,2.549468040466308594e+00,2.451490879058837891e+00,2.361108779907226562e+00,2.277548551559448242e+00,2.199845075607299805e+00,2.128729104995727539e+00,2.062397956848144531e+00,2.000169038772583008e+00,1.942700982093811035e+00,1.888658165931701660e+00,1.837941765785217285e+00,1.790748834609985352e+00,1.745948076248168945e+00,1.704378247261047363e+00,1.664750814437866211e+00,1.627564311027526855e+00,1.592492938041687012e+00,1.559136033058166504e+00,1.527707457542419434e+00,1.497997760772705078e+00,1.469693183898925781e+00,1.442945241928100586e+00,1.417572140693664551e+00,1.393888115882873535e+00,1.371393322944641113e+00,1.350017666816711426e+00,1.329696774482727051e+00,1.310371756553649902e+00,1.291988492012023926e+00,1.274496793746948242e+00,1.257850646972656250e+00,1.242007136344909668e+00,1.226926326751708984e+00,1.212572455406188965e+00,1.198911905288696289e+00,1.185912728309631348e+00,1.173546075820922852e+00,1.161785006523132324e+00,1.150604128837585449e+00,1.139980196952819824e+00,1.129891991615295410e+00,1.120319128036499023e+00,1.111242532730102539e+00,1.102645158767700195e+00,1.094510436058044434e+00,1.086823701858520508e+00,1.079570531845092773e+00,1.072738289833068848e+00,1.066314697265625000e+00,1.060288786888122559e+00,1.054649829864501953e+00,1.049388527870178223e+00,1.044495940208435059e+00,1.039964318275451660e+00,1.035785913467407227e+00,1.031954050064086914e+00,1.028462529182434082e+00,1.025305747985839844e+00,1.022478938102722168e+00,1.019977331161499023e+00,1.017797350883483887e+00,1.015935420989990234e+00,1.014388680458068848e+00,1.013154864311218262e+00,1.012231945991516113e+00,1.011618614196777344e+00,1.011314034461975098e+00,1.011317491531372070e+00,1.011628866195678711e+00,1.012249112129211426e+00,1.013178825378417969e+00,1.014419674873352051e+00,1.015973210334777832e+00,1.017842173576354980e+00,1.020029425621032715e+00,1.022538065910339355e+00,1.025372147560119629e+00,1.028536081314086914e+00,1.032035350799560547e+00,1.035874962806701660e+00,1.040060997009277344e+00,1.044600605964660645e+00,1.049501180648803711e+00,1.054770708084106445e+00,1.060418128967285156e+00,1.066452860832214355e+00,1.072885513305664062e+00,1.079726934432983398e+00,1.086989521980285645e+00,1.094686031341552734e+00,1.102830767631530762e+00,1.111438512802124023e+00,1.120526194572448730e+00,1.130110025405883789e+00,1.140210151672363281e+00,1.150846004486083984e+00,1.162039518356323242e+00,1.173813581466674805e+00,1.186194419860839844e+00,1.199207663536071777e+00,1.212883353233337402e+00,1.227252960205078125e+00,1.242349863052368164e+00,1.258211135864257812e+00,1.274875521659851074e+00,1.292386770248413086e+00,1.310790300369262695e+00,1.330136537551879883e+00,1.350480079650878906e+00,1.371880054473876953e+00,1.394400119781494141e+00,1.418111681938171387e+00,1.443486690521240234e+00,1.466475844383239746e+00,1.453135490417480469e+00,1.430485725402832031e+00,1.408953428268432617e+00,1.388476729393005371e+00,1.368997693061828613e+00,1.350463151931762695e+00,1.332824826240539551e+00,1.316036581993103027e+00,1.300057053565979004e+00,1.284847617149353027e+00,1.270372748374938965e+00,1.256598591804504395e+00,1.243494749069213867e+00,1.231032490730285645e+00,1.219185233116149902e+00,1.207928061485290527e+00,1.197238564491271973e+00,1.187094807624816895e+00,1.177477240562438965e+00,1.168367385864257812e+00,1.159747958183288574e+00,1.151602983474731445e+00,1.143917322158813477e+00,1.136677742004394531e+00,1.129871249198913574e+00,1.123486042022705078e+00,1.117511034011840820e+00,1.111936092376708984e+00,1.106751918792724609e+00,1.101950168609619141e+00,1.097522497177124023e+00,1.093462467193603516e+00,1.089762568473815918e+00,1.086417555809020996e+00,1.083422183990478516e+00,1.080771446228027344e+00,1.078461527824401855e+00,1.076488733291625977e+00,1.074849724769592285e+00,1.073542237281799316e+00,1.072564363479614258e+00,1.071914553642272949e+00,1.071591496467590332e+00,esquerda
5.969595909118652344e+00,5.971435070037841797e+00,5.975094795227050781e+00,5.980583190917968750e+00,5.987907409667968750e+00,5.997078418731689453e+00,6.008110523223876953e+00,6.021019458770751953e+00,6.035828113555908203e+00,5.967987537384033203e+00,5.580338954925537109e+00,5.097379207611083984e+00,4.693860530853271484e+00,4.349399089813232422e+00,4.053276062011718750e+00,3.796213626861572266e+00,3.571069955825805664e+00,3.373071908950805664e+00,3.196621894836425781e+00,3.037955760955810547e+00,2.895163774490356445e+00,2.766108751296997070e+00,2.648128271102905273e+00,2.540362834930419922e+00,2.442738533020019531e+00,2.352680921554565430e+00,2.269421100616455078e+00,2.191997051239013672e+00,2.121135711669921875e+00,2.055042505264282227e+00,1.993036150932312012e+00,1.935773968696594238e+00,1.881924390792846680e+00,1.831389188766479492e+00,1.784364700317382812e+00,1.739723682403564453e+00,1.698302268981933594e+00,1.658815860748291016e+00,1.621761560440063477e+00,1.586814880371093750e+00,1.553576588630676270e+00,1.522259593009948730e+00,1.492655158042907715e+00,1.464450955390930176e+00,1.437797546386718750e+00,1.412539005279541016e+00,1.388939261436462402e+00,1.366524100303649902e+00,1.345224261283874512e+00,1.324975609779357910e+00,1.305719256401062012e+00,1.287401318550109863e+00,1.269971728324890137e+00,1.253384590148925781e+00,1.237597346305847168e+00,1.222570061683654785e+00,1.208266854286193848e+00,1.194654941558837891e+00,1.181702017784118652e+00,1.169379115104675293e+00,1.157660007476806641e+00,1.146518468856811523e+00,1.135932683944702148e+00,1.125880122184753418e+00,1.116341352462768555e+00,1.107296943664550781e+00,1.098729968070983887e+00,1.090624332427978516e+00,1.082964777946472168e+00,1.075737357139587402e+00,1.068929314613342285e+00,1.062528610229492188e+00,1.056523919105529785e+00,1.050904989242553711e+00,1.045662403106689453e+00,1.040787220001220703e+00,1.036271572113037109e+00,1.032108187675476074e+00,1.028289914131164551e+00,1.024810791015625000e+00,1.021665215492248535e+00,1.018848299980163574e+00,1.016355752944946289e+00,1.014183282852172852e+00,1.012328028678894043e+00,1.010786771774291992e+00,1.009557247161865234e+00,1.008637666702270508e+00,1.008026599884033203e+00,1.007722973823547363e+00,1.007726430892944336e+00,1.008036851882934570e+00,1.008654832839965820e+00,1.009581208229064941e+00,1.010817646980285645e+00,1.012365698814392090e+00,1.014227986335754395e+00,1.016407370567321777e+00,1.018907189369201660e+00,1.021731257438659668e+00,1.024883985519409180e+00,1.028370857238769531e+00,1.032196640968322754e+00,1.036367893218994141e+00,1.040891408920288086e+00,1.045774579048156738e+00,1.051025152206420898e+00,1.056652545928955078e+00,1.062665820121765137e+00,1.069075703620910645e+00,1.075893044471740723e+00,1.083129763603210449e+00,1.090798974037170410e+00,1.098914742469787598e+00,1.107491970062255859e+00,1.116547226905822754e+00,1.126097083091735840e+00,1.136161088943481445e+00,1.146759390830993652e+00,1.157912969589233398e+00,1.169645428657531738e+00,1.181982159614562988e+00,1.194949388504028320e+00,1.208576440811157227e+00,1.222895026206970215e+00,1.237938165664672852e+00,1.253743171691894531e+00,1.270348429679870605e+00,1.287797570228576660e+00,1.306135654449462891e+00,1.325413107872009277e+00,1.345684409141540527e+00,1.367008447647094727e+00,1.389448523521423340e+00,1.413075804710388184e+00,1.438377380371093750e+00,1.463552832603454590e+00,1.453133821487426758e+00,1.430483937263488770e+00,1.408951759338378906e+00,1.388475179672241211e+00,1.368996143341064453e+00,1.350461483001708984e+00,1.332823395729064941e+00,1.316035151481628418e+00,1.300055742263793945e+00,1.284846186637878418e+00,1.270371317863464355e+00,1.256597399711608887e+00,1.243493318557739258e+00,1.231031179428100586e+00,1.219183802604675293e+00,1.207926750183105469e+00,1.197237253189086914e+00,1.187093734741210938e+00,1.177476048469543457e+00,1.168366193771362305e+00,1.159746766090393066e+00,1.151601791381835938e+00,1.143916368484497070e+00,1.136676788330078125e+00,1.129870295524597168e+00,1.123485088348388672e+00,1.117509961128234863e+00,1.111935257911682129e+00,1.106750965118408203e+00,1.101949334144592285e+00,1.097521543502807617e+00,1.093461513519287109e+00,1.089761734008789062e+00,1.086416721343994141e+00,1.083421349525451660e+00,1.080770611763000488e+00,1.078460693359375000e+00,1.076487779617309570e+00,1.074848890304565430e+00,1.073541402816772461e+00,1.072563529014587402e+00,1.071913719177246094e+00,1.071590662002563477e+00,esquerda
5.969595432281494141e+00,5.971434593200683594e+00,5.975094318389892578e+00,5.980582714080810547e+00,5.987906932830810547e+00,5.997077465057373047e+00,6.008110046386718750e+00,6.021020412445068359e+00,6.035828113555908203e+00,5.954622745513916016e+00,5.560074806213378906e+00,5.078910350799560547e+00,4.676885128021240234e+00,4.333694458007812500e+00,4.038659572601318359e+00,3.782539367675781250e+00,3.558219909667968750e+00,3.360944032669067383e+00,3.185136795043945312e+00,3.027047634124755859e+00,2.884773969650268555e+00,2.756186962127685547e+00,2.638634204864501953e+00,2.531258106231689453e+00,2.433986902236938477e+00,2.344254493713378906e+00,2.261294841766357422e+00,2.184149503707885742e+00,2.113543272018432617e+00,2.047687530517578125e+00,1.985904335975646973e+00,1.928847074508666992e+00,1.875191211700439453e+00,1.824836969375610352e+00,1.777980923652648926e+00,1.733499646186828613e+00,1.692226529121398926e+00,1.652881264686584473e+00,1.615959167480468750e+00,1.581137299537658691e+00,1.548017621040344238e+00,1.516811728477478027e+00,1.487312793731689453e+00,1.459208607673645020e+00,1.432649970054626465e+00,1.407506465911865234e+00,1.383990645408630371e+00,1.361655473709106445e+00,1.340431451797485352e+00,1.320255279541015625e+00,1.301067233085632324e+00,1.282814621925354004e+00,1.265447020530700684e+00,1.248918890953063965e+00,1.233187913894653320e+00,1.218214273452758789e+00,1.203962326049804688e+00,1.190398693084716797e+00,1.177491903305053711e+00,1.165212869644165039e+00,1.153535366058349609e+00,1.142433762550354004e+00,1.131885528564453125e+00,1.121868848800659180e+00,1.112364053726196289e+00,1.103351712226867676e+00,1.094815611839294434e+00,1.086738467216491699e+00,1.079106330871582031e+00,1.071904778480529785e+00,1.065121054649353027e+00,1.058743000030517578e+00,1.052759766578674316e+00,1.047160863876342773e+00,1.041936993598937988e+00,1.037079215049743652e+00,1.032579541206359863e+00,1.028430819511413574e+00,1.024626255035400391e+00,1.021159529685974121e+00,1.018025159835815430e+00,1.015218377113342285e+00,1.012734651565551758e+00,1.010570049285888672e+00,1.008721232414245605e+00,1.007185578346252441e+00,1.005960464477539062e+00,1.005044221878051758e+00,1.004435181617736816e+00,1.004132628440856934e+00,1.004136085510253906e+00,1.004445433616638184e+00,1.005061149597167969e+00,1.005984187126159668e+00,1.007216334342956543e+00,1.008759021759033203e+00,1.010614633560180664e+00,1.012786149978637695e+00,1.015277028083801270e+00,1.018091082572937012e+00,1.021232485771179199e+00,1.024706959724426270e+00,1.028519034385681152e+00,1.032675385475158691e+00,1.037182927131652832e+00,1.042048692703247070e+00,1.047280669212341309e+00,1.052887916564941406e+00,1.058879971504211426e+00,1.065266728401184082e+00,1.072059631347656250e+00,1.079270839691162109e+00,1.086912631988525391e+00,1.094999432563781738e+00,1.103546142578125000e+00,1.112569093704223633e+00,1.122085094451904297e+00,1.132113456726074219e+00,1.142673611640930176e+00,1.153787612915039062e+00,1.165478110313415527e+00,1.177770972251892090e+00,1.190691947937011719e+00,1.204270362854003906e+00,1.218538045883178711e+00,1.233527898788452148e+00,1.249276399612426758e+00,1.265822291374206543e+00,1.283209204673767090e+00,1.301482081413269043e+00,1.320690989494323730e+00,1.340890169143676758e+00,1.362138032913208008e+00,1.384498238563537598e+00,1.408041119575500488e+00,1.433240771293640137e+00,1.459832429885864258e+00,1.453133940696716309e+00,1.430484056472778320e+00,1.408951997756958008e+00,1.388475418090820312e+00,1.368996500968933105e+00,1.350461840629577637e+00,1.332823514938354492e+00,1.316035389900207520e+00,1.300055861473083496e+00,1.284846425056457520e+00,1.270371437072753906e+00,1.256597518920898438e+00,1.243493676185607910e+00,1.231031417846679688e+00,1.219184041023254395e+00,1.207926988601684570e+00,1.197237610816955566e+00,1.187093973159790039e+00,1.177476525306701660e+00,1.168366551399230957e+00,1.159747123718261719e+00,1.151602029800415039e+00,1.143916606903076172e+00,1.136676907539367676e+00,1.129870533943176270e+00,1.123485326766967773e+00,1.117510199546813965e+00,1.111935377120971680e+00,1.106751203536987305e+00,1.101949572563171387e+00,1.097521781921386719e+00,1.093461632728576660e+00,1.089761972427368164e+00,1.086416959762573242e+00,1.083421587944030762e+00,1.080770730972290039e+00,1.078460812568664551e+00,1.076488018035888672e+00,1.074849128723144531e+00,1.073541522026062012e+00,1.072563648223876953e+00,1.071913957595825195e+00,1.071591019630432129e+00,esquerda
5.969597339630126953e+00,5.971436500549316406e+00,5.975096702575683594e+00,5.980584621429443359e+00,5.987908840179443359e+00,5.997079849243164062e+00,6.008112430572509766e+00,6.021021366119384766e+00,6.035829544067382812e+00,5.942654132843017578e+00,5.541804313659667969e+00,5.062094688415527344e+00,4.661303043365478516e+00,4.319178104400634766e+00,4.025068759918212891e+00,3.769758701324462891e+00,3.546154499053955078e+00,3.349512815475463867e+00,3.174274206161499023e+00,3.016698122024536133e+00,2.874888658523559570e+00,2.746722459793090820e+00,2.629555463790893555e+00,2.522533416748046875e+00,2.425583362579345703e+00,2.336148023605346680e+00,2.253463745117187500e+00,2.176575422286987305e+00,2.106204032897949219e+00,2.040568590164184570e+00,1.978991508483886719e+00,1.922125697135925293e+00,1.868649482727050781e+00,1.818464159965515137e+00,1.771765470504760742e+00,1.727433681488037109e+00,1.686299204826354980e+00,1.647086381912231445e+00,1.610288619995117188e+00,1.575583934783935547e+00,1.542575836181640625e+00,1.511475205421447754e+00,1.482075810432434082e+00,1.454066157341003418e+00,1.427597045898437500e+00,1.402474522590637207e+00,1.379042744636535645e+00,1.356787681579589844e+00,1.335639595985412598e+00,1.315535187721252441e+00,1.296415805816650391e+00,1.278228402137756348e+00,1.260923027992248535e+00,1.244454145431518555e+00,1.228779315948486328e+00,1.213859200477600098e+00,1.199658036231994629e+00,1.186142921447753906e+00,1.173282384872436523e+00,1.161047339439392090e+00,1.149411439895629883e+00,1.138349533081054688e+00,1.127839088439941406e+00,1.117858171463012695e+00,1.108387231826782227e+00,1.099407196044921875e+00,1.090901494026184082e+00,1.082853555679321289e+00,1.075248718261718750e+00,1.068072676658630371e+00,1.061313271522521973e+00,1.054957985877990723e+00,1.048996090888977051e+00,1.043417215347290039e+00,1.038212060928344727e+00,1.033371686935424805e+00,1.028888106346130371e+00,1.024754166603088379e+00,1.020963191986083984e+00,1.017508864402770996e+00,1.014385700225830078e+00,1.011588931083679199e+00,1.009114146232604980e+00,1.006957292556762695e+00,1.005115151405334473e+00,1.003584861755371094e+00,1.002364158630371094e+00,1.001451253890991211e+00,1.000844359397888184e+00,1.000542879104614258e+00,1.000546336174011230e+00,1.000854492187500000e+00,1.001468062400817871e+00,1.002387881278991699e+00,1.003615617752075195e+00,1.005152583122253418e+00,1.007001638412475586e+00,1.009165525436401367e+00,1.011647462844848633e+00,1.014451384544372559e+00,1.017581582069396973e+00,1.021043658256530762e+00,1.024842143058776855e+00,1.028983712196350098e+00,1.033475041389465332e+00,1.038323283195495605e+00,1.043536663055419922e+00,1.049124002456665039e+00,1.055094480514526367e+00,1.061458349227905273e+00,1.068227171897888184e+00,1.075412511825561523e+00,1.083026885986328125e+00,1.091084837913513184e+00,1.099601030349731445e+00,1.108591675758361816e+00,1.118073701858520508e+00,1.128066062927246094e+00,1.138588666915893555e+00,1.149662971496582031e+00,1.161311745643615723e+00,1.173560500144958496e+00,1.186435341835021973e+00,1.199965238571166992e+00,1.214181780815124512e+00,1.229117870330810547e+00,1.244810223579406738e+00,1.261297106742858887e+00,1.278621912002563477e+00,1.296829462051391602e+00,1.315969586372375488e+00,1.336096286773681641e+00,1.357268452644348145e+00,1.379548788070678711e+00,1.403007388114929199e+00,1.428100347518920898e+00,1.454598069190979004e+00,1.453132748603820801e+00,1.430482983589172363e+00,1.408950805664062500e+00,1.388474106788635254e+00,1.368995070457458496e+00,1.350460648536682129e+00,1.332822322845458984e+00,1.316034078598022461e+00,1.300054788589477539e+00,1.284845113754272461e+00,1.270370364189147949e+00,1.256596207618713379e+00,1.243492364883422852e+00,1.231030225753784180e+00,1.219182848930358887e+00,1.207925796508789062e+00,1.197236299514770508e+00,1.187092661857604980e+00,1.177474975585937500e+00,1.168365240097045898e+00,1.159745812416076660e+00,1.151600837707519531e+00,1.143915176391601562e+00,1.136675596237182617e+00,1.129869103431701660e+00,1.123483896255493164e+00,1.117508888244628906e+00,1.111933946609497070e+00,1.106749773025512695e+00,1.101948022842407227e+00,1.097520589828491211e+00,1.093460321426391602e+00,1.089760422706604004e+00,1.086415529251098633e+00,1.083420157432556152e+00,1.080769419670104980e+00,1.078459501266479492e+00,1.076486706733703613e+00,1.074847698211669922e+00,1.073540210723876953e+00,1.072562336921691895e+00,1.071912527084350586e+00,1.071589589118957520e+00,esquerda
5.969597816467285156e+00,5.971436977386474609e+00,5.975097179412841797e+00,5.980585098266601562e+00,5.987909793853759766e+00,5.997080326080322266e+00,6.008112907409667969e+00,6.021021842956542969e+00,6.035830020904541016e+00,5.929291248321533203e+00,5.521542549133300781e+00,5.043627262115478516e+00,4.644330024719238281e+00,4.303474426269531250e+00,4.010453224182128906e+00,3.756086111068725586e+00,3.533304214477539062e+00,3.337386131286621094e+00,3.162789821624755859e+00,3.005790472030639648e+00,2.864499807357788086e+00,2.736801147460937500e+00,2.620061635971069336e+00,2.513429164886474609e+00,2.416831970214843750e+00,2.327721834182739258e+00,2.245337724685668945e+00,2.168727874755859375e+00,2.098612070083618164e+00,2.033214092254638672e+00,1.971859931945800781e+00,1.915199518203735352e+00,1.861916422843933105e+00,1.811912178993225098e+00,1.765381932258605957e+00,1.721210241317749023e+00,1.680223703384399414e+00,1.641151905059814453e+00,1.604486465454101562e+00,1.569906711578369141e+00,1.537016868591308594e+00,1.506027817726135254e+00,1.476733684539794922e+00,1.448824524879455566e+00,1.422449707984924316e+00,1.397441983222961426e+00,1.374094367027282715e+00,1.351919054985046387e+00,1.330846786499023438e+00,1.310814499855041504e+00,1.291764020919799805e+00,1.273641824722290039e+00,1.256398439407348633e+00,1.239988565444946289e+00,1.224370002746582031e+00,1.209503531455993652e+00,1.195353269577026367e+00,1.181886792182922363e+00,1.169072389602661133e+00,1.156880974769592285e+00,1.145287036895751953e+00,1.134264826774597168e+00,1.123791933059692383e+00,1.113847017288208008e+00,1.104410052299499512e+00,1.095462322235107422e+00,1.086987018585205078e+00,1.078967809677124023e+00,1.071390271186828613e+00,1.064240097999572754e+00,1.057504892349243164e+00,1.051172494888305664e+00,1.045232057571411133e+00,1.039673209190368652e+00,1.034486532211303711e+00,1.029663562774658203e+00,1.025196075439453125e+00,1.021077156066894531e+00,1.017299771308898926e+00,1.013857722282409668e+00,1.010745763778686523e+00,1.007959127426147461e+00,1.005493044853210449e+00,1.003343939781188965e+00,1.001508474349975586e+00,9.999837875366210938e-01,9.987674355506896973e-01,9.978576898574829102e-01,9.972530603408813477e-01,9.969526529312133789e-01,9.969561100006103516e-01,9.972631931304931641e-01,9.978745579719543457e-01,9.987910389900207520e-01,1.000014185905456543e+00,1.001545786857604980e+00,1.003388166427612305e+00,1.005544304847717285e+00,1.008017301559448242e+00,1.010811209678649902e+00,1.013930320739746094e+00,1.017379879951477051e+00,1.021164774894714355e+00,1.025291442871093750e+00,1.029766559600830078e+00,1.034597635269165039e+00,1.039792299270629883e+00,1.045359253883361816e+00,1.051308512687683105e+00,1.057649612426757812e+00,1.064394116401672363e+00,1.071553587913513184e+00,1.079140663146972656e+00,1.087169885635375977e+00,1.095655322074890137e+00,1.104613780975341797e+00,1.114061594009399414e+00,1.124018311500549316e+00,1.134503006935119629e+00,1.145537614822387695e+00,1.157144665718078613e+00,1.169349312782287598e+00,1.182178020477294922e+00,1.195659399032592773e+00,1.209825038909912109e+00,1.224707603454589844e+00,1.240343570709228516e+00,1.256771206855773926e+00,1.274033784866333008e+00,1.292176008224487305e+00,1.311247467994689941e+00,1.331302165985107422e+00,1.352398157119750977e+00,1.374598503112792969e+00,1.397973179817199707e+00,1.422963142395019531e+00,1.449366569519042969e+00,1.453131914138793945e+00,1.430482029914855957e+00,1.408949851989746094e+00,1.388473272323608398e+00,1.368994355201721191e+00,1.350459694862365723e+00,1.332821488380432129e+00,1.316033244132995605e+00,1.300053834915161133e+00,1.284844279289245605e+00,1.270369410514831543e+00,1.256595373153686523e+00,1.243491530418395996e+00,1.231029391288757324e+00,1.219182014465332031e+00,1.207924962043762207e+00,1.197235465049743652e+00,1.187091946601867676e+00,1.177474260330200195e+00,1.168364405632019043e+00,1.159744977951049805e+00,1.151600003242492676e+00,1.143914461135864258e+00,1.136674880981445312e+00,1.129868388175964355e+00,1.123483180999755859e+00,1.117508172988891602e+00,1.111933231353759766e+00,1.106749057769775391e+00,1.101947307586669922e+00,1.097519755363464355e+00,1.093459606170654297e+00,1.089759707450866699e+00,1.086414813995361328e+00,1.083419561386108398e+00,1.080768704414367676e+00,1.078458786010742188e+00,1.076485991477966309e+00,1.074846982955932617e+00,1.073539495468139648e+00,1.072561621665954590e+00,1.071911811828613281e+00,1.071588873863220215e+00,esquerda
5.969597339630126953e+00,5.971436500549316406e+00,5.975096702575683594e+00,5.980584621429443359e+00,5.987909317016601562e+00,5.997079372406005859e+00,6.008112430572509766e+00,6.021022319793701172e+00,6.035830020904541016e+00,5.915913105010986328e+00,5.501260757446289062e+00,5.025147914886474609e+00,4.627347469329833984e+00,4.287765979766845703e+00,3.995836973190307617e+00,3.742413759231567383e+00,3.520455837249755859e+00,3.325259685516357422e+00,3.151305913925170898e+00,2.994883775711059570e+00,2.854110956192016602e+00,2.726880550384521484e+00,2.610568046569824219e+00,2.504325389862060547e+00,2.408080577850341797e+00,2.319295406341552734e+00,2.237211704254150391e+00,2.160880804061889648e+00,2.091019868850708008e+00,2.025859594345092773e+00,1.964728116989135742e+00,1.908273458480834961e+00,1.855183362960815430e+00,1.805360436439514160e+00,1.758998513221740723e+00,1.714986324310302734e+00,1.674148082733154297e+00,1.635217428207397461e+00,1.598684310913085938e+00,1.564229011535644531e+00,1.531458020210266113e+00,1.500580430030822754e+00,1.471391320228576660e+00,1.443582296371459961e+00,1.417302250862121582e+00,1.392409563064575195e+00,1.369145989418029785e+00,1.347050547599792480e+00,1.326054334640502930e+00,1.306094050407409668e+00,1.287112116813659668e+00,1.269055128097534180e+00,1.251873970031738281e+00,1.235523104667663574e+00,1.219960927963256836e+00,1.205147743225097656e+00,1.191048741340637207e+00,1.177630424499511719e+00,1.164862275123596191e+00,1.152714967727661133e+00,1.141162753105163574e+00,1.130180239677429199e+00,1.119745016098022461e+00,1.109835863113403320e+00,1.100432872772216797e+00,1.091517329216003418e+00,1.083072543144226074e+00,1.075082302093505859e+00,1.067532062530517578e+00,1.060407638549804688e+00,1.053696632385253906e+00,1.047387003898620605e+00,1.041468024253845215e+00,1.035929083824157715e+00,1.030761241912841797e+00,1.025955557823181152e+00,1.021504282951354980e+00,1.017400026321411133e+00,1.013636231422424316e+00,1.010206818580627441e+00,1.007105946540832520e+00,1.004329323768615723e+00,1.001872301101684570e+00,9.997307658195495605e-01,9.979019165039062500e-01,9.963827133178710938e-01,9.951707124710083008e-01,9.942643046379089355e-01,9.936618804931640625e-01,9.933626055717468262e-01,9.933659434318542480e-01,9.936719536781311035e-01,9.942810535430908203e-01,9.951941967010498047e-01,9.964129924774169922e-01,9.979391098022460938e-01,9.997748732566833496e-01,1.001923203468322754e+00,1.004387378692626953e+00,1.007171154022216797e+00,1.010278940200805664e+00,1.013716101646423340e+00,1.017487287521362305e+00,1.021599173545837402e+00,1.026058197021484375e+00,1.030871748924255371e+00,1.036047935485839844e+00,1.041594743728637695e+00,1.047522544860839844e+00,1.053840875625610352e+00,1.060560941696166992e+00,1.067694783210754395e+00,1.075254559516906738e+00,1.083254694938659668e+00,1.091709733009338379e+00,1.100636005401611328e+00,1.110049843788146973e+00,1.119970560073852539e+00,1.130417585372924805e+00,1.141412377357482910e+00,1.152977585792541504e+00,1.165138363838195801e+00,1.177920818328857422e+00,1.191353678703308105e+00,1.205468177795410156e+00,1.220297217369079590e+00,1.235876917839050293e+00,1.252245545387268066e+00,1.269445776939392090e+00,1.287522792816162109e+00,1.306525349617004395e+00,1.326508045196533203e+00,1.347528219223022461e+00,1.369648456573486328e+00,1.392938971519470215e+00,1.417897105216979980e+00,1.444208383560180664e+00,1.453131198883056641e+00,1.430481433868408203e+00,1.408949375152587891e+00,1.388472795486450195e+00,1.368993878364562988e+00,1.350459218025207520e+00,1.332821011543273926e+00,1.316033005714416504e+00,1.300053596496582031e+00,1.284844040870666504e+00,1.270369291305541992e+00,1.256595253944396973e+00,1.243491291999816895e+00,1.231029272079467773e+00,1.219181895256042480e+00,1.207924723625183105e+00,1.197235465049743652e+00,1.187091708183288574e+00,1.177474141120910645e+00,1.168364286422729492e+00,1.159744739532470703e+00,1.151599884033203125e+00,1.143914461135864258e+00,1.136674642562866211e+00,1.129868388175964355e+00,1.123483061790466309e+00,1.117508053779602051e+00,1.111933112144470215e+00,1.106749057769775391e+00,1.101947307586669922e+00,1.097519636154174805e+00,1.093459486961364746e+00,1.089759826660156250e+00,1.086414933204650879e+00,1.083419561386108398e+00,1.080768823623657227e+00,1.078458786010742188e+00,1.076485991477966309e+00,1.074847102165222168e+00,1.073539614677429199e+00,1.072561740875244141e+00,1.071911931037902832e+00,1.071588993072509766e+00,esquerda
5.969599723815917969e+00,5.971438884735107422e+00,5.975098609924316406e+00,5.980586528778076172e+00,5.987911224365234375e+00,5.997082233428955078e+00,6.008114337921142578e+00,6.021023273468017578e+00,6.035831928253173828e+00,5.902557849884033203e+00,5.481008529663085938e+00,5.006688117980957031e+00,4.610379695892333984e+00,4.272067546844482422e+00,3.981225967407226562e+00,3.728744268417358398e+00,3.507608652114868164e+00,3.313134670257568359e+00,3.139823198318481445e+00,2.983978033065795898e+00,2.843723297119140625e+00,2.716960430145263672e+00,2.601075410842895508e+00,2.495222330093383789e+00,2.399330139160156250e+00,2.310869932174682617e+00,2.229086160659790039e+00,2.153033971786499023e+00,2.083428144454956055e+00,2.018505334854125977e+00,1.957596540451049805e+00,1.901347517967224121e+00,1.848450541496276855e+00,1.798808693885803223e+00,1.752615213394165039e+00,1.708763003349304199e+00,1.668072581291198730e+00,1.629283070564270020e+00,1.592882156372070312e+00,1.558551549911499023e+00,1.525898694992065430e+00,1.495132684707641602e+00,1.466049075126647949e+00,1.438340306282043457e+00,1.412154912948608398e+00,1.387378811836242676e+00,1.364199280738830566e+00,1.342183709144592285e+00,1.321263194084167480e+00,1.301375269889831543e+00,1.282461881637573242e+00,1.264470219612121582e+00,1.247351050376892090e+00,1.231059193611145020e+00,1.215553164482116699e+00,1.200793743133544922e+00,1.186745524406433105e+00,1.173375844955444336e+00,1.160653829574584961e+00,1.148550152778625488e+00,1.137039661407470703e+00,1.126096844673156738e+00,1.115699410438537598e+00,1.105826020240783691e+00,1.096457004547119141e+00,1.087573766708374023e+00,1.079159498214721680e+00,1.071198105812072754e+00,1.063675045967102051e+00,1.056576490402221680e+00,1.049889683723449707e+00,1.043602943420410156e+00,1.037705302238464355e+00,1.032186388969421387e+00,1.027037262916564941e+00,1.022248983383178711e+00,1.017813682556152344e+00,1.013724327087402344e+00,1.009974122047424316e+00,1.006556868553161621e+00,1.003467321395874023e+00,1.000700712203979492e+00,9.982524514198303223e-01,9.961187839508056641e-01,9.942964911460876465e-01,9.927827715873718262e-01,9.915751814842224121e-01,9.906720519065856934e-01,9.900717735290527344e-01,9.897735714912414551e-01,9.897768497467041016e-01,9.900817871093750000e-01,9.906888008117675781e-01,9.915986657142639160e-01,9.928129911422729492e-01,9.943336844444274902e-01,9.961627721786499023e-01,9.983034133911132812e-01,1.000758647918701172e+00,1.003532290458679199e+00,1.006628870964050293e+00,1.010053515434265137e+00,1.013811230659484863e+00,1.017908215522766113e+00,1.022351264953613281e+00,1.027147412300109863e+00,1.032304644584655762e+00,1.037831544876098633e+00,1.043737888336181641e+00,1.050033330917358398e+00,1.056729197502136230e+00,1.063837170600891113e+00,1.071369767189025879e+00,1.079340934753417969e+00,1.087765455245971680e+00,1.096659421920776367e+00,1.106039285659790039e+00,1.115924119949340820e+00,1.126333594322204590e+00,1.137288451194763184e+00,1.148811817169189453e+00,1.160928845405578613e+00,1.173665046691894531e+00,1.187049388885498047e+00,1.201112866401672363e+00,1.215888381004333496e+00,1.231411814689636230e+00,1.247721314430236816e+00,1.264859557151794434e+00,1.282871007919311523e+00,1.301805138587951660e+00,1.321715474128723145e+00,1.342659592628479004e+00,1.364699959754943848e+00,1.387906193733215332e+00,1.412759900093078613e+00,1.438977003097534180e+00,1.453130006790161133e+00,1.430480122566223145e+00,1.408947944641113281e+00,1.388471484184265137e+00,1.368992567062377930e+00,1.350457906723022461e+00,1.332819700241088867e+00,1.316031575202941895e+00,1.300052165985107422e+00,1.284842610359191895e+00,1.270367741584777832e+00,1.256593704223632812e+00,1.243489980697631836e+00,1.231027722358703613e+00,1.219180464744567871e+00,1.207923412322998047e+00,1.197234034538269043e+00,1.187090396881103516e+00,1.177472829818725586e+00,1.168362855911254883e+00,1.159743428230285645e+00,1.151598453521728516e+00,1.143913030624389648e+00,1.136673450469970703e+00,1.129866957664489746e+00,1.123481631278991699e+00,1.117506980895996094e+00,1.111931800842285156e+00,1.106747865676879883e+00,1.101945996284484863e+00,1.097518324851989746e+00,1.093458175659179688e+00,1.089758396148681641e+00,1.086413502693176270e+00,1.083418130874633789e+00,1.080767393112182617e+00,1.078457355499267578e+00,1.076484560966491699e+00,1.074845552444458008e+00,1.073538064956665039e+00,1.072560310363769531e+00,1.071910500526428223e+00,1.071587443351745605e+00,esquerda
5.969600200653076172e+00,5.971439361572265625e+00,5.975099086761474609e+00,5.980587482452392578e+00,5.987911701202392578e+00,5.997082710266113281e+00,6.008114814758300781e+00,6.021023750305175781e+00,6.035832405090332031e+00,5.890608310699462891e+00,5.462769508361816406e+00,4.989902973175048828e+00,4.594826698303222656e+00,4.257578372955322266e+00,3.967661142349243164e+00,3.715987682342529297e+00,3.495566368103027344e+00,3.301723957061767578e+00,3.128978967666625977e+00,2.973645210266113281e+00,2.833853006362915039e+00,2.707509994506835938e+00,2.592009305953979492e+00,2.486508846282958984e+00,2.390937328338623047e+00,2.302773714065551758e+00,2.221264600753784180e+00,2.145468473434448242e+00,2.076096773147583008e+00,2.011393547058105469e+00,1.950691223144531250e+00,1.894632339477539062e+00,1.841914892196655273e+00,1.792441606521606445e+00,1.746405243873596191e+00,1.702701807022094727e+00,1.662150144577026367e+00,1.623492956161499023e+00,1.587216258049011230e+00,1.553002357482910156e+00,1.520461201667785645e+00,1.489800095558166504e+00,1.460815548896789551e+00,1.433201313018798828e+00,1.407105207443237305e+00,1.382345438003540039e+00,1.359249830245971680e+00,1.337314009666442871e+00,1.316469430923461914e+00,1.296653628349304199e+00,1.277808785438537598e+00,1.259882450103759766e+00,1.242825388908386230e+00,1.226592659950256348e+00,1.211142897605895996e+00,1.196437120437622070e+00,1.182439804077148438e+00,1.169118642807006836e+00,1.156442761421203613e+00,1.144383072853088379e+00,1.132914304733276367e+00,1.122011303901672363e+00,1.111651539802551270e+00,1.101813912391662598e+00,1.092478990554809570e+00,1.083627939224243164e+00,1.075244069099426270e+00,1.067311644554138184e+00,1.059815883636474609e+00,1.052743077278137207e+00,1.046080589294433594e+00,1.039816617965698242e+00,1.033940315246582031e+00,1.028441548347473145e+00,1.023310899734497070e+00,1.018540024757385254e+00,1.014120817184448242e+00,1.010046362876892090e+00,1.006309747695922852e+00,1.002904891967773438e+00,9.998266100883483887e-01,9.970699548721313477e-01,9.946306347846984863e-01,9.925047159194946289e-01,9.906890988349914551e-01,9.891808032989501953e-01,9.879775643348693848e-01,9.870777130126953125e-01,9.864796996116638184e-01,9.861825704574584961e-01,9.861859083175659180e-01,9.864896535873413086e-01,9.870944619178771973e-01,9.880009293556213379e-01,9.892109036445617676e-01,9.907259941101074219e-01,9.925485849380493164e-01,9.946812987327575684e-01,9.971276521682739258e-01,9.998913407325744629e-01,1.002976655960083008e+00,1.006388902664184570e+00,1.010132908821105957e+00,1.014214992523193359e+00,1.018641948699951172e+00,1.023420810699462891e+00,1.028559327125549316e+00,1.034066319465637207e+00,1.039951086044311523e+00,1.046223759651184082e+00,1.052895307540893555e+00,1.059977531433105469e+00,1.067482709884643555e+00,1.075425028800964355e+00,1.083818793296813965e+00,1.092680573463439941e+00,1.102026343345642090e+00,1.111875414848327637e+00,1.122246861457824707e+00,1.133162260055541992e+00,1.144644021987915039e+00,1.156716823577880859e+00,1.169406890869140625e+00,1.182742714881896973e+00,1.196755170822143555e+00,1.211477041244506836e+00,1.226944088935852051e+00,1.243194222450256348e+00,1.260270357131958008e+00,1.278216481208801270e+00,1.297081947326660156e+00,1.316920042037963867e+00,1.337788343429565430e+00,1.359748840332031250e+00,1.382870912551879883e+00,1.407622814178466797e+00,1.433745861053466797e+00,1.452750086784362793e+00,1.430479168891906738e+00,1.408946990966796875e+00,1.388470649719238281e+00,1.368991613388061523e+00,1.350456953048706055e+00,1.332818865776062012e+00,1.316030740737915039e+00,1.300051212310791016e+00,1.284841895103454590e+00,1.270366907119750977e+00,1.256592988967895508e+00,1.243489146232604980e+00,1.231026887893676758e+00,1.219179749488830566e+00,1.207922577857971191e+00,1.197233200073242188e+00,1.187089562416076660e+00,1.177471995353698730e+00,1.168362021446228027e+00,1.159742712974548340e+00,1.151597738265991211e+00,1.143912315368652344e+00,1.136672616004943848e+00,1.129866242408752441e+00,1.123480916023254395e+00,1.117506146430969238e+00,1.111931085586547852e+00,1.106747031211853027e+00,1.101945281028747559e+00,1.097517609596252441e+00,1.093457579612731934e+00,1.089757680892944336e+00,1.086412906646728516e+00,1.083417534828186035e+00,1.080766677856445312e+00,1.078456759452819824e+00,1.076483964920043945e+00,1.074844956398010254e+00,1.073537468910217285e+00,1.072559595108032227e+00,1.071909785270690918e+00,1.071586847305297852e+00,esquerda
5.969599723815917969e+00,5.971438884735107422e+00,5.975098609924316406e+00,5.980587005615234375e+00,5.987911224365234375e+00,5.997081756591796875e+00,6.008114337921142578e+00,6.021024703979492188e+00,6.035832405090332031e+00,5.877214431762695312e+00,5.442460536956787109e+00,4.971393585205078125e+00,4.577814102172851562e+00,4.241838932037353516e+00,3.953012704849243164e+00,3.702284097671508789e+00,3.482688665390014648e+00,3.289571762084960938e+00,3.117472171783447266e+00,2.962717771530151367e+00,2.823445796966552734e+00,2.697572231292724609e+00,2.582500934600830078e+00,2.477391242980957031e+00,2.382173299789428711e+00,2.294335603713989258e+00,2.213127613067626953e+00,2.137610912322998047e+00,2.068495512008666992e+00,2.004030227661132812e+00,1.943551182746887207e+00,1.887698650360107422e+00,1.835174679756164551e+00,1.785883069038391113e+00,1.740015506744384766e+00,1.696472287178039551e+00,1.656069040298461914e+00,1.617553234100341797e+00,1.581409096717834473e+00,1.547320365905761719e+00,1.514897465705871582e+00,1.484348297119140625e+00,1.455469369888305664e+00,1.427955627441406250e+00,1.401954293251037598e+00,1.377313256263732910e+00,1.354301929473876953e+00,1.332445859909057617e+00,1.311677217483520508e+00,1.291933417320251465e+00,1.273157238960266113e+00,1.255296230316162109e+00,1.238301157951354980e+00,1.222127556800842285e+00,1.206733942031860352e+00,1.192081570625305176e+00,1.178135275840759277e+00,1.164862632751464844e+00,1.152232885360717773e+00,1.140217065811157227e+00,1.128790140151977539e+00,1.117926716804504395e+00,1.107604622840881348e+00,1.097802996635437012e+00,1.088501930236816406e+00,1.079683065414428711e+00,1.071329832077026367e+00,1.063426256179809570e+00,1.055957794189453125e+00,1.048910498619079590e+00,1.042272329330444336e+00,1.036031246185302734e+00,1.030176401138305664e+00,1.024697542190551758e+00,1.019585609436035156e+00,1.014832019805908203e+00,1.010429024696350098e+00,1.006369352340698242e+00,1.002646207809448242e+00,9.992538690567016602e-01,9.961867928504943848e-01,9.934401512145996094e-01,9.910097122192382812e-01,9.888915419578552246e-01,9.870824813842773438e-01,9.855796694755554199e-01,9.843808412551879883e-01,9.834842085838317871e-01,9.828883409500122070e-01,9.825922846794128418e-01,9.825956225395202637e-01,9.828982949256896973e-01,9.835008382797241211e-01,9.844040870666503906e-01,9.856096506118774414e-01,9.871191978454589844e-01,9.889350533485412598e-01,9.910600185394287109e-01,9.934974908828735352e-01,9.962511658668518066e-01,9.993252754211425781e-01,1.002725124359130859e+00,1.006455421447753906e+00,1.010522723197937012e+00,1.014933347702026367e+00,1.019694805145263672e+00,1.024814605712890625e+00,1.030301570892333984e+00,1.036164999008178711e+00,1.042414784431457520e+00,1.049062013626098633e+00,1.056118488311767578e+00,1.063596248626708984e+00,1.071509718894958496e+00,1.079872965812683105e+00,1.088702559471130371e+00,1.098014235496520996e+00,1.107827425003051758e+00,1.118161201477050781e+00,1.129036664962768555e+00,1.140476465225219727e+00,1.152505397796630859e+00,1.165149450302124023e+00,1.178436517715454102e+00,1.192397952079772949e+00,1.207066297531127930e+00,1.222476959228515625e+00,1.238668084144592285e+00,1.255681991577148438e+00,1.273562788963317871e+00,1.292359471321105957e+00,1.312125205993652344e+00,1.332917571067810059e+00,1.354798197746276855e+00,1.377835988998413086e+00,1.402512669563293457e+00,1.428545117378234863e+00,1.449130058288574219e+00,1.430478692054748535e+00,1.408946752548217773e+00,1.388470172882080078e+00,1.368991136550903320e+00,1.350456595420837402e+00,1.332818508148193359e+00,1.316030263900756836e+00,1.300050973892211914e+00,1.284841418266296387e+00,1.270366668701171875e+00,1.256592750549316406e+00,1.243488907814025879e+00,1.231026649475097656e+00,1.219179511070251465e+00,1.207922458648681641e+00,1.197232961654663086e+00,1.187089323997497559e+00,1.177471876144409180e+00,1.168362021446228027e+00,1.159742593765258789e+00,1.151597738265991211e+00,1.143912315368652344e+00,1.136672496795654297e+00,1.129866242408752441e+00,1.123480916023254395e+00,1.117506146430969238e+00,1.111930966377258301e+00,1.106747031211853027e+00,1.101945281028747559e+00,1.097517609596252441e+00,1.093457460403442383e+00,1.089757680892944336e+00,1.086412787437438965e+00,1.083417534828186035e+00,1.080766677856445312e+00,1.078456759452819824e+00,1.076483964920043945e+00,1.074845075607299805e+00,1.073537468910217285e+00,1.072559595108032227e+00,1.071909904479980469e+00,1.071586847305297852e+00,esquerda
5.969600200653076172e+00,5.971439361572265625e+00,5.975099086761474609e+00,5.980587482452392578e+00,5.987911701202392578e+00,5.997082233428955078e+00,6.008114814758300781e+00,6.021025180816650391e+00,6.035832881927490234e+00,5.863861083984375000e+00,5.422211170196533203e+00,4.952937126159667969e+00,4.560849666595458984e+00,4.226143360137939453e+00,3.938403844833374023e+00,3.688617467880249023e+00,3.469844341278076172e+00,3.277449369430541992e+00,3.105992078781127930e+00,2.951814174652099609e+00,2.813060283660888672e+00,2.687654495239257812e+00,2.573009729385375977e+00,2.468289613723754883e+00,2.373424291610717773e+00,2.285911321640014648e+00,2.205003261566162109e+00,2.129765510559082031e+00,2.060904741287231445e+00,1.996677398681640625e+00,1.936420917510986328e+00,1.880773901939392090e+00,1.828443050384521484e+00,1.779332280158996582e+00,1.733632922172546387e+00,1.690249800682067871e+00,1.649994373321533203e+00,1.611619591712951660e+00,1.575607657432556152e+00,1.541643619537353516e+00,1.509339332580566406e+00,1.478901505470275879e+00,1.450127840042114258e+00,1.422714233398437500e+00,1.396807432174682617e+00,1.372281551361083984e+00,1.349354147911071777e+00,1.327578067779541016e+00,1.306885361671447754e+00,1.287213683128356934e+00,1.268506169319152832e+00,1.250710248947143555e+00,1.233777523040771484e+00,1.217662811279296875e+00,1.202325582504272461e+00,1.187726616859436035e+00,1.173831343650817871e+00,1.160607337951660156e+00,1.148023486137390137e+00,1.136051654815673828e+00,1.124666571617126465e+00,1.113842725753784180e+00,1.103558421134948730e+00,1.093792557716369629e+00,1.084525465965270996e+00,1.075738787651062012e+00,1.067416191101074219e+00,1.059541463851928711e+00,1.052100181579589844e+00,1.045078873634338379e+00,1.038464784622192383e+00,1.032246470451354980e+00,1.026413083076477051e+00,1.020954251289367676e+00,1.015860915184020996e+00,1.011124849319458008e+00,1.006737947463989258e+00,1.002693057060241699e+00,9.989836215972900391e-01,9.956035614013671875e-01,9.925476908683776855e-01,9.898111224174499512e-01,9.873895049095153809e-01,9.852792024612426758e-01,9.834768176078796387e-01,9.819794297218322754e-01,9.807849526405334473e-01,9.798917174339294434e-01,9.792979359626770020e-01,9.790029525756835938e-01,9.790062308311462402e-01,9.793078899383544922e-01,9.799082279205322266e-01,9.808081388473510742e-01,9.820093512535095215e-01,9.835133552551269531e-01,9.853225946426391602e-01,9.874398708343505859e-01,9.898683428764343262e-01,9.926120042800903320e-01,9.956749081611633301e-01,9.990622997283935547e-01,1.002779126167297363e+00,1.006831407546997070e+00,1.011226058006286621e+00,1.015970110893249512e+00,1.021071195602416992e+00,1.026538133621215820e+00,1.032380104064941406e+00,1.038607120513916016e+00,1.045230150222778320e+00,1.052260637283325195e+00,1.059711217880249023e+00,1.067595720291137695e+00,1.075928568840026855e+00,1.084725737571716309e+00,1.094003558158874512e+00,1.103780746459960938e+00,1.114076972007751465e+00,1.124912619590759277e+00,1.136310696601867676e+00,1.148295879364013672e+00,1.160893440246582031e+00,1.174132108688354492e+00,1.188042640686035156e+00,1.202657222747802734e+00,1.218011736869812012e+00,1.234143733978271484e+00,1.251095414161682129e+00,1.268911004066467285e+00,1.287639021873474121e+00,1.307332754135131836e+00,1.328048825263977051e+00,1.349849581718444824e+00,1.372803211212158203e+00,1.397375345230102539e+00,1.423313856124877930e+00,1.445486783981323242e+00,1.430477738380432129e+00,1.408945798873901367e+00,1.388469219207763672e+00,1.368990421295166016e+00,1.350455999374389648e+00,1.332817554473876953e+00,1.316029429435729980e+00,1.300050258636474609e+00,1.284840583801269531e+00,1.270365834236145020e+00,1.256591916084289551e+00,1.243488073348999023e+00,1.231025934219360352e+00,1.219178676605224609e+00,1.207921624183654785e+00,1.197232127189636230e+00,1.187088608741760254e+00,1.177471041679382324e+00,1.168361186981201172e+00,1.159741759300231934e+00,1.151596784591674805e+00,1.143911361694335938e+00,1.136671781539916992e+00,1.129865407943725586e+00,1.123480200767517090e+00,1.117505311965942383e+00,1.111930251121520996e+00,1.106746196746826172e+00,1.101944565773010254e+00,1.097516894340515137e+00,1.093456864356994629e+00,1.089757084846496582e+00,1.086412072181701660e+00,1.083416819572448730e+00,1.080765962600708008e+00,1.078456044197082520e+00,1.076483249664306641e+00,1.074844360351562500e+00,1.073536753654479980e+00,1.072558879852294922e+00,1.071909189224243164e+00,1.071586251258850098e+00,esquerda
5.969602108001708984e+00,5.971441268920898438e+00,5.975101470947265625e+00,5.980589389801025391e+00,5.987913608551025391e+00,5.997084617614746094e+00,6.008117198944091797e+00,6.021026134490966797e+00,6.035834312438964844e+00,5.850924015045166016e+00,5.402496337890625000e+00,4.934836387634277344e+00,4.544109344482421875e+00,4.210574626922607422e+00,3.923848390579223633e+00,3.674953460693359375e+00,3.457001447677612305e+00,3.265327930450439453e+00,3.094512701034545898e+00,2.940910577774047852e+00,2.802675247192382812e+00,2.677736520767211914e+00,2.563518762588500977e+00,2.459188699722290039e+00,2.364675521850585938e+00,2.277487277984619141e+00,2.196879386901855469e+00,2.121920347213745117e+00,2.053314447402954102e+00,1.989324569702148438e+00,1.929290652275085449e+00,1.873849153518676758e+00,1.821711421012878418e+00,1.772781729698181152e+00,1.727250695228576660e+00,1.684027314186096191e+00,1.643920183181762695e+00,1.605686068534851074e+00,1.569806456565856934e+00,1.535966992378234863e+00,1.503781199455261230e+00,1.473454952239990234e+00,1.444786429405212402e+00,1.417473077774047852e+00,1.391660928726196289e+00,1.367249608039855957e+00,1.344406366348266602e+00,1.322710156440734863e+00,1.302093386650085449e+00,1.282493829727172852e+00,1.263854742050170898e+00,1.246124148368835449e+00,1.229253292083740234e+00,1.213198065757751465e+00,1.197916984558105469e+00,1.183371543884277344e+00,1.169527292251586914e+00,1.156351447105407715e+00,1.143814086914062500e+00,1.131886005401611328e+00,1.120542645454406738e+00,1.109758496284484863e+00,1.099511981010437012e+00,1.089781761169433594e+00,1.080548763275146484e+00,1.071794390678405762e+00,1.063502073287963867e+00,1.055656433105468750e+00,1.048242449760437012e+00,1.041246771812438965e+00,1.034657001495361328e+00,1.028461456298828125e+00,1.022649407386779785e+00,1.017210602760314941e+00,1.012136101722717285e+00,1.007417321205139160e+00,1.003046512603759766e+00,9.990163445472717285e-01,9.953205585479736328e-01,9.919529557228088379e-01,9.889082312583923340e-01,9.861817359924316406e-01,9.837690591812133789e-01,9.816663265228271484e-01,9.798704981803894043e-01,9.783787131309509277e-01,9.771886467933654785e-01,9.762986302375793457e-01,9.757069945335388184e-01,9.754131436347961426e-01,9.754164814949035645e-01,9.757168889045715332e-01,9.763150811195373535e-01,9.772117137908935547e-01,9.784084558486938477e-01,9.799070954322814941e-01,9.817096590995788574e-01,9.838191866874694824e-01,9.862387776374816895e-01,9.889722466468811035e-01,9.920239448547363281e-01,9.953988790512084961e-01,9.991021752357482910e-01,1.003139615058898926e+00,1.007518172264099121e+00,1.012244820594787598e+00,1.017327189445495605e+00,1.022773981094360352e+00,1.028594613075256348e+00,1.034798741340637207e+00,1.041397452354431152e+00,1.048402190208435059e+00,1.055825591087341309e+00,1.063681006431579590e+00,1.071983218193054199e+00,1.080748319625854492e+00,1.089991927146911621e+00,1.099733471870422363e+00,1.109991788864135742e+00,1.120787978172302246e+00,1.132143974304199219e+00,1.144085288047790527e+00,1.156636595726013184e+00,1.169826984405517578e+00,1.183686256408691406e+00,1.198247432708740234e+00,1.213545560836791992e+00,1.229618310928344727e+00,1.246508002281188965e+00,1.264258146286010742e+00,1.282917737960815430e+00,1.302539110183715820e+00,1.323179244995117188e+00,1.344900012016296387e+00,1.367769598960876465e+00,1.392238140106201172e+00,1.418082594871520996e+00,1.441843271255493164e+00,1.430476427078247070e+00,1.408944487571716309e+00,1.388468027114868164e+00,1.368988990783691406e+00,1.350454449653625488e+00,1.332816362380981445e+00,1.316028237342834473e+00,1.300048828125000000e+00,1.284839391708374023e+00,1.270364522933959961e+00,1.256590723991394043e+00,1.243486881256103516e+00,1.231024622917175293e+00,1.219177484512329102e+00,1.207920312881469727e+00,1.197230935096740723e+00,1.187087297439575195e+00,1.177469730377197266e+00,1.168359875679016113e+00,1.159740567207336426e+00,1.151595592498779297e+00,1.143910050392150879e+00,1.136670470237731934e+00,1.129864096641540527e+00,1.123478770256042480e+00,1.117504000663757324e+00,1.111929059028625488e+00,1.106744885444641113e+00,1.101943135261535645e+00,1.097515583038330078e+00,1.093455433845520020e+00,1.089755654335021973e+00,1.086410641670227051e+00,1.083415389060974121e+00,1.080764651298522949e+00,1.078454613685607910e+00,1.076481819152832031e+00,1.074842810630798340e+00,1.073535323143005371e+00,1.072557568550109863e+00,1.071907758712768555e+00,1.071584701538085938e+00,esquerda
5.969602584838867188e+00,5.971441745758056641e+00,5.975101947784423828e+00,5.980589866638183594e+00,5.987914562225341797e+00,5.997085094451904297e+00,6.008117675781250000e+00,6.021026611328125000e+00,6.035834789276123047e+00,5.838530063629150391e+00,5.383685111999511719e+00,4.917666912078857422e+00,4.528309822082519531e+00,4.195941925048828125e+00,3.910218238830566406e+00,3.662184953689575195e+00,3.444949150085449219e+00,3.253909111022949219e+00,3.083660602569580078e+00,2.930571317672729492e+00,2.792798757553100586e+00,2.668280363082885742e+00,2.554447889328002930e+00,2.450470685958862305e+00,2.356278419494628906e+00,2.269387006759643555e+00,2.189053773880004883e+00,2.114351034164428711e+00,2.045979976654052734e+00,1.982209682464599609e+00,1.922382116317749023e+00,1.867131114006042480e+00,1.815173149108886719e+00,1.766412019729614258e+00,1.721038460731506348e+00,1.677963972091674805e+00,1.637995600700378418e+00,1.599893927574157715e+00,1.564138531684875488e+00,1.530416131019592285e+00,1.498341560363769531e+00,1.468120455741882324e+00,1.439551234245300293e+00,1.412332415580749512e+00,1.386609554290771484e+00,1.362216353416442871e+00,1.339457273483276367e+00,1.317840933799743652e+00,1.297299861907958984e+00,1.277772545814514160e+00,1.259202122688293457e+00,1.241536855697631836e+00,1.224728107452392578e+00,1.208731889724731445e+00,1.193506956100463867e+00,1.179015040397644043e+00,1.165221691131591797e+00,1.152094602584838867e+00,1.139603257179260254e+00,1.127719163894653320e+00,1.116417407989501953e+00,1.105673074722290039e+00,1.095464229583740234e+00,1.085769891738891602e+00,1.076570749282836914e+00,1.067848682403564453e+00,1.059587001800537109e+00,1.051769971847534180e+00,1.044383406639099121e+00,1.037413477897644043e+00,1.030847907066345215e+00,1.024675369262695312e+00,1.018884539604187012e+00,1.013465762138366699e+00,1.008409976959228516e+00,1.003708481788635254e+00,9.993537068367004395e-01,9.953384995460510254e-01,9.916562438011169434e-01,9.883010387420654297e-01,9.852675199508666992e-01,9.825510978698730469e-01,9.801472425460815430e-01,9.780523180961608887e-01,9.762630462646484375e-01,9.747768044471740723e-01,9.735910296440124512e-01,9.727043509483337402e-01,9.721149802207946777e-01,9.718221426010131836e-01,9.718254208564758301e-01,9.721246957778930664e-01,9.727206826210021973e-01,9.736140370368957520e-01,9.748064279556274414e-01,9.762994050979614258e-01,9.780953526496887207e-01,9.801970720291137695e-01,9.826077818870544434e-01,9.853312373161315918e-01,9.883716702461242676e-01,9.917343258857727051e-01,9.954238533973693848e-01,9.994463920593261719e-01,1.003808856010437012e+00,1.008517980575561523e+00,1.013581752777099609e+00,1.019008517265319824e+00,1.024807691574096680e+00,1.030988931655883789e+00,1.037563323974609375e+00,1.044542431831359863e+00,1.051938295364379883e+00,1.059764862060546875e+00,1.068036556243896484e+00,1.076769232749938965e+00,1.085978984832763672e+00,1.095684528350830078e+00,1.105905175209045410e+00,1.116661429405212402e+00,1.127975821495056152e+00,1.139873027801513672e+00,1.152378201484680176e+00,1.165519833564758301e+00,1.179328203201293945e+00,1.193835616111755371e+00,1.209077477455139160e+00,1.225091099739074707e+00,1.241918563842773438e+00,1.259603381156921387e+00,1.278194069862365723e+00,1.297743320465087891e+00,1.318307518959045410e+00,1.339948296546936035e+00,1.362733602523803711e+00,1.387100219726562500e+00,1.412850618362426758e+00,1.438198924064636230e+00,1.430474638938903809e+00,1.408942699432373047e+00,1.388466238975524902e+00,1.368987321853637695e+00,1.350452780723571777e+00,1.332814812660217285e+00,1.316026568412780762e+00,1.300047397613525391e+00,1.284837722778320312e+00,1.270363092422485352e+00,1.256589293479919434e+00,1.243485331535339355e+00,1.231023192405700684e+00,1.219175934791564941e+00,1.207919001579284668e+00,1.197229623794555664e+00,1.187085986137390137e+00,1.177468657493591309e+00,1.168358683586120605e+00,1.159739375114440918e+00,1.151594400405883789e+00,1.143909096717834473e+00,1.136669516563415527e+00,1.129863023757934570e+00,1.123477935791015625e+00,1.117502689361572266e+00,1.111927986145019531e+00,1.106743812561035156e+00,1.101942181587219238e+00,1.097514390945434570e+00,1.093454480171203613e+00,1.089754700660705566e+00,1.086409687995910645e+00,1.083414435386657715e+00,1.080763697624206543e+00,1.078453779220581055e+00,1.076480865478515625e+00,1.074841856956481934e+00,1.073534488677978516e+00,1.072556614875793457e+00,1.071906805038452148e+00,1.071583867073059082e+00,esquerda
5.969602108001708984e+00,5.971441268920898438e+00,5.975101470947265625e+00,5.980589389801025391e+00,5.987914085388183594e+00,5.997084140777587891e+00,6.008117198944091797e+00,6.021027088165283203e+00,6.035834789276123047e+00,5.825178623199462891e+00,5.363439559936523438e+00,4.899213314056396484e+00,4.511347293853759766e+00,4.180247306823730469e+00,3.895611286163330078e+00,3.648518323898315430e+00,3.432106018066406250e+00,3.241787433624267578e+00,3.072181224822998047e+00,2.919668197631835938e+00,2.782413721084594727e+00,2.658362865447998047e+00,2.544957160949707031e+00,2.441369771957397461e+00,2.347529888153076172e+00,2.260962963104248047e+00,2.180929899215698242e+00,2.106505870819091797e+00,2.038389921188354492e+00,1.974857091903686523e+00,1.915251970291137695e+00,1.860206365585327148e+00,1.808441519737243652e+00,1.759861826896667480e+00,1.714656233787536621e+00,1.671741724014282227e+00,1.631921172142028809e+00,1.593960523605346680e+00,1.558337450027465820e+00,1.524739742279052734e+00,1.492783427238464355e+00,1.462673544883728027e+00,1.434209823608398438e+00,1.407091259956359863e+00,1.381462931632995605e+00,1.357182979583740234e+00,1.334507822990417480e+00,1.312971234321594238e+00,1.292506098747253418e+00,1.273051142692565918e+00,1.254549384117126465e+00,1.236949205398559570e+00,1.220202565193176270e+00,1.204265475273132324e+00,1.189096927642822266e+00,1.174658656120300293e+00,1.160916328430175781e+00,1.147837519645690918e+00,1.135392308235168457e+00,1.123552203178405762e+00,1.112292289733886719e+00,1.101587653160095215e+00,1.091416597366333008e+00,1.081758022308349609e+00,1.072592854499816895e+00,1.063902974128723145e+00,1.055671811103820801e+00,1.047883749008178711e+00,1.040524482727050781e+00,1.033580303192138672e+00,1.027039051055908203e+00,1.020889163017272949e+00,1.015119910240173340e+00,1.009721159934997559e+00,1.004683971405029297e+00,9.999998807907104492e-01,9.956612586975097656e-01,9.916608333587646484e-01,9.879922866821289062e-01,9.846494197845458984e-01,9.816271066665649414e-01,9.789207577705383301e-01,9.765257239341735840e-01,9.744386076927185059e-01,9.726559519767761230e-01,9.711751341819763184e-01,9.699938297271728516e-01,9.691103696823120117e-01,9.685231447219848633e-01,9.682314395904541016e-01,9.682347178459167480e-01,9.685329794883728027e-01,9.691267609596252441e-01,9.700167179107666016e-01,9.712046980857849121e-01,9.726921916007995605e-01,9.744815230369567871e-01,9.765754938125610352e-01,9.789773225784301758e-01,9.816907644271850586e-01,9.847199320793151855e-01,9.880701303482055664e-01,9.917459487915039062e-01,9.957537651062011719e-01,1.000100016593933105e+00,1.004791855812072754e+00,1.009836792945861816e+00,1.015243530273437500e+00,1.021021366119384766e+00,1.027179837226867676e+00,1.033729910850524902e+00,1.040683150291442871e+00,1.048051714897155762e+00,1.055849432945251465e+00,1.064090609550476074e+00,1.072791099548339844e+00,1.081966757774353027e+00,1.091636419296264648e+00,1.101819276809692383e+00,1.112535834312438965e+00,1.123808383941650391e+00,1.135661602020263672e+00,1.148120641708374023e+00,1.161213636398315430e+00,1.174971222877502441e+00,1.189424991607666016e+00,1.204610586166381836e+00,1.220564961433410645e+00,1.237330198287963867e+00,1.254949808120727539e+00,1.273471832275390625e+00,1.292948722839355469e+00,1.313437104225158691e+00,1.334997892379760742e+00,1.357699036598205566e+00,1.381964325904846191e+00,1.407620549201965332e+00,1.434557080268859863e+00,1.430474996566772461e+00,1.408943057060241699e+00,1.388466596603393555e+00,1.368987679481506348e+00,1.350453257560729980e+00,1.332815051078796387e+00,1.316026926040649414e+00,1.300047636032104492e+00,1.284838080406188965e+00,1.270363330841064453e+00,1.256589531898498535e+00,1.243485689163208008e+00,1.231023669242858887e+00,1.219176411628723145e+00,1.207919359207153320e+00,1.197229862213134766e+00,1.187086462974548340e+00,1.177469015121459961e+00,1.168358922004699707e+00,1.159739613533020020e+00,1.151594638824462891e+00,1.143909335136413574e+00,1.136669754981994629e+00,1.129863262176513672e+00,1.123478174209594727e+00,1.117503046989440918e+00,1.111928224563598633e+00,1.106744170188903809e+00,1.101942539215087891e+00,1.097514748573303223e+00,1.093454718589782715e+00,1.089754939079284668e+00,1.086409926414489746e+00,1.083414673805236816e+00,1.080763936042785645e+00,1.078453898429870605e+00,1.076481103897094727e+00,1.074842095375061035e+00,1.073534727096557617e+00,1.072556853294372559e+00,1.071907162666320801e+00,1.071584224700927734e+00,esquerda
5.969604492187500000e+00,5.971443653106689453e+00,5.975103378295898438e+00,5.980591297149658203e+00,5.987915992736816406e+00,5.997087001800537109e+00,6.008119106292724609e+00,6.021028041839599609e+00,6.035836696624755859e+00,5.811795711517333984e+00,5.343145847320556641e+00,4.880716323852539062e+00,4.494346141815185547e+00,4.164517879486083984e+00,3.880971193313598633e+00,3.634821653366088867e+00,3.419235229492187500e+00,3.229641199111938477e+00,3.060679674148559570e+00,2.908745288848876953e+00,2.772010564804077148e+00,2.648428916931152344e+00,2.535451650619506836e+00,2.432254791259765625e+00,2.338768482208251953e+00,2.252527952194213867e+00,2.172795534133911133e+00,2.098650932312011719e+00,2.030790567398071289e+00,1.967495679855346680e+00,1.908113837242126465e+00,1.853274345397949219e+00,1.801702976226806641e+00,1.753304481506347656e+00,1.708267807960510254e+00,1.665513396263122559e+00,1.625841379165649414e+00,1.588021993637084961e+00,1.552531361579895020e+00,1.519058346748352051e+00,1.487221121788024902e+00,1.457222819328308105e+00,1.428864598274230957e+00,1.401846289634704590e+00,1.376312851905822754e+00,1.352150797843933105e+00,1.329559922218322754e+00,1.308103203773498535e+00,1.287713885307312012e+00,1.268330931663513184e+00,1.249897837638854980e+00,1.232363104820251465e+00,1.215678572654724121e+00,1.199800491333007812e+00,1.184688091278076172e+00,1.170303344726562500e+00,1.156611800193786621e+00,1.143581748008728027e+00,1.131182789802551270e+00,1.119386553764343262e+00,1.108168244361877441e+00,1.097503304481506348e+00,1.087369918823242188e+00,1.077747225761413574e+00,1.068616151809692383e+00,1.059958338737487793e+00,1.051757812500000000e+00,1.043998599052429199e+00,1.036666631698608398e+00,1.029748082160949707e+00,1.023231148719787598e+00,1.017104148864746094e+00,1.011356234550476074e+00,1.005977392196655273e+00,1.000959038734436035e+00,9.962922334671020508e-01,9.919697046279907227e-01,9.879841208457946777e-01,9.843291044235229492e-01,9.809986352920532227e-01,9.779875874519348145e-01,9.752911925315856934e-01,9.729052186012268066e-01,9.708257317543029785e-01,9.690496921539306641e-01,9.675743579864501953e-01,9.663974642753601074e-01,9.655172228813171387e-01,9.649321436882019043e-01,9.646415710449218750e-01,9.646448493003845215e-01,9.649419784545898438e-01,9.655335545539855957e-01,9.664202928543090820e-01,9.676038026809692383e-01,9.690858125686645508e-01,9.708685278892517090e-01,9.729546904563903809e-01,9.753476381301879883e-01,9.780509471893310547e-01,9.810689091682434082e-01,9.844066500663757324e-01,9.880689978599548340e-01,9.920618534088134766e-01,9.963920116424560547e-01,1.001066446304321289e+00,1.006092667579650879e+00,1.011479496955871582e+00,1.017235755920410156e+00,1.023371338844299316e+00,1.029897212982177734e+00,1.036824584007263184e+00,1.044165968894958496e+00,1.051934719085693359e+00,1.060145378112792969e+00,1.068813443183898926e+00,1.077955245971679688e+00,1.087589025497436523e+00,1.097734093666076660e+00,1.108410954475402832e+00,1.119641780853271484e+00,1.131451010704040527e+00,1.143863916397094727e+00,1.156908392906188965e+00,1.170614719390869141e+00,1.185015082359313965e+00,1.200144290924072266e+00,1.216039657592773438e+00,1.232742667198181152e+00,1.250296831130981445e+00,1.268750190734863281e+00,1.288155078887939453e+00,1.308567404747009277e+00,1.330048203468322754e+00,1.352665185928344727e+00,1.376898288726806641e+00,1.402462363243103027e+00,1.429513692855834961e+00,1.430473685264587402e+00,1.408941745758056641e+00,1.388465166091918945e+00,1.368986487388610840e+00,1.350451946258544922e+00,1.332813739776611328e+00,1.316025614738464355e+00,1.300046324729919434e+00,1.284836769104003906e+00,1.270362138748168945e+00,1.256588101387023926e+00,1.243484377861022949e+00,1.231022238731384277e+00,1.219174981117248535e+00,1.207918047904968262e+00,1.197228550910949707e+00,1.187085151672363281e+00,1.177467465400695801e+00,1.168357610702514648e+00,1.159738302230834961e+00,1.151593327522277832e+00,1.143907785415649414e+00,1.136668324470520020e+00,1.129861831665039062e+00,1.123476624488830566e+00,1.117501735687255859e+00,1.111926794052124023e+00,1.106742739677429199e+00,1.101940989494323730e+00,1.097513318061828613e+00,1.093453168869018555e+00,1.089753389358520508e+00,1.086408495903015137e+00,1.083413243293762207e+00,1.080762505531311035e+00,1.078452587127685547e+00,1.076479792594909668e+00,1.074840664863586426e+00,1.073533296585083008e+00,1.072555422782897949e+00,1.071905612945556641e+00,1.071582674980163574e+00,esquerda
5.969604969024658203e+00,5.971444129943847656e+00,5.975103855133056641e+00,5.980592250823974609e+00,5.987916469573974609e+00,5.997087478637695312e+00,6.008119583129882812e+00,6.021028518676757812e+00,6.035837173461914062e+00,5.798862457275390625e+00,5.323433399200439453e+00,4.862614154815673828e+00,4.477601528167724609e+00,4.148942470550537109e+00,3.866407394409179688e+00,3.621160268783569336e+00,3.406394004821777344e+00,3.217521667480468750e+00,3.049202203750610352e+00,2.897843599319458008e+00,2.761627197265625000e+00,2.638512849807739258e+00,2.525962114334106445e+00,2.423154830932617188e+00,2.330020666122436523e+00,2.244104623794555664e+00,2.164672136306762695e+00,2.090806245803833008e+00,2.023200750350952148e+00,1.960143327713012695e+00,1.900984168052673340e+00,1.846350193023681641e+00,1.794971704483032227e+00,1.746754527091979980e+00,1.701885938644409180e+00,1.659291028976440430e+00,1.619766950607299805e+00,1.582088470458984375e+00,1.546730279922485352e+00,1.513381958007812500e+00,1.481663107872009277e+00,1.451776266098022461e+00,1.423523068428039551e+00,1.396605014801025391e+00,1.371166110038757324e+00,1.347119092941284180e+00,1.324612140655517578e+00,1.303235411643981934e+00,1.282922148704528809e+00,1.263611078262329102e+00,1.245246529579162598e+00,1.227777004241943359e+00,1.211154580116271973e+00,1.195335626602172852e+00,1.180279612541198730e+00,1.165948271751403809e+00,1.152307748794555664e+00,1.139326095581054688e+00,1.126973271369934082e+00,1.115220904350280762e+00,1.104044437408447266e+00,1.093419194221496582e+00,1.083323478698730469e+00,1.073736548423767090e+00,1.064639449119567871e+00,1.056013941764831543e+00,1.047843933105468750e+00,1.040113568305969238e+00,1.032808780670166016e+00,1.025916099548339844e+00,1.019423365592956543e+00,1.013319015502929688e+00,1.007592558860778809e+00,1.002233862876892090e+00,9.972341656684875488e-01,9.925847053527832031e-01,9.882782101631164551e-01,9.843075275421142578e-01,9.806661009788513184e-01,9.773480296134948730e-01,9.743481278419494629e-01,9.716618657112121582e-01,9.692847132682800293e-01,9.672129750251770020e-01,9.654436111450195312e-01,9.639737010002136230e-01,9.628011584281921387e-01,9.619242548942565918e-01,9.613414406776428223e-01,9.610518217086791992e-01,9.610550403594970703e-01,9.613511562347412109e-01,9.619405269622802734e-01,9.628239274024963379e-01,9.640030860900878906e-01,9.654794931411743164e-01,9.672556519508361816e-01,9.693341255187988281e-01,9.717181324958801270e-01,9.744113683700561523e-01,9.774180650711059570e-01,9.807433485984802246e-01,9.843919873237609863e-01,9.883701801300048828e-01,9.926841259002685547e-01,9.973411560058593750e-01,1.002348780632019043e+00,1.007715463638305664e+00,1.013450264930725098e+00,1.019563078880310059e+00,1.026064634323120117e+00,1.032966375350952148e+00,1.040280342102050781e+00,1.048020124435424805e+00,1.056200265884399414e+00,1.064836144447326660e+00,1.073943734169006348e+00,1.083541750907897949e+00,1.093649148941040039e+00,1.104286313056945801e+00,1.115475296974182129e+00,1.127240538597106934e+00,1.139607191085815430e+00,1.152603268623352051e+00,1.166258573532104492e+00,1.180605292320251465e+00,1.195678234100341797e+00,1.211514353752136230e+00,1.228155255317687988e+00,1.245644211769104004e+00,1.264028906822204590e+00,1.283361434936523438e+00,1.303697824478149414e+00,1.325098633766174316e+00,1.347631573677062988e+00,1.371761560440063477e+00,1.397231578826904297e+00,1.424183130264282227e+00,1.430472731590270996e+00,1.408940792083740234e+00,1.388464212417602539e+00,1.368985533714294434e+00,1.350450992584228516e+00,1.332812786102294922e+00,1.316024899482727051e+00,1.300045490264892578e+00,1.284836053848266602e+00,1.270361304283142090e+00,1.256587266921997070e+00,1.243483662605285645e+00,1.231021404266357422e+00,1.219174146652221680e+00,1.207917213439941406e+00,1.197227716445922852e+00,1.187084317207336426e+00,1.177466630935668945e+00,1.168356895446777344e+00,1.159737467765808105e+00,1.151592612266540527e+00,1.143907070159912109e+00,1.136667609214782715e+00,1.129861235618591309e+00,1.123475909233093262e+00,1.117501020431518555e+00,1.111926078796386719e+00,1.106742024421691895e+00,1.101940274238586426e+00,1.097512722015380859e+00,1.093452572822570801e+00,1.089752674102783203e+00,1.086407780647277832e+00,1.083412647247314453e+00,1.080761790275573730e+00,1.078451871871948242e+00,1.076479077339172363e+00,1.074839949607849121e+00,1.073532581329345703e+00,1.072554707527160645e+00,1.071904897689819336e+00,1.071581959724426270e+00,esquerda
5.969604492187500000e+00,5.971443653106689453e+00,5.975103378295898438e+00,5.980591773986816406e+00,5.987915992736816406e+00,5.997086524963378906e+00,6.008119106292724609e+00,6.021029472351074219e+00,6.035837173461914062e+00,5.786456584930419922e+00,5.304607868194580078e+00,4.845436573028564453e+00,4.461798191070556641e+00,4.134309291839599609e+00,3.852779388427734375e+00,3.608382701873779297e+00,3.394334554672241211e+00,3.206095933914184570e+00,3.038343906402587891e+00,2.887499094009399414e+00,2.751745939254760742e+00,2.629052400588989258e+00,2.516887426376342773e+00,2.414433717727661133e+00,2.321620941162109375e+00,2.236001491546630859e+00,2.156844615936279297e+00,2.083235025405883789e+00,2.015864372253417969e+00,1.953026771545410156e+00,1.894074201583862305e+00,1.839631080627441406e+00,1.788432240486145020e+00,1.740383744239807129e+00,1.695672631263732910e+00,1.653227329254150391e+00,1.613841891288757324e+00,1.576295971870422363e+00,1.541061758995056152e+00,1.507830500602722168e+00,1.476223230361938477e+00,1.446441650390625000e+00,1.418287754058837891e+00,1.391464471817016602e+00,1.366114854812622070e+00,1.342086911201477051e+00,1.319664120674133301e+00,1.298367261886596680e+00,1.278129696846008301e+00,1.258890867233276367e+00,1.240594983100891113e+00,1.223190665245056152e+00,1.206630349159240723e+00,1.190870404243469238e+00,1.175870656967163086e+00,1.161592960357666016e+00,1.148003339767456055e+00,1.135070085525512695e+00,1.122763276100158691e+00,1.111055016517639160e+00,1.099920272827148438e+00,1.089334607124328613e+00,1.079276561737060547e+00,1.069725513458251953e+00,1.060662388801574707e+00,1.052069187164306641e+00,1.043929457664489746e+00,1.036228060722351074e+00,1.028950572013854980e+00,1.022083640098571777e+00,1.015615224838256836e+00,1.009533762931823730e+00,1.003828525543212891e+00,9.984897971153259277e-01,9.935087561607360840e-01,9.888767600059509277e-01,9.845863580703735352e-01,9.806304574012756348e-01,9.770026803016662598e-01,9.736969470977783203e-01,9.707083106040954590e-01,9.680320024490356445e-01,9.656636714935302734e-01,9.635997414588928223e-01,9.618369936943054199e-01,9.603726267814636230e-01,9.592043161392211914e-01,9.583306908607482910e-01,9.577500820159912109e-01,9.574615955352783203e-01,9.574648141860961914e-01,9.577597975730895996e-01,9.583469629287719727e-01,9.592270255088806152e-01,9.604017734527587891e-01,9.618727564811706543e-01,9.636421799659729004e-01,9.657128453254699707e-01,9.680879712104797363e-01,9.707710742950439453e-01,9.737665653228759766e-01,9.770795106887817383e-01,9.807145595550537109e-01,9.846776723861694336e-01,9.889757037162780762e-01,9.936153292655944824e-01,9.986040592193603516e-01,1.003950715065002441e+00,1.009664297103881836e+00,1.015754222869873047e+00,1.022231459617614746e+00,1.029107332229614258e+00,1.036393880844116211e+00,1.044104933738708496e+00,1.052254438400268555e+00,1.060858011245727539e+00,1.069931626319885254e+00,1.079493761062622070e+00,1.089563250541687012e+00,1.100160717964172363e+00,1.111307859420776367e+00,1.123029351234436035e+00,1.135349631309509277e+00,1.148297071456909180e+00,1.161901473999023438e+00,1.176194548606872559e+00,1.191211223602294922e+00,1.206988096237182617e+00,1.223566889762878418e+00,1.240990400314331055e+00,1.259306550025939941e+00,1.278566598892211914e+00,1.298827052116394043e+00,1.320148110389709473e+00,1.342596888542175293e+00,1.366648435592651367e+00,1.392027854919433594e+00,1.418883323669433594e+00,1.430472135543823242e+00,1.408940315246582031e+00,1.388463854789733887e+00,1.368985056877136230e+00,1.350450515747070312e+00,1.332812428474426270e+00,1.316024541854858398e+00,1.300045251846313477e+00,1.284835696220397949e+00,1.270361065864562988e+00,1.256587147712707520e+00,1.243483304977416992e+00,1.231021285057067871e+00,1.219174027442932129e+00,1.207916975021362305e+00,1.197227597236633301e+00,1.187084078788757324e+00,1.177466511726379395e+00,1.168356776237487793e+00,1.159737348556518555e+00,1.151592493057250977e+00,1.143907070159912109e+00,1.136667490005493164e+00,1.129861116409301758e+00,1.123475790023803711e+00,1.117500901222229004e+00,1.111926078796386719e+00,1.106741905212402344e+00,1.101940274238586426e+00,1.097512602806091309e+00,1.093452572822570801e+00,1.089752793312072754e+00,1.086407899856567383e+00,1.083412647247314453e+00,1.080761909484863281e+00,1.078451871871948242e+00,1.076479077339172363e+00,1.074840068817138672e+00,1.073532700538635254e+00,1.072554826736450195e+00,1.071905016899108887e+00,1.071582078933715820e+00,esquerda
5.969606399536132812e+00,5.971445560455322266e+00,5.975105762481689453e+00,5.980593681335449219e+00,5.987917900085449219e+00,5.997088432312011719e+00,6.008121013641357422e+00,6.021030426025390625e+00,6.035839080810546875e+00,5.773111820220947266e+00,5.284370899200439453e+00,4.826990127563476562e+00,4.444841384887695312e+00,4.118620395660400391e+00,3.838177204132080078e+00,3.594722032546997070e+00,3.381494998931884766e+00,3.193978309631347656e+00,3.026867866516113281e+00,2.876598834991455078e+00,2.741363286972045898e+00,2.619137287139892578e+00,2.507399320602416992e+00,2.405334234237670898e+00,2.312874078750610352e+00,2.227579355239868164e+00,2.148721933364868164e+00,2.075391292572021484e+00,2.008275270462036133e+00,1.945675134658813477e+00,1.886945128440856934e+00,1.832707285881042480e+00,1.781701564788818359e+00,1.733834147453308105e+00,1.689291238784790039e+00,1.647005319595336914e+00,1.607767939567565918e+00,1.570363163948059082e+00,1.535261034965515137e+00,1.502154469490051270e+00,1.470665574073791504e+00,1.440995216369628906e+00,1.412946820259094238e+00,1.386223435401916504e+00,1.360968589782714844e+00,1.337055921554565430e+00,1.314717054367065430e+00,1.293499946594238281e+00,1.273338317871093750e+00,1.254171729087829590e+00,1.235944390296936035e+00,1.218605279922485352e+00,1.202107071876525879e+00,1.186406254768371582e+00,1.171462655067443848e+00,1.157238483428955078e+00,1.143699884414672852e+00,1.130815148353576660e+00,1.118554472923278809e+00,1.106889963150024414e+00,1.095796942710876465e+00,1.085251092910766602e+00,1.075230717658996582e+00,1.065715551376342773e+00,1.056686401367187500e+00,1.048125386238098145e+00,1.040016174316406250e+00,1.032343745231628418e+00,1.025093436241149902e+00,1.018252253532409668e+00,1.011808037757873535e+00,1.005749344825744629e+00,1.000065684318542480e+00,9.947471022605895996e-01,9.897845983505249023e-01,9.851700067520141602e-01,9.808956980705261230e-01,9.769546985626220703e-01,9.733404517173767090e-01,9.700471758842468262e-01,9.670697450637817383e-01,9.644033908843994141e-01,9.620440006256103516e-01,9.599877595901489258e-01,9.582316875457763672e-01,9.567727446556091309e-01,9.556089043617248535e-01,9.547385573387145996e-01,9.541600346565246582e-01,9.538726210594177246e-01,9.538758397102355957e-01,9.541698098182678223e-01,9.547547101974487305e-01,9.556314945220947266e-01,9.568018913269042969e-01,9.582672715187072754e-01,9.600301384925842285e-01,9.620930552482604980e-01,9.644593000411987305e-01,9.671323895454406738e-01,9.701166152954101562e-01,9.734171032905578613e-01,9.770384430885314941e-01,9.809868335723876953e-01,9.852686524391174316e-01,9.898909330368041992e-01,9.948610663414001465e-01,1.000187635421752930e+00,1.005879640579223633e+00,1.011946797370910645e+00,1.018399834632873535e+00,1.025249958038330078e+00,1.032509207725524902e+00,1.040191411972045898e+00,1.048310160636901855e+00,1.056881546974182129e+00,1.065921187400817871e+00,1.075447678565979004e+00,1.085479378700256348e+00,1.096037149429321289e+00,1.107142448425292969e+00,1.118819832801818848e+00,1.131094217300415039e+00,1.143993020057678223e+00,1.157546520233154297e+00,1.171785950660705566e+00,1.186746239662170410e+00,1.202464103698730469e+00,1.218980789184570312e+00,1.236338973045349121e+00,1.254586458206176758e+00,1.273774504661560059e+00,1.293959021568298340e+00,1.315200090408325195e+00,1.337564706802368164e+00,1.361510634422302246e+00,1.386795639991760254e+00,1.413551688194274902e+00,1.430469870567321777e+00,1.408938050270080566e+00,1.388461589813232422e+00,1.368982911109924316e+00,1.350448489189147949e+00,1.332810282707214355e+00,1.316022396087646484e+00,1.300042986869812012e+00,1.284833550453186035e+00,1.270359039306640625e+00,1.256585121154785156e+00,1.243481278419494629e+00,1.231019258499145508e+00,1.219172000885009766e+00,1.207915067672729492e+00,1.197225689888000488e+00,1.187082171440124512e+00,1.177464723587036133e+00,1.168355107307434082e+00,1.159735441207885742e+00,1.151590704917907715e+00,1.143905282020568848e+00,1.136665701866149902e+00,1.129859447479248047e+00,1.123474001884460449e+00,1.117499232292175293e+00,1.111924290657043457e+00,1.106740355491638184e+00,1.101938486099243164e+00,1.097511053085327148e+00,1.093450903892517090e+00,1.089751124382019043e+00,1.086406230926513672e+00,1.083410859107971191e+00,1.080760240554809570e+00,1.078450083732604980e+00,1.076477408409118652e+00,1.074838399887084961e+00,1.073530912399291992e+00,1.072553038597106934e+00,1.071903347969055176e+00,1.071580290794372559e+00,esquerda
5.969606876373291016e+00,5.971446037292480469e+00,5.975106239318847656e+00,5.980594635009765625e+00,5.987919330596923828e+00,5.997089385986328125e+00,6.008121490478515625e+00,6.021030902862548828e+00,6.035839557647705078e+00,5.759769916534423828e+00,5.264138221740722656e+00,4.808547973632812500e+00,4.427888870239257812e+00,4.102934837341308594e+00,3.823577165603637695e+00,3.581061840057373047e+00,3.368657350540161133e+00,3.181861162185668945e+00,3.015392303466796875e+00,2.865699291229248047e+00,2.730981588363647461e+00,2.609222173690795898e+00,2.497910737991333008e+00,2.396235227584838867e+00,2.304127216339111328e+00,2.219156980514526367e+00,2.140599727630615234e+00,2.067547321319580078e+00,2.000686407089233398e+00,1.938323616981506348e+00,1.879815936088562012e+00,1.825783729553222656e+00,1.774970889091491699e+00,1.727284431457519531e+00,1.682909607887268066e+00,1.640783429145812988e+00,1.601694107055664062e+00,1.564430236816406250e+00,1.529460310935974121e+00,1.496478199958801270e+00,1.465107560157775879e+00,1.435549020767211914e+00,1.407605648040771484e+00,1.380982398986816406e+00,1.355822086334228516e+00,1.332021474838256836e+00,1.309766888618469238e+00,1.288629770278930664e+00,1.268543958663940430e+00,1.249449491500854492e+00,1.231290817260742188e+00,1.214017033576965332e+00,1.197580933570861816e+00,1.181939125061035156e+00,1.167051792144775391e+00,1.152881145477294922e+00,1.139393568038940430e+00,1.126557469367980957e+00,1.114342927932739258e+00,1.102722406387329102e+00,1.091671109199523926e+00,1.081164956092834473e+00,1.071182370185852051e+00,1.061702966690063477e+00,1.052707791328430176e+00,1.044178843498229980e+00,1.036100387573242188e+00,1.028456687927246094e+00,1.021233916282653809e+00,1.014418482780456543e+00,1.007998466491699219e+00,1.001962542533874512e+00,9.963002800941467285e-01,9.910015463829040527e-01,9.860577583312988281e-01,9.814605712890625000e-01,9.772024154663085938e-01,9.732761979103088379e-01,9.696755409240722656e-01,9.663947224617004395e-01,9.634284377098083496e-01,9.607722163200378418e-01,9.584216475486755371e-01,9.563732147216796875e-01,9.546236991882324219e-01,9.531702995300292969e-01,9.520108699798583984e-01,9.511437416076660156e-01,9.505674242973327637e-01,9.502810835838317871e-01,9.502843022346496582e-01,9.505770802497863770e-01,9.511598944664001465e-01,9.520334005355834961e-01,9.531993865966796875e-01,9.546592831611633301e-01,9.564154148101806641e-01,9.584705233573913574e-01,9.608278274536132812e-01,9.634908437728881836e-01,9.664639234542846680e-01,9.697520136833190918e-01,9.733597636222839355e-01,9.772931933403015137e-01,9.815589189529418945e-01,9.861637353897094727e-01,9.911152124404907227e-01,9.964216947555541992e-01,1.002092480659484863e+00,1.008136630058288574e+00,1.014565348625183105e+00,1.021389603614807129e+00,1.028621673583984375e+00,1.036274790763854980e+00,1.044363141059875488e+00,1.052902340888977051e+00,1.061908006668090820e+00,1.071398377418518066e+00,1.081392407417297363e+00,1.091910243034362793e+00,1.102973818778991699e+00,1.114607334136962891e+00,1.126835465431213379e+00,1.139685869216918945e+00,1.153188109397888184e+00,1.167374014854431152e+00,1.182278037071228027e+00,1.197936773300170898e+00,1.214391112327575684e+00,1.231683969497680664e+00,1.249862670898437500e+00,1.268978595733642578e+00,1.289087057113647461e+00,1.310248136520385742e+00,1.332528471946716309e+00,1.356374740600585938e+00,1.381565928459167480e+00,1.408222198486328125e+00,1.430470108985900879e+00,1.408938050270080566e+00,1.388461589813232422e+00,1.368982911109924316e+00,1.350448489189147949e+00,1.332810282707214355e+00,1.316022396087646484e+00,1.300042986869812012e+00,1.284833550453186035e+00,1.270358800888061523e+00,1.256584882736206055e+00,1.243481278419494629e+00,1.231019139289855957e+00,1.219171881675720215e+00,1.207914948463439941e+00,1.197225451469421387e+00,1.187082052230834961e+00,1.177464604377746582e+00,1.168354630470275879e+00,1.159735321998596191e+00,1.151590466499328613e+00,1.143905043601989746e+00,1.136665463447570801e+00,1.129859089851379395e+00,1.123473763465881348e+00,1.117498874664306641e+00,1.111923933029174805e+00,1.106740117073059082e+00,1.101938128471374512e+00,1.097510695457458496e+00,1.093450546264648438e+00,1.089750766754150391e+00,1.086405873298645020e+00,1.083410501480102539e+00,1.080759882926940918e+00,1.078449726104736328e+00,1.076477050781250000e+00,1.074838042259216309e+00,1.073530673980712891e+00,1.072552800178527832e+00,1.071902871131896973e+00,1.071579933166503906e+00,esquerda
5.969606399536132812e+00,5.971445560455322266e+00,5.975105762481689453e+00,5.980593681335449219e+00,5.987918376922607422e+00,5.997088432312011719e+00,6.008121490478515625e+00,6.021031379699707031e+00,6.035839557647705078e+00,5.747743606567382812e+00,5.245787143707275391e+00,4.791664600372314453e+00,4.412249565124511719e+00,4.088369846343994141e+00,3.809944152832031250e+00,3.568244695663452148e+00,3.356560468673706055e+00,3.170402288436889648e+00,3.004504680633544922e+00,2.855327844619750977e+00,2.721076011657714844e+00,2.599739789962768555e+00,2.488816261291503906e+00,2.387495756149291992e+00,2.295710086822509766e+00,2.211038589477539062e+00,2.132757425308227539e+00,2.059962511062622070e+00,1.993337631225585938e+00,1.931195259094238281e+00,1.872894883155822754e+00,1.819054007530212402e+00,1.768421649932861328e+00,1.720904588699340820e+00,1.676687717437744141e+00,1.634711384773254395e+00,1.595761299133300781e+00,1.558629870414733887e+00,1.523784756660461426e+00,1.490920186042785645e+00,1.459661602973937988e+00,1.430208206176757812e+00,1.402364253997802734e+00,1.375836253166198730e+00,1.350765466690063477e+00,1.326989531517028809e+00,1.304818987846374512e+00,1.283761382102966309e+00,1.263751626014709473e+00,1.244729280471801758e+00,1.226639151573181152e+00,1.209430694580078125e+00,1.193056702613830566e+00,1.177474021911621094e+00,1.162642955780029297e+00,1.148525834083557129e+00,1.135089159011840820e+00,1.122301340103149414e+00,1.110133051872253418e+00,1.098556399345397949e+00,1.087546944618225098e+00,1.077080368995666504e+00,1.067135572433471680e+00,1.057691931724548340e+00,1.048730731010437012e+00,1.040234088897705078e+00,1.032186031341552734e+00,1.024571299552917480e+00,1.017375707626342773e+00,1.010585904121398926e+00,1.004190206527709961e+00,9.981772303581237793e-01,9.925362467765808105e-01,9.872575998306274414e-01,9.823324680328369141e-01,9.777526855468750000e-01,9.735105037689208984e-01,9.695991277694702148e-01,9.660121798515319824e-01,9.627436995506286621e-01,9.597886204719543457e-01,9.571423530578613281e-01,9.548007845878601074e-01,9.527600407600402832e-01,9.510170221328735352e-01,9.495691061019897461e-01,9.484140872955322266e-01,9.475502967834472656e-01,9.469761252403259277e-01,9.466909170150756836e-01,9.466940760612487793e-01,9.469856619834899902e-01,9.475662708282470703e-01,9.484364986419677734e-01,9.495980143547058105e-01,9.510523676872253418e-01,9.528019428253173828e-01,9.548493623733520508e-01,9.571977853775024414e-01,9.598507285118103027e-01,9.628124833106994629e-01,9.660881161689758301e-01,9.696822166442871094e-01,9.736009240150451660e-01,9.778504967689514160e-01,9.824379682540893555e-01,9.873706102371215820e-01,9.926570653915405273e-01,9.983063340187072754e-01,1.004327774047851562e+00,1.010732173919677734e+00,1.017530679702758789e+00,1.024735331535339355e+00,1.032359600067138672e+00,1.040417432785034180e+00,1.048924207687377930e+00,1.057895660400390625e+00,1.067350387573242188e+00,1.077306628227233887e+00,1.087784767150878906e+00,1.098806500434875488e+00,1.110396146774291992e+00,1.122578024864196777e+00,1.135379791259765625e+00,1.148831009864807129e+00,1.162963509559631348e+00,1.177811145782470703e+00,1.193410515785217285e+00,1.209802865982055664e+00,1.227030396461486816e+00,1.245140314102172852e+00,1.264183759689331055e+00,1.284216403961181641e+00,1.305297613143920898e+00,1.327493786811828613e+00,1.351238250732421875e+00,1.376335382461547852e+00,1.402891993522644043e+00,1.427492737770080566e+00,1.408937573432922363e+00,1.388461232185363770e+00,1.368982434272766113e+00,1.350448012351989746e+00,1.332809925079345703e+00,1.316021919250488281e+00,1.300042748451232910e+00,1.284833312034606934e+00,1.270358562469482422e+00,1.256584763526916504e+00,1.243480920791625977e+00,1.231018781661987305e+00,1.219171762466430664e+00,1.207914590835571289e+00,1.197225332260131836e+00,1.187081813812255859e+00,1.177464246749877930e+00,1.168354630470275879e+00,1.159735202789306641e+00,1.151590228080749512e+00,1.143904924392700195e+00,1.136665344238281250e+00,1.129859089851379395e+00,1.123473644256591797e+00,1.117498874664306641e+00,1.111923933029174805e+00,1.106739997863769531e+00,1.101938128471374512e+00,1.097510695457458496e+00,1.093450546264648438e+00,1.089750766754150391e+00,1.086405873298645020e+00,1.083410501480102539e+00,1.080759882926940918e+00,1.078449726104736328e+00,1.076477050781250000e+00,1.074838042259216309e+00,1.073530673980712891e+00,1.072552800178527832e+00,1.071902990341186523e+00,1.071579933166503906e+00,esquerda
5.969607353210449219e+00,5.971446514129638672e+00,5.975106239318847656e+00,5.980594158172607422e+00,5.987918853759765625e+00,5.997088909149169922e+00,6.008121967315673828e+00,6.021031856536865234e+00,6.035840511322021484e+00,5.734400749206542969e+00,5.225553512573242188e+00,4.773222923278808594e+00,4.395297050476074219e+00,4.072684288024902344e+00,3.795344591140747070e+00,3.554586172103881836e+00,3.343723535537719727e+00,3.158286571502685547e+00,2.993030786514282227e+00,2.844429731369018555e+00,2.710695505142211914e+00,2.589826107025146484e+00,2.479329347610473633e+00,2.378398180007934570e+00,2.286964893341064453e+00,2.202617645263671875e+00,2.124636650085449219e+00,2.052120208740234375e+00,1.985749840736389160e+00,1.923844933509826660e+00,1.865767002105712891e+00,1.812131643295288086e+00,1.761692166328430176e+00,1.714355945587158203e+00,1.670307517051696777e+00,1.628490924835205078e+00,1.589688658714294434e+00,1.552698254585266113e+00,1.517985224723815918e+00,1.485245227813720703e+00,1.454105019569396973e+00,1.424762725830078125e+00,1.397024393081665039e+00,1.370596408843994141e+00,1.345620155334472656e+00,1.321957826614379883e+00,1.299871206283569336e+00,1.278893709182739258e+00,1.258959770202636719e+00,1.240009546279907227e+00,1.221988081932067871e+00,1.204844832420349121e+00,1.188532948493957520e+00,1.173009395599365234e+00,1.158234596252441406e+00,1.144170999526977539e+00,1.130785107612609863e+00,1.118046045303344727e+00,1.105923771858215332e+00,1.094391226768493652e+00,1.083423256874084473e+00,1.072996497154235840e+00,1.063089370727539062e+00,1.053681612014770508e+00,1.044754385948181152e+00,1.036289930343627930e+00,1.028272509574890137e+00,1.020686626434326172e+00,1.013518214225769043e+00,1.006754279136657715e+00,1.000382781028747559e+00,9.943926334381103516e-01,9.887729287147521973e-01,9.835144281387329102e-01,9.786079525947570801e-01,9.740454554557800293e-01,9.698193669319152832e-01,9.659228324890136719e-01,9.623494744300842285e-01,9.590933918952941895e-01,9.561495780944824219e-01,9.535133838653564453e-01,9.511806368827819824e-01,9.491475820541381836e-01,9.474112987518310547e-01,9.459689259529113770e-01,9.448181986808776855e-01,9.439576864242553711e-01,9.433856606483459473e-01,9.431015849113464355e-01,9.431048035621643066e-01,9.433953166007995605e-01,9.439736604690551758e-01,9.448406100273132324e-01,9.459977149963378906e-01,9.474466443061828613e-01,9.491895437240600586e-01,9.512290954589843750e-01,9.535686373710632324e-01,9.562115669250488281e-01,9.591621756553649902e-01,9.624254107475280762e-01,9.660058021545410156e-01,9.699096083641052246e-01,9.741430878639221191e-01,9.787131547927856445e-01,9.836270809173583984e-01,9.888935685157775879e-01,9.945213198661804199e-01,1.000519990921020508e+00,1.006900072097778320e+00,1.013672947883605957e+00,1.020850300788879395e+00,1.028445482254028320e+00,1.036472916603088379e+00,1.044947504997253418e+00,1.053885102272033691e+00,1.063303828239440918e+00,1.073222279548645020e+00,1.083660721778869629e+00,1.094640731811523438e+00,1.106186270713806152e+00,1.118322014808654785e+00,1.131075263023376465e+00,1.144475579261779785e+00,1.158554315567016602e+00,1.173345804214477539e+00,1.188886046409606934e+00,1.205216288566589355e+00,1.222378492355346680e+00,1.240419745445251465e+00,1.259391188621520996e+00,1.279347777366638184e+00,1.300348997116088867e+00,1.322461009025573730e+00,1.346101641654968262e+00,1.371104836463928223e+00,1.397561788558959961e+00,1.422770500183105469e+00,1.408936738967895508e+00,1.388460397720336914e+00,1.368981719017028809e+00,1.350447177886962891e+00,1.332809090614318848e+00,1.316021084785461426e+00,1.300041913986206055e+00,1.284832477569580078e+00,1.270357728004455566e+00,1.256583929061889648e+00,1.243480086326599121e+00,1.231017947196960449e+00,1.219170928001403809e+00,1.207913875579833984e+00,1.197224497795104980e+00,1.187080979347229004e+00,1.177463650703430176e+00,1.168353796005249023e+00,1.159734368324279785e+00,1.151589512825012207e+00,1.143904089927673340e+00,1.136664509773254395e+00,1.129858255386352539e+00,1.123473048210144043e+00,1.117498159408569336e+00,1.111923217773437500e+00,1.106739282608032227e+00,1.101937532424926758e+00,1.097509860992431641e+00,1.093449711799621582e+00,1.089750051498413086e+00,1.086405158042907715e+00,1.083409786224365234e+00,1.080759167671203613e+00,1.078449130058288574e+00,1.076476335525512695e+00,1.074837327003479004e+00,1.073529958724975586e+00,1.072552084922790527e+00,1.071902394294738770e+00,1.071579337120056152e+00,esquerda
5.969609260559082031e+00,5.971448421478271484e+00,5.975108623504638672e+00,5.980597019195556641e+00,5.987921237945556641e+00,5.997091293334960938e+00,6.008123874664306641e+00,6.021032810211181641e+00,6.035841941833496094e+00,5.721048831939697266e+00,5.205308437347412109e+00,4.754772663116455078e+00,4.378340244293212891e+00,4.056997776031494141e+00,3.780746459960937500e+00,3.540926933288574219e+00,3.330886363983154297e+00,3.146170377731323242e+00,2.981555938720703125e+00,2.833530426025390625e+00,2.700314044952392578e+00,2.579911947250366211e+00,2.469841241836547852e+00,2.369299650192260742e+00,2.278218507766723633e+00,2.194195747375488281e+00,2.116514205932617188e+00,2.044276475906372070e+00,1.978160977363586426e+00,1.916493415832519531e+00,1.858638048171997070e+00,1.805207848548889160e+00,1.754961490631103516e+00,1.707806229591369629e+00,1.663925886154174805e+00,1.622268795967102051e+00,1.583614587783813477e+00,1.546765208244323730e+00,1.512184381484985352e+00,1.479569077491760254e+00,1.448547005653381348e+00,1.419316530227661133e+00,1.391683220863342285e+00,1.365355372428894043e+00,1.340473651885986328e+00,1.316925883293151855e+00,1.294923305511474609e+00,1.274025678634643555e+00,1.254167675971984863e+00,1.235289573669433594e+00,1.217336535453796387e+00,1.200258612632751465e+00,1.184008836746215820e+00,1.168544411659240723e+00,1.153825759887695312e+00,1.139815688133239746e+00,1.126480937004089355e+00,1.113790154457092285e+00,1.101714134216308594e+00,1.090225338935852051e+00,1.079299330711364746e+00,1.068912148475646973e+00,1.059042811393737793e+00,1.049670696258544922e+00,1.040777564048767090e+00,1.032345414161682129e+00,1.024358391761779785e+00,1.016801238059997559e+00,1.009660363197326660e+00,1.002922058105468750e+00,9.965748786926269531e-01,9.906074404716491699e-01,9.850093126296997070e-01,9.797706604003906250e-01,9.748829603195190430e-01,9.703378677368164062e-01,9.661278128623962402e-01,9.622461795806884766e-01,9.586862921714782715e-01,9.554426670074462891e-01,9.525100588798522949e-01,9.498838782310485840e-01,9.475599527359008789e-01,9.455347061157226562e-01,9.438049793243408203e-01,9.423680901527404785e-01,9.412217736244201660e-01,9.403644800186157227e-01,9.397947788238525391e-01,9.395117163658142090e-01,9.395148754119873047e-01,9.398043155670166016e-01,9.403805136680603027e-01,9.412440657615661621e-01,9.423968195915222168e-01,9.438402056694030762e-01,9.455764889717102051e-01,9.476083517074584961e-01,9.499389529228210449e-01,9.525718092918395996e-01,9.555111527442932129e-01,9.587619304656982422e-01,9.623287916183471680e-01,9.662176966667175293e-01,9.704350829124450684e-01,9.749877452850341797e-01,9.798830151557922363e-01,9.851295351982116699e-01,9.907357096672058105e-01,9.967115521430969238e-01,1.003067374229431152e+00,1.009814500808715820e+00,1.016964435577392578e+00,1.024530887603759766e+00,1.032527565956115723e+00,1.040969967842102051e+00,1.049873471260070801e+00,1.059256315231323242e+00,1.069137096405029297e+00,1.079535841941833496e+00,1.090474009513854980e+00,1.101975679397583008e+00,1.114065289497375488e+00,1.126769900321960449e+00,1.140119314193725586e+00,1.154144406318664551e+00,1.168879389762878418e+00,1.184360623359680176e+00,1.200628638267517090e+00,1.217725634574890137e+00,1.235698223114013672e+00,1.254597306251525879e+00,1.274478077888488770e+00,1.295399308204650879e+00,1.317427158355712891e+00,1.341035485267639160e+00,1.365946412086486816e+00,1.392305850982666016e+00,1.418114662170410156e+00,1.408935427665710449e+00,1.388458967208862305e+00,1.368980407714843750e+00,1.350445866584777832e+00,1.332807779312133789e+00,1.316019892692565918e+00,1.300040602684020996e+00,1.284831166267395020e+00,1.270356416702270508e+00,1.256582617759704590e+00,1.243479013442993164e+00,1.231016755104064941e+00,1.219169616699218750e+00,1.207912802696228027e+00,1.197223305702209473e+00,1.187079787254333496e+00,1.177462458610534668e+00,1.168352484703063965e+00,1.159733176231384277e+00,1.151588201522827148e+00,1.143902897834777832e+00,1.136663317680358887e+00,1.129856944084167480e+00,1.123471736907958984e+00,1.117496728897094727e+00,1.111921906471252441e+00,1.106737852096557617e+00,1.101936101913452148e+00,1.097508549690246582e+00,1.093448400497436523e+00,1.089748740196228027e+00,1.086403846740722656e+00,1.083408474922180176e+00,1.080757737159729004e+00,1.078447699546813965e+00,1.076475024223327637e+00,1.074835896492004395e+00,1.073528528213500977e+00,1.072550654411315918e+00,1.071900844573974609e+00,1.071577906608581543e+00,esquerda
5.969609737396240234e+00,5.971448898315429688e+00,5.975109100341796875e+00,5.980597496032714844e+00,5.987921714782714844e+00,5.997091770172119141e+00,6.008124351501464844e+00,6.021033763885498047e+00,6.035842418670654297e+00,5.708094120025634766e+00,5.185565948486328125e+00,4.736645221710205078e+00,4.361574649810791016e+00,4.041404724121093750e+00,3.766167640686035156e+00,3.527271747589111328e+00,3.318052291870117188e+00,3.134056806564331055e+00,2.970083713531494141e+00,2.822634458541870117e+00,2.689935207366943359e+00,2.570000171661376953e+00,2.460355997085571289e+00,2.360203027725219727e+00,2.269473791122436523e+00,2.185775995254516602e+00,2.108394145965576172e+00,2.036434888839721680e+00,1.970574021339416504e+00,1.909143686294555664e+00,1.851510882377624512e+00,1.798285841941833496e+00,1.748232364654541016e+00,1.701258063316345215e+00,1.657545924186706543e+00,1.616048693656921387e+00,1.577542304992675781e+00,1.540833950042724609e+00,1.506385207176208496e+00,1.473894357681274414e+00,1.442990779876708984e+00,1.413871407508850098e+00,1.386343359947204590e+00,1.360115647315979004e+00,1.335328459739685059e+00,1.311893224716186523e+00,1.289974808692932129e+00,1.269157052040100098e+00,1.249374866485595703e+00,1.230568766593933105e+00,1.212684512138366699e+00,1.195671796798706055e+00,1.179484128952026367e+00,1.164078712463378906e+00,1.149416208267211914e+00,1.135459899902343750e+00,1.122176051139831543e+00,1.109533667564392090e+00,1.097503900527954102e+00,1.086058855056762695e+00,1.075174689292907715e+00,1.064827322959899902e+00,1.054995536804199219e+00,1.045659303665161133e+00,1.036800026893615723e+00,1.028400063514709473e+00,1.020443677902221680e+00,1.012915492057800293e+00,1.005801796913146973e+00,9.990892410278320312e-01,9.927662611007690430e-01,9.868217110633850098e-01,9.812449216842651367e-01,9.760262370109558105e-01,9.711573123931884766e-01,9.666294455528259277e-01,9.624356627464294434e-01,9.585686922073364258e-01,9.550225138664245605e-01,9.517912268638610840e-01,9.488698244094848633e-01,9.462537169456481934e-01,9.439386725425720215e-01,9.419211745262145996e-01,9.401980042457580566e-01,9.387665390968322754e-01,9.376246929168701172e-01,9.367706775665283203e-01,9.362031221389770508e-01,9.359210729598999023e-01,9.359242320060729980e-01,9.362125396728515625e-01,9.367865324020385742e-01,9.376468658447265625e-01,9.387952089309692383e-01,9.402330517768859863e-01,9.419626593589782715e-01,9.439867734909057617e-01,9.463083744049072266e-01,9.489312171936035156e-01,9.518593549728393555e-01,9.550977349281311035e-01,9.586508870124816895e-01,9.625248908996582031e-01,9.667262434959411621e-01,9.712614417076110840e-01,9.761380553245544434e-01,9.813643693923950195e-01,9.869493246078491211e-01,9.929023385047912598e-01,9.992339015007019043e-01,1.005955100059509277e+00,1.013077735900878906e+00,1.020615220069885254e+00,1.028581380844116211e+00,1.036991477012634277e+00,1.045861005783081055e+00,1.055207967758178711e+00,1.065050959587097168e+00,1.075410008430480957e+00,1.086306452751159668e+00,1.097763895988464355e+00,1.109807252883911133e+00,1.122463464736938477e+00,1.135761737823486328e+00,1.149733304977416992e+00,1.164412021636962891e+00,1.179834127426147461e+00,1.196039795875549316e+00,1.213071346282958984e+00,1.230975389480590820e+00,1.249802350997924805e+00,1.269606947898864746e+00,1.290448188781738281e+00,1.312391877174377441e+00,1.335898160934448242e+00,1.360715150833129883e+00,1.386974811553955078e+00,1.413391470909118652e+00,1.408933401107788086e+00,1.388457059860229492e+00,1.368978261947631836e+00,1.350443959236145020e+00,1.332805871963500977e+00,1.316017866134643555e+00,1.300038576126098633e+00,1.284829258918762207e+00,1.270354628562927246e+00,1.256580710411071777e+00,1.243476986885070801e+00,1.231014847755432129e+00,1.219167828559875488e+00,1.207910895347595215e+00,1.197221398353576660e+00,1.187077999114990234e+00,1.177460432052612305e+00,1.168350815773010254e+00,1.159731507301330566e+00,1.151586532592773438e+00,1.143901109695434570e+00,1.136661529541015625e+00,1.129855155944824219e+00,1.123470067977905273e+00,1.117495179176330566e+00,1.111920356750488281e+00,1.106736183166503906e+00,1.101934552192687988e+00,1.097506880760192871e+00,1.093446969985961914e+00,1.089747071266174316e+00,1.086402297019958496e+00,1.083406925201416016e+00,1.080756068229675293e+00,1.078446149826049805e+00,1.076473474502563477e+00,1.074834465980529785e+00,1.073526978492736816e+00,1.072549104690551758e+00,1.071899294853210449e+00,1.071576356887817383e+00,esquerda
5.969609260559082031e+00,5.971448421478271484e+00,5.975108146667480469e+00,5.980596542358398438e+00,5.987920761108398438e+00,5.997091293334960938e+00,6.008123874664306641e+00,6.021034240722656250e+00,6.035842418670654297e+00,5.695706844329833984e+00,5.166765213012695312e+00,4.719484329223632812e+00,4.345782279968261719e+00,4.026778697967529297e+00,3.752543210983276367e+00,3.514477491378784180e+00,3.305975437164306641e+00,3.122616291046142578e+00,2.959212303161621094e+00,2.812277078628540039e+00,2.680042743682861328e+00,2.560529232025146484e+00,2.451271772384643555e+00,2.351473331451416016e+00,2.261065721511840820e+00,2.177665472030639648e+00,2.100559234619140625e+00,2.028856754302978516e+00,1.963231563568115234e+00,1.902021527290344238e+00,1.844595193862915039e+00,1.791561603546142578e+00,1.741688132286071777e+00,1.694882988929748535e+00,1.651328325271606445e+00,1.609980583190917969e+00,1.571613073348999023e+00,1.535037279129028320e+00,1.500712990760803223e+00,1.468339443206787109e+00,1.437547326087951660e+00,1.408533334732055664e+00,1.381104826927185059e+00,1.354971647262573242e+00,1.330274105072021484e+00,1.306860089302062988e+00,1.285025835037231445e+00,1.264287710189819336e+00,1.244581460952758789e+00,1.225847840309143066e+00,1.208031892776489258e+00,1.191084504127502441e+00,1.174958825111389160e+00,1.159612655639648438e+00,1.145006537437438965e+00,1.131103515625000000e+00,1.117870688438415527e+00,1.105276942253112793e+00,1.093293190002441406e+00,1.081892132759094238e+00,1.071049690246582031e+00,1.060742020606994629e+00,1.050947904586791992e+00,1.041647434234619141e+00,1.032822370529174805e+00,1.024454593658447266e+00,1.016528725624084473e+00,1.009029388427734375e+00,1.001942873001098633e+00,9.952562451362609863e-01,9.889575242996215820e-01,9.830356240272521973e-01,9.774802327156066895e-01,9.722816944122314453e-01,9.674313068389892578e-01,9.629209637641906738e-01,9.587430953979492188e-01,9.548910856246948242e-01,9.513584971427917480e-01,9.481396079063415527e-01,9.452294707298278809e-01,9.426233768463134766e-01,9.403171539306640625e-01,9.383073449134826660e-01,9.365908503532409668e-01,9.351649880409240723e-01,9.340274333953857422e-01,9.331767559051513672e-01,9.326113462448120117e-01,9.323304295539855957e-01,9.323335886001586914e-01,9.326207637786865234e-01,9.331924915313720703e-01,9.340495467185974121e-01,9.351934194564819336e-01,9.366257786750793457e-01,9.383487105369567871e-01,9.403650760650634766e-01,9.426778554916381836e-01,9.452906250953674316e-01,9.482074379920959473e-01,9.514334201812744141e-01,9.549729824066162109e-01,9.588322043418884277e-01,9.630173444747924805e-01,9.675350785255432129e-01,9.723930954933166504e-01,9.775992631912231445e-01,9.831628799438476562e-01,9.890930056571960449e-01,9.954001903533935547e-01,1.002095699310302734e+00,1.009191036224365234e+00,1.016699671745300293e+00,1.024635195732116699e+00,1.033012986183166504e+00,1.041848421096801758e+00,1.051159501075744629e+00,1.060964822769165039e+00,1.071284055709838867e+00,1.082138657569885254e+00,1.093552231788635254e+00,1.105549454689025879e+00,1.118156909942626953e+00,1.131404399871826172e+00,1.145322203636169434e+00,1.159944653511047363e+00,1.175307512283325195e+00,1.191451191902160645e+00,1.208417415618896484e+00,1.226252555847167969e+00,1.245007395744323730e+00,1.264736056327819824e+00,1.285497307777404785e+00,1.307356834411621094e+00,1.330785393714904785e+00,1.355511546134948730e+00,1.381675362586975098e+00,1.408699154853820801e+00,1.408933997154235840e+00,1.388457775115966797e+00,1.368978977203369141e+00,1.350444555282592773e+00,1.332806587219238281e+00,1.316018581390380859e+00,1.300039410591125488e+00,1.284829974174499512e+00,1.270355343818664551e+00,1.256581544876098633e+00,1.243477821350097656e+00,1.231015682220458984e+00,1.219168663024902344e+00,1.207911729812622070e+00,1.197222232818603516e+00,1.187078714370727539e+00,1.177461504936218262e+00,1.168351531028747559e+00,1.159732222557067871e+00,1.151587367057800293e+00,1.143902063369750977e+00,1.136662483215332031e+00,1.129856109619140625e+00,1.123471021652221680e+00,1.117495894432067871e+00,1.111921191215515137e+00,1.106737017631530762e+00,1.101935386657714844e+00,1.097507715225219727e+00,1.093447685241699219e+00,1.089747905731201172e+00,1.086403012275695801e+00,1.083407759666442871e+00,1.080757021903991699e+00,1.078446984291076660e+00,1.076474308967590332e+00,1.074835300445556641e+00,1.073527932167053223e+00,1.072550058364868164e+00,1.071900367736816406e+00,1.071577310562133789e+00,esquerda
5.969611167907714844e+00,5.971450328826904297e+00,5.975110530853271484e+00,5.980598926544189453e+00,5.987923145294189453e+00,5.997094154357910156e+00,6.008125782012939453e+00,6.021035194396972656e+00,6.035843849182128906e+00,5.682335853576660156e+00,5.146487236022949219e+00,4.701001167297363281e+00,4.328792095184326172e+00,4.011058330535888672e+00,3.737910747528076172e+00,3.500789880752563477e+00,3.293113470077514648e+00,3.110477924346923828e+00,2.947717666625976562e+00,2.801360368728637695e+00,2.669645547866821289e+00,2.550600767135620117e+00,2.441771030426025391e+00,2.342362880706787109e+00,2.252308845520019531e+00,2.169233798980712891e+00,2.092428207397460938e+00,2.021005153656005859e+00,1.955635070800781250e+00,1.894662857055664062e+00,1.837460041046142578e+00,1.784632086753845215e+00,1.734952092170715332e+00,1.688328146934509277e+00,1.644941926002502441e+00,1.603753924369812012e+00,1.565535068511962891e+00,1.529100298881530762e+00,1.494908571243286133e+00,1.462659835815429688e+00,1.431986331939697266e+00,1.403084158897399902e+00,1.375761032104492188e+00,1.349728226661682129e+00,1.325125217437744141e+00,1.301828145980834961e+00,1.280077934265136719e+00,1.259419918060302734e+00,1.239789366722106934e+00,1.221127867698669434e+00,1.203380703926086426e+00,1.186498403549194336e+00,1.170434832572937012e+00,1.155147790908813477e+00,1.140597939491271973e+00,1.126748442649841309e+00,1.113566517829895020e+00,1.101021289825439453e+00,1.089083671569824219e+00,1.077726483345031738e+00,1.066925883293151855e+00,1.056657791137695312e+00,1.046901464462280273e+00,1.037636995315551758e+00,1.028845667839050293e+00,1.020510077476501465e+00,1.012614727020263672e+00,1.005144238471984863e+00,9.980850815773010254e-01,9.914241433143615723e-01,9.851498007774353027e-01,9.792506694793701172e-01,9.737166762351989746e-01,9.685381054878234863e-01,9.637064337730407715e-01,9.592133760452270508e-01,9.550516009330749512e-01,9.512144327163696289e-01,9.476954340934753418e-01,9.444889426231384277e-01,9.415899515151977539e-01,9.389939904212951660e-01,9.366966485977172852e-01,9.346945881843566895e-01,9.329847693443298340e-01,9.315643310546875000e-01,9.304311275482177734e-01,9.295836687088012695e-01,9.290204644203186035e-01,9.287406206130981445e-01,9.287437200546264648e-01,9.290298223495483398e-01,9.295994639396667480e-01,9.304531812667846680e-01,9.315926432609558105e-01,9.330193996429443359e-01,9.347358345985412598e-01,9.367443919181823730e-01,9.390482306480407715e-01,9.416508674621582031e-01,9.445565938949584961e-01,9.477701187133789062e-01,9.512959718704223633e-01,9.551403522491455078e-01,9.593094587326049805e-01,9.638098478317260742e-01,9.686489701271057129e-01,9.738353490829467773e-01,9.793773889541625977e-01,9.852846860885620117e-01,9.915676116943359375e-01,9.982372522354125977e-01,1.005305290222167969e+00,1.012785077095031738e+00,1.020689964294433594e+00,1.029035568237304688e+00,1.037837028503417969e+00,1.047112345695495605e+00,1.056879758834838867e+00,1.067159295082092285e+00,1.077972054481506348e+00,1.089341878890991211e+00,1.101292848587036133e+00,1.113851666450500488e+00,1.127048134803771973e+00,1.140912413597106934e+00,1.155478477478027344e+00,1.170782327651977539e+00,1.186863780021667480e+00,1.203764557838439941e+00,1.221531271934509277e+00,1.240213632583618164e+00,1.259866476058959961e+00,1.280547857284545898e+00,1.302323102951049805e+00,1.325647950172424316e+00,1.350279927253723145e+00,1.376343965530395508e+00,1.403700351715087891e+00,1.408701658248901367e+00,1.388455748558044434e+00,1.368976831436157227e+00,1.350442409515380859e+00,1.332804560661315918e+00,1.316016674041748047e+00,1.300037384033203125e+00,1.284827947616577148e+00,1.270353317260742188e+00,1.256579637527465820e+00,1.243475794792175293e+00,1.231013774871826172e+00,1.219166755676269531e+00,1.207909822463989258e+00,1.197220444679260254e+00,1.187076926231384277e+00,1.177459716796875000e+00,1.168349742889404297e+00,1.159730434417724609e+00,1.151585578918457031e+00,1.143900275230407715e+00,1.136660814285278320e+00,1.129854321479797363e+00,1.123469352722167969e+00,1.117494106292724609e+00,1.111919522285461426e+00,1.106735348701477051e+00,1.101933717727661133e+00,1.097506046295166016e+00,1.093446135520935059e+00,1.089746236801147461e+00,1.086401343345642090e+00,1.083406090736389160e+00,1.080755352973937988e+00,1.078445434570312500e+00,1.076472640037536621e+00,1.074833631515502930e+00,1.073526263236999512e+00,1.072548389434814453e+00,1.071898698806762695e+00,1.071575641632080078e+00,esquerda
5.969611644744873047e+00,5.971450805664062500e+00,5.975111007690429688e+00,5.980599403381347656e+00,5.987924098968505859e+00,5.997094631195068359e+00,6.008126258850097656e+00,6.021035671234130859e+00,6.027933597564697266e+00,5.663939952850341797e+00,5.126266479492187500e+00,4.682568073272705078e+00,4.311847209930419922e+00,3.995379447937011719e+00,3.723317146301269531e+00,3.487135171890258789e+00,3.280280113220214844e+00,3.098365068435668945e+00,2.936245918273925781e+00,2.790464401245117188e+00,2.659266710281372070e+00,2.540688991546630859e+00,2.432285785675048828e+00,2.333266496658325195e+00,2.243564128875732422e+00,2.160813808441162109e+00,2.084308147430419922e+00,2.013163328170776367e+00,1.948047876358032227e+00,1.887313008308410645e+00,1.830332398414611816e+00,1.777709841728210449e+00,1.728222608566284180e+00,1.681779861450195312e+00,1.638561844825744629e+00,1.597533583641052246e+00,1.559462308883666992e+00,1.523168683052062988e+00,1.489108681678771973e+00,1.456984639167785645e+00,1.426429629325866699e+00,1.397638559341430664e+00,1.370420813560485840e+00,1.344488143920898438e+00,1.319979786872863770e+00,1.296795010566711426e+00,1.275128960609436035e+00,1.254550695419311523e+00,1.234996199607849121e+00,1.216406583786010742e+00,1.198728203773498535e+00,1.181911230087280273e+00,1.165909886360168457e+00,1.150681734085083008e+00,1.136188030242919922e+00,1.122392177581787109e+00,1.109261274337768555e+00,1.096764564514160156e+00,1.084873080253601074e+00,1.073559761047363281e+00,1.062800884246826172e+00,1.052572488784790039e+00,1.042853951454162598e+00,1.033625125885009766e+00,1.024868011474609375e+00,1.016564607620239258e+00,1.008699774742126465e+00,1.001258254051208496e+00,9.942263960838317871e-01,9.875911474227905273e-01,9.813410043716430664e-01,9.754647016525268555e-01,9.699521064758300781e-01,9.647935032844543457e-01,9.599805474281311035e-01,9.555049538612365723e-01,9.513592123985290527e-01,9.475369453430175781e-01,9.440314769744873047e-01,9.408373832702636719e-01,9.379495978355407715e-01,9.353635907173156738e-01,9.330752491950988770e-01,9.310809373855590820e-01,9.293776750564575195e-01,9.279627203941345215e-01,9.268339276313781738e-01,9.259896874427795410e-01,9.254286289215087891e-01,9.251499176025390625e-01,9.251530766487121582e-01,9.254380464553833008e-01,9.260054826736450195e-01,9.268559217453002930e-01,9.279909729957580566e-01,9.294122457504272461e-01,9.311219453811645508e-01,9.331227540969848633e-01,9.354177713394165039e-01,9.380103349685668945e-01,9.409047961235046387e-01,9.441058635711669922e-01,9.476182460784912109e-01,9.514476060867309570e-01,9.556005597114562988e-01,9.600835442543029785e-01,9.649040699005126953e-01,9.700703620910644531e-01,9.755909442901611328e-01,9.814753532409667969e-01,9.877340197563171387e-01,9.943778514862060547e-01,1.001418590545654297e+00,1.008869409561157227e+00,1.016743898391723633e+00,1.025057077407836914e+00,1.033824443817138672e+00,1.043063998222351074e+00,1.052793741226196289e+00,1.063033461570739746e+00,1.073804497718811035e+00,1.085130333900451660e+00,1.097034931182861328e+00,1.109545469284057617e+00,1.122690677642822266e+00,1.136501431465148926e+00,1.151011347770690918e+00,1.166255712509155273e+00,1.182275056838989258e+00,1.199110746383666992e+00,1.216808557510375977e+00,1.235418915748596191e+00,1.254995465278625488e+00,1.275596976280212402e+00,1.297288179397583008e+00,1.320509910583496094e+00,1.345047950744628906e+00,1.371012330055236816e+00,1.398264169692993164e+00,1.408105611801147461e+00,1.388455510139465332e+00,1.368976712226867676e+00,1.350442409515380859e+00,1.332804441452026367e+00,1.316016316413879395e+00,1.300037264823913574e+00,1.284827709197998047e+00,1.270353198051452637e+00,1.256579399108886719e+00,1.243475675582885742e+00,1.231013655662536621e+00,1.219166517257690430e+00,1.207909584045410156e+00,1.197220087051391602e+00,1.187076687812805176e+00,1.177459120750427246e+00,1.168349504470825195e+00,1.159730195999145508e+00,1.151585340499877930e+00,1.143899798393249512e+00,1.136660218238830566e+00,1.129853963851928711e+00,1.123468756675720215e+00,1.117493867874145508e+00,1.111919045448303223e+00,1.106734871864318848e+00,1.101933240890502930e+00,1.097505688667297363e+00,1.093445539474487305e+00,1.089745759963989258e+00,1.086400866508483887e+00,1.083405613899230957e+00,1.080754876136779785e+00,1.078444957733154297e+00,1.076472282409667969e+00,1.074833154678344727e+00,1.073525786399841309e+00,1.072547912597656250e+00,1.071898102760314941e+00,1.071575164794921875e+00,esquerda
5.969611167907714844e+00,5.971450328826904297e+00,5.975110530853271484e+00,5.980598449707031250e+00,5.987923145294189453e+00,5.997093200683593750e+00,6.008126258850097656e+00,6.021036624908447266e+00,6.014269351959228516e+00,5.642213821411132812e+00,5.106488227844238281e+00,4.664414882659912109e+00,4.295063018798828125e+00,3.979772567749023438e+00,3.708732843399047852e+00,3.473482608795166016e+00,3.267448425292968750e+00,3.086253881454467773e+00,2.924776077270507812e+00,2.779569625854492188e+00,2.648889064788818359e+00,2.530778169631958008e+00,2.422801256179809570e+00,2.324171066284179688e+00,2.234820365905761719e+00,2.152394533157348633e+00,2.076188325881958008e+00,2.005321979522705078e+00,1.940461397171020508e+00,1.879963517189025879e+00,1.823205232620239258e+00,1.770787954330444336e+00,1.721493482589721680e+00,1.675231456756591797e+00,1.632181882858276367e+00,1.591313123703002930e+00,1.553389787673950195e+00,1.517236948013305664e+00,1.483309388160705566e+00,1.451309680938720703e+00,1.420873045921325684e+00,1.392193436622619629e+00,1.365080714225769043e+00,1.339248180389404297e+00,1.314834237098693848e+00,1.291764140129089355e+00,1.270182013511657715e+00,1.249683618545532227e+00,1.230204939842224121e+00,1.211687564849853516e+00,1.194077730178833008e+00,1.177325963973999023e+00,1.161386609077453613e+00,1.146217703819274902e+00,1.131780266761779785e+00,1.118037939071655273e+00,1.104957938194274902e+00,1.092509627342224121e+00,1.080664277076721191e+00,1.069394946098327637e+00,1.058677792549133301e+00,1.048489093780517578e+00,1.038808107376098633e+00,1.029615283012390137e+00,1.020892024040222168e+00,1.012620925903320312e+00,1.004786491394042969e+00,9.973738193511962891e-01,9.903692603111267090e-01,9.837597608566284180e-01,9.775338768959045410e-01,9.716803431510925293e-01,9.661892056465148926e-01,9.610506296157836914e-01,9.562563300132751465e-01,9.517980813980102539e-01,9.476684927940368652e-01,9.438609480857849121e-01,9.403691887855529785e-01,9.371874928474426270e-01,9.343109130859375000e-01,9.317349195480346680e-01,9.294553995132446289e-01,9.274688363075256348e-01,9.257721304893493652e-01,9.243627190589904785e-01,9.232383370399475098e-01,9.223974347114562988e-01,9.218385815620422363e-01,9.215608835220336914e-01,9.215639829635620117e-01,9.218478798866271973e-01,9.224130511283874512e-01,9.232601523399353027e-01,9.243908524513244629e-01,9.258066415786743164e-01,9.275097250938415527e-01,9.295027852058410645e-01,9.317888021469116211e-01,9.343712925910949707e-01,9.372544884681701660e-01,9.404431581497192383e-01,9.439418911933898926e-01,9.477564692497253418e-01,9.518932104110717773e-01,9.563589096069335938e-01,9.611607193946838379e-01,9.663068652153015137e-01,9.718060493469238281e-01,9.776676893234252930e-01,9.839020967483520508e-01,9.905202388763427734e-01,9.975336790084838867e-01,1.004955530166625977e+00,1.012799382209777832e+00,1.021080493927001953e+00,1.029813766479492188e+00,1.039017438888549805e+00,1.048709392547607422e+00,1.058909416198730469e+00,1.069638609886169434e+00,1.080920457839965820e+00,1.092779040336608887e+00,1.105241060256958008e+00,1.118335247039794922e+00,1.132092475891113281e+00,1.146546006202697754e+00,1.161731362342834473e+00,1.177688479423522949e+00,1.194458723068237305e+00,1.212087988853454590e+00,1.230626106262207031e+00,1.250126838684082031e+00,1.270648479461669922e+00,1.292255282402038574e+00,1.315373301506042480e+00,1.339817404747009277e+00,1.365682244300842285e+00,1.392829537391662598e+00,1.407509565353393555e+00,1.388455033302307129e+00,1.368976354598999023e+00,1.350441932678222656e+00,1.332803964614868164e+00,1.316016077995300293e+00,1.300036907196044922e+00,1.284827589988708496e+00,1.270352959632873535e+00,1.256579160690307617e+00,1.243475317955017090e+00,1.231013298034667969e+00,1.219166159629821777e+00,1.207909226417541504e+00,1.197219848632812500e+00,1.187076449394226074e+00,1.177459001541137695e+00,1.168349266052246094e+00,1.159729957580566406e+00,1.151585102081298828e+00,1.143899679183959961e+00,1.136660099029541016e+00,1.129853963851928711e+00,1.123468637466430664e+00,1.117493748664855957e+00,1.111918926239013672e+00,1.106734871864318848e+00,1.101933240890502930e+00,1.097505688667297363e+00,1.093445539474487305e+00,1.089745879173278809e+00,1.086400985717773438e+00,1.083405733108520508e+00,1.080754876136779785e+00,1.078444957733154297e+00,1.076472282409667969e+00,1.074833273887634277e+00,1.073525786399841309e+00,1.072548031806945801e+00,1.071898221969604492e+00,1.071575284004211426e+00,esquerda
5.969613552093505859e+00,5.971452713012695312e+00,5.975112438201904297e+00,5.980600833892822266e+00,5.987925529479980469e+00,5.997096061706542969e+00,6.008128166198730469e+00,6.021037578582763672e+00,6.001137733459472656e+00,5.621427536010742188e+00,5.087693691253662109e+00,4.647259712219238281e+00,4.279275417327880859e+00,3.965150594711303711e+00,3.695107936859130859e+00,3.460680723190307617e+00,3.255366325378417969e+00,3.074807643890380859e+00,2.913899421691894531e+00,2.769208192825317383e+00,2.638993024826049805e+00,2.521303892135620117e+00,2.413714408874511719e+00,2.315438508987426758e+00,2.226410150527954102e+00,2.144281864166259766e+00,2.068351745605468750e+00,1.997742533683776855e+00,1.933117389678955078e+00,1.872840046882629395e+00,1.816288709640502930e+00,1.764062643051147461e+00,1.714948415756225586e+00,1.668855547904968262e+00,1.625963449478149414e+00,1.585244297981262207e+00,1.547460317611694336e+00,1.511440157890319824e+00,1.477636814117431641e+00,1.445754647254943848e+00,1.415429711341857910e+00,1.386855244636535645e+00,1.359841942787170410e+00,1.334104418754577637e+00,1.309779882431030273e+00,1.286731839179992676e+00,1.265233874320983887e+00,1.244815349578857422e+00,1.225412487983703613e+00,1.206967115402221680e+00,1.189425945281982422e+00,1.172739505767822266e+00,1.156862258911132812e+00,1.141752362251281738e+00,1.127371072769165039e+00,1.113682270050048828e+00,1.100653290748596191e+00,1.088253617286682129e+00,1.076454401016235352e+00,1.065228939056396484e+00,1.054553389549255371e+00,1.044404506683349609e+00,1.034761309623718262e+00,1.025604248046875000e+00,1.016914844512939453e+00,1.008676052093505859e+00,1.000872254371643066e+00,9.934883713722229004e-01,9.865110516548156738e-01,9.799273014068603516e-01,9.737256765365600586e-01,9.678950905799865723e-01,9.624252319335937500e-01,9.573067426681518555e-01,9.525310397148132324e-01,9.480901360511779785e-01,9.439765810966491699e-01,9.401838779449462891e-01,9.367057085037231445e-01,9.335364699363708496e-01,9.306710958480834961e-01,9.281051158905029297e-01,9.258344769477844238e-01,9.238556623458862305e-01,9.221656322479248047e-01,9.207616448402404785e-01,9.196415543556213379e-01,9.188039898872375488e-01,9.182473421096801758e-01,9.179707765579223633e-01,9.179738163948059082e-01,9.182565808296203613e-01,9.188195466995239258e-01,9.196634292602539062e-01,9.207896590232849121e-01,9.222000241279602051e-01,9.238964319229125977e-01,9.258816838264465332e-01,9.281588196754455566e-01,9.307314157485961914e-01,9.336033463478088379e-01,9.367795586585998535e-01,9.402646422386169434e-01,9.440643191337585449e-01,9.481850266456604004e-01,9.526332616806030273e-01,9.574163556098937988e-01,9.625425338745117188e-01,9.680202603340148926e-01,9.738591313362121582e-01,9.800692200660705566e-01,9.866614937782287598e-01,9.936475753784179688e-01,1.001040458679199219e+00,1.008853793144226074e+00,1.017102718353271484e+00,1.025802016258239746e+00,1.034969806671142578e+00,1.044623970985412598e+00,1.054784297943115234e+00,1.065471649169921875e+00,1.076709628105163574e+00,1.088521957397460938e+00,1.100935459136962891e+00,1.113978624343872070e+00,1.127682089805603027e+00,1.142079353332519531e+00,1.157205581665039062e+00,1.173100709915161133e+00,1.189805626869201660e+00,1.207366108894348145e+00,1.225831985473632812e+00,1.245256781578063965e+00,1.265698432922363281e+00,1.287221193313598633e+00,1.310236334800720215e+00,1.334586381912231445e+00,1.360351562500000000e+00,1.387393951416015625e+00,1.406911849975585938e+00,1.388452887535095215e+00,1.368974208831787109e+00,1.350439906120300293e+00,1.332801818847656250e+00,1.316013813018798828e+00,1.300034761428833008e+00,1.284825563430786133e+00,1.270350813865661621e+00,1.256577134132385254e+00,1.243473410606384277e+00,1.231011390686035156e+00,1.219164371490478516e+00,1.207907438278198242e+00,1.197218179702758789e+00,1.187074780464172363e+00,1.177457213401794434e+00,1.168347477912902832e+00,1.159728050231933594e+00,1.151583313941955566e+00,1.143898010253906250e+00,1.136658310890197754e+00,1.129852175712585449e+00,1.123466968536376953e+00,1.117492198944091797e+00,1.111917138099670410e+00,1.106733322143554688e+00,1.101931571960449219e+00,1.097503900527954102e+00,1.093443870544433594e+00,1.089744210243225098e+00,1.086399197578430176e+00,1.083404064178466797e+00,1.080753207206726074e+00,1.078443288803100586e+00,1.076470613479614258e+00,1.074831604957580566e+00,1.073524117469787598e+00,1.072546362876892090e+00,1.071896553039550781e+00,1.071573615074157715e+00,esquerda
5.969614028930664062e+00,5.971453189849853516e+00,5.975113391876220703e+00,5.980601787567138672e+00,5.987926006317138672e+00,5.997096538543701172e+00,6.008128643035888672e+00,6.021038055419921875e+00,5.986980438232421875e+00,5.599038124084472656e+00,5.067479133605957031e+00,4.628831863403320312e+00,4.262334823608398438e+00,3.949474811553955078e+00,3.680515289306640625e+00,3.447027206420898438e+00,3.242533206939697266e+00,3.062695264816284180e+00,2.902428388595581055e+00,2.758312702178955078e+00,2.628614664077758789e+00,2.511392593383789062e+00,2.404228687286376953e+00,2.306342124938964844e+00,2.217666149139404297e+00,2.135862112045288086e+00,2.060231685638427734e+00,1.989900588989257812e+00,1.925530433654785156e+00,1.865490078926086426e+00,1.809161186218261719e+00,1.757140398025512695e+00,1.708218932151794434e+00,1.662307024002075195e+00,1.619583129882812500e+00,1.579023599624633789e+00,1.541387319564819336e+00,1.505508184432983398e+00,1.471836924552917480e+00,1.440079212188720703e+00,1.409872651100158691e+00,1.381409645080566406e+00,1.354501605033874512e+00,1.328864097595214844e+00,1.304634213447570801e+00,1.281698822975158691e+00,1.260284900665283203e+00,1.239946246147155762e+00,1.220619320869445801e+00,1.202246308326721191e+00,1.184773564338684082e+00,1.168152451515197754e+00,1.152337312698364258e+00,1.137286424636840820e+00,1.122961640357971191e+00,1.109326243400573730e+00,1.096348285675048828e+00,1.083997011184692383e+00,1.072243809700012207e+00,1.061062455177307129e+00,1.050428748130798340e+00,1.040319442749023438e+00,1.030713915824890137e+00,1.021592617034912109e+00,1.012937426567077637e+00,1.004730820655822754e+00,9.969574213027954102e-01,9.896025657653808594e-01,9.826525449752807617e-01,9.760945439338684082e-01,9.699172377586364746e-01,9.641094207763671875e-01,9.586609005928039551e-01,9.535623788833618164e-01,9.488055109977722168e-01,9.443820118904113770e-01,9.402845501899719238e-01,9.365067481994628906e-01,9.330421090126037598e-01,9.298852086067199707e-01,9.270309805870056152e-01,9.244751334190368652e-01,9.222134351730346680e-01,9.202423095703125000e-01,9.185588359832763672e-01,9.171603918075561523e-01,9.160447120666503906e-01,9.152104854583740234e-01,9.146559238433837891e-01,9.143804311752319336e-01,9.143834710121154785e-01,9.146651625633239746e-01,9.152259826660156250e-01,9.160664677619934082e-01,9.171884059906005859e-01,9.185931682586669922e-01,9.202829599380493164e-01,9.222604632377624512e-01,9.245287179946899414e-01,9.270911812782287598e-01,9.299519062042236328e-01,9.331157207489013672e-01,9.365872144699096680e-01,9.403720498085021973e-01,9.444766044616699219e-01,9.489075541496276855e-01,9.536719322204589844e-01,9.587780237197875977e-01,9.642342925071716309e-01,9.700503349304199219e-01,9.762361645698547363e-01,9.828027486801147461e-01,9.897614717483520508e-01,9.971254467964172363e-01,1.004908204078674316e+00,1.013124823570251465e+00,1.021790146827697754e+00,1.030922055244445801e+00,1.040538549423217773e+00,1.050659179687500000e+00,1.061304807662963867e+00,1.072498679161071777e+00,1.084264755249023438e+00,1.096629858016967773e+00,1.109621882438659668e+00,1.123271942138671875e+00,1.137612938880920410e+00,1.152679920196533203e+00,1.168512821197509766e+00,1.185152411460876465e+00,1.202644348144531250e+00,1.221037983894348145e+00,1.240386843681335449e+00,1.260748386383056641e+00,1.282187104225158691e+00,1.305171132087707520e+00,1.329429030418395996e+00,1.355096578598022461e+00,1.382036685943603516e+00,1.406324744224548340e+00,1.388452887535095215e+00,1.368974208831787109e+00,1.350439906120300293e+00,1.332801818847656250e+00,1.316013813018798828e+00,1.300034761428833008e+00,1.284825325012207031e+00,1.270350813865661621e+00,1.256577014923095703e+00,1.243473291397094727e+00,1.231011271476745605e+00,1.219164133071899414e+00,1.207907199859619141e+00,1.197217822074890137e+00,1.187074422836303711e+00,1.177456974983215332e+00,1.168347239494323730e+00,1.159727811813354492e+00,1.151583075523376465e+00,1.143897771835327148e+00,1.136658072471618652e+00,1.129851937294006348e+00,1.123466730117797852e+00,1.117491960525512695e+00,1.111916899681091309e+00,1.106732964515686035e+00,1.101931214332580566e+00,1.097503662109375000e+00,1.093443512916564941e+00,1.089743852615356445e+00,1.086398959159851074e+00,1.083403706550598145e+00,1.080752849578857422e+00,1.078442931175231934e+00,1.076470255851745605e+00,1.074831128120422363e+00,1.073523759841918945e+00,1.072545886039733887e+00,1.071896076202392578e+00,1.071573019027709961e+00,esquerda
5.969613552093505859e+00,5.971452713012695312e+00,5.975112438201904297e+00,5.980600833892822266e+00,5.987925052642822266e+00,5.997096061706542969e+00,6.008128166198730469e+00,6.021039009094238281e+00,5.972784042358398438e+00,5.576588630676269531e+00,5.047212600708007812e+00,4.610357284545898438e+00,4.245351314544677734e+00,3.933760643005371094e+00,3.665889739990234375e+00,3.433345794677734375e+00,3.229675769805908203e+00,3.050561666488647461e+00,2.890938043594360352e+00,2.747399806976318359e+00,2.618220806121826172e+00,2.501466989517211914e+00,2.394731283187866211e+00,2.297234296798706055e+00,2.208911418914794922e+00,2.127432584762573242e+00,2.052102565765380859e+00,1.982050776481628418e+00,1.917935490608215332e+00,1.858133196830749512e+00,1.802027225494384766e+00,1.750212073326110840e+00,1.701484203338623047e+00,1.655753374099731445e+00,1.613198161125183105e+00,1.572798490524291992e+00,1.535310268402099609e+00,1.499572157859802246e+00,1.466033577919006348e+00,1.434400558471679688e+00,1.404312372207641602e+00,1.375961065292358398e+00,1.349158525466918945e+00,1.323621153831481934e+00,1.299486041069030762e+00,1.276666641235351562e+00,1.255336999893188477e+00,1.235078096389770508e+00,1.215827107429504395e+00,1.197526097297668457e+00,1.180122017860412598e+00,1.163566112518310547e+00,1.147813081741333008e+00,1.132821440696716309e+00,1.118552684783935547e+00,1.104970932006835938e+00,1.092043876647949219e+00,1.079741001129150391e+00,1.068034172058105469e+00,1.056896448135375977e+00,1.046304583549499512e+00,1.036234855651855469e+00,1.026667118072509766e+00,1.017581701278686523e+00,1.008960366249084473e+00,1.000785946846008301e+00,9.930431842803955078e-01,9.857171177864074707e-01,9.787943959236145020e-01,9.722620844841003418e-01,9.661090373992919922e-01,9.603239297866821289e-01,9.548970460891723633e-01,9.498184919357299805e-01,9.450801610946655273e-01,9.406740665435791016e-01,9.365926980972290039e-01,9.328296780586242676e-01,9.293786883354187012e-01,9.262341260910034180e-01,9.233912229537963867e-01,9.208453893661499023e-01,9.185924530029296875e-01,9.166290760040283203e-01,9.149522781372070312e-01,9.135593175888061523e-01,9.124480485916137695e-01,9.116169810295104980e-01,9.110646247863769531e-01,9.107902050018310547e-01,9.107933044433593750e-01,9.110738635063171387e-01,9.116324186325073242e-01,9.124696850776672363e-01,9.135870933532714844e-01,9.149863123893737793e-01,9.166695475578308105e-01,9.186393618583679199e-01,9.208986163139343262e-01,9.234510660171508789e-01,9.263005852699279785e-01,9.294519424438476562e-01,9.329096674919128418e-01,9.366798400878906250e-01,9.407681822776794434e-01,9.451816678047180176e-01,9.499273896217346191e-01,9.550133347511291504e-01,9.604482650756835938e-01,9.662414193153381348e-01,9.724029302597045898e-01,9.789437055587768555e-01,9.858751893043518066e-01,9.932101964950561523e-01,1.000962495803833008e+00,1.009146690368652344e+00,1.017778038978576660e+00,1.026874184608459473e+00,1.036452770233154297e+00,1.046533703804016113e+00,1.057137489318847656e+00,1.068287491798400879e+00,1.080007433891296387e+00,1.092323660850524902e+00,1.105265021324157715e+00,1.118861317634582520e+00,1.133145928382873535e+00,1.148153901100158691e+00,1.163924455642700195e+00,1.180498719215393066e+00,1.197921991348266602e+00,1.216243267059326172e+00,1.235516190528869629e+00,1.255797863006591797e+00,1.277152419090270996e+00,1.300035238265991211e+00,1.324198961257934570e+00,1.349767208099365234e+00,1.376602530479431152e+00,1.404988765716552734e+00,1.388451933860778809e+00,1.368973374366760254e+00,1.350438952445983887e+00,1.332800984382629395e+00,1.316012978553771973e+00,1.300033926963806152e+00,1.284824609756469727e+00,1.270349979400634766e+00,1.256576180458068848e+00,1.243472576141357422e+00,1.231010437011718750e+00,1.219163298606872559e+00,1.207906484603881836e+00,1.197217106819152832e+00,1.187073707580566406e+00,1.177456140518188477e+00,1.168346524238586426e+00,1.159727215766906738e+00,1.151582360267639160e+00,1.143896818161010742e+00,1.136657476425170898e+00,1.129851102828979492e+00,1.123465895652770996e+00,1.117491006851196289e+00,1.111916184425354004e+00,1.106732249259948730e+00,1.101930379867553711e+00,1.097502946853637695e+00,1.093442797660827637e+00,1.089743137359619141e+00,1.086398243904113770e+00,1.083402991294860840e+00,1.080752253532409668e+00,1.078442215919494629e+00,1.076469540596008301e+00,1.074830532073974609e+00,1.073523044586181641e+00,1.072545170783996582e+00,1.071895480155944824e+00,1.071572422981262207e+00,esquerda
5.969614028930664062e+00,5.971453189849853516e+00,5.975112915039062500e+00,5.980601310729980469e+00,5.987925529479980469e+00,5.997096538543701172e+00,6.008128643035888672e+00,6.021039009094238281e+00,5.960154533386230469e+00,5.556476116180419922e+00,5.028856754302978516e+00,4.593474864959716797e+00,4.229716777801513672e+00,3.919201374053955078e+00,3.652262687683105469e+00,3.420534849166870117e+00,3.217585563659667969e+00,3.039108753204345703e+00,2.880055904388427734e+00,2.737033367156982422e+00,2.608319997787475586e+00,2.491988182067871094e+00,2.385639667510986328e+00,2.288498163223266602e+00,2.200497388839721680e+00,2.119317054748535156e+00,2.044263124465942383e+00,1.974468588829040527e+00,1.910589218139648438e+00,1.851007223129272461e+00,1.795108437538146973e+00,1.743484854698181152e+00,1.694936871528625488e+00,1.649375796318054199e+00,1.606978058815002441e+00,1.566728115081787109e+00,1.529379129409790039e+00,1.493773937225341797e+00,1.460359573364257812e+00,1.428844332695007324e+00,1.398867726325988770e+00,1.370621562004089355e+00,1.343918561935424805e+00,1.318476319313049316e+00,1.294430613517761230e+00,1.271634697914123535e+00,1.250388860702514648e+00,1.230209946632385254e+00,1.211034893989562988e+00,1.192806005477905273e+00,1.175470590591430664e+00,1.158979773521423340e+00,1.143288850784301758e+00,1.128356337547302246e+00,1.114143729209899902e+00,1.100615739822387695e+00,1.087739467620849609e+00,1.075485229492187500e+00,1.063824415206909180e+00,1.052730679512023926e+00,1.042180538177490234e+00,1.032150506973266602e+00,1.022620439529418945e+00,1.013570785522460938e+00,1.004983544349670410e+00,9.968413114547729492e-01,9.891291260719299316e-01,9.818318486213684082e-01,9.749365448951721191e-01,9.684299826622009277e-01,9.623010754585266113e-01,9.565388560295104980e-01,9.511331915855407715e-01,9.460747838020324707e-01,9.413551092147827148e-01,9.369663596153259277e-01,9.329010248184204102e-01,9.291527867317199707e-01,9.257155060768127441e-01,9.225834012031555176e-01,9.197516441345214844e-01,9.172158241271972656e-01,9.149717688560485840e-01,9.130162000656127930e-01,9.113459587097167969e-01,9.099584817886352539e-01,9.088515639305114746e-01,9.080238342285156250e-01,9.074736237525939941e-01,9.072003364562988281e-01,9.072034358978271484e-01,9.074828028678894043e-01,9.080391526222229004e-01,9.088730812072753906e-01,9.099861979484558105e-01,9.113799333572387695e-01,9.130564928054809570e-01,9.150184392929077148e-01,9.172688126564025879e-01,9.198111891746520996e-01,9.226495027542114258e-01,9.257884621620178223e-01,9.292327165603637695e-01,9.329878091812133789e-01,9.370601773262023926e-01,9.414561986923217773e-01,9.461832046508789062e-01,9.512490630149841309e-01,9.566626548767089844e-01,9.624329209327697754e-01,9.685701727867126465e-01,9.750851392745971680e-01,9.819892644882202148e-01,9.892954826354980469e-01,9.970172047615051270e-01,1.005169153213500977e+00,1.013766527175903320e+00,1.022826790809631348e+00,1.032367587089538574e+00,1.042408704757690430e+00,1.052970767021179199e+00,1.064076781272888184e+00,1.075750470161437988e+00,1.088018298149108887e+00,1.100908517837524414e+00,1.114451408386230469e+00,1.128679633140563965e+00,1.143628358840942383e+00,1.159336924552917480e+00,1.175845861434936523e+00,1.193200230598449707e+00,1.211449623107910156e+00,1.230646371841430664e+00,1.250848174095153809e+00,1.272118449211120605e+00,1.294919371604919434e+00,1.318992257118225098e+00,1.344464302062988281e+00,1.371198654174804688e+00,1.399478077888488770e+00,1.388451576232910156e+00,1.368973016738891602e+00,1.350438475608825684e+00,1.332800507545471191e+00,1.316012740135192871e+00,1.300033450126647949e+00,1.284824252128601074e+00,1.270349621772766113e+00,1.256575822830200195e+00,1.243472218513488770e+00,1.231010198593139648e+00,1.219163060188293457e+00,1.207906126976013184e+00,1.197216868400573730e+00,1.187073469161987305e+00,1.177456021308898926e+00,1.168346405029296875e+00,1.159726977348327637e+00,1.151582241058349609e+00,1.143896818161010742e+00,1.136657238006591797e+00,1.129851102828979492e+00,1.123465776443481445e+00,1.117491006851196289e+00,1.111916065216064453e+00,1.106732249259948730e+00,1.101930379867553711e+00,1.097502946853637695e+00,1.093442797660827637e+00,1.089743137359619141e+00,1.086398243904113770e+00,1.083402991294860840e+00,1.080752253532409668e+00,1.078442215919494629e+00,1.076469540596008301e+00,1.074830532073974609e+00,1.073523163795471191e+00,1.072545289993286133e+00,1.071895480155944824e+00,1.071572542190551758e+00,esquerda
5.969615936279296875e+00,5.971455097198486328e+00,5.975115299224853516e+00,5.980603694915771484e+00,5.987928390502929688e+00,5.997098922729492188e+00,6.008130550384521484e+00,6.021040439605712891e+00,5.945981979370117188e+00,5.534066677093505859e+00,5.008630275726318359e+00,4.575040817260742188e+00,4.212772846221923828e+00,3.903526067733764648e+00,3.637673377990722656e+00,3.406884670257568359e+00,3.204755783081054688e+00,3.026998758316040039e+00,2.868586540222167969e+00,2.726139307022094727e+00,2.597942590713500977e+00,2.482078075408935547e+00,2.376155853271484375e+00,2.279402971267700195e+00,2.191754102706909180e+00,2.110898017883300781e+00,2.036143779754638672e+00,1.966627478599548340e+00,1.903002738952636719e+00,1.843658089637756348e+00,1.787981629371643066e+00,1.736562848091125488e+00,1.688207983970642090e+00,1.642827391624450684e+00,1.600597858428955078e+00,1.560507655143737793e+00,1.523306608200073242e+00,1.487842082977294922e+00,1.454559922218322754e+00,1.423169016838073730e+00,1.393311023712158203e+00,1.365176320075988770e+00,1.338578343391418457e+00,1.313235998153686523e+00,1.289284825325012207e+00,1.266602754592895508e+00,1.245441079139709473e+00,1.225341916084289551e+00,1.206242680549621582e+00,1.188085913658142090e+00,1.170819163322448730e+00,1.154393672943115234e+00,1.138764739036560059e+00,1.123891353607177734e+00,1.109735131263732910e+00,1.096260428428649902e+00,1.083435297012329102e+00,1.071229338645935059e+00,1.059614777565002441e+00,1.048565030097961426e+00,1.038056492805480957e+00,1.028066277503967285e+00,1.018573880195617676e+00,1.009560108184814453e+00,1.001006722450256348e+00,9.928967952728271484e-01,9.852150082588195801e-01,9.779467582702636719e-01,9.710785746574401855e-01,9.645978212356567383e-01,9.584932327270507812e-01,9.527537822723388672e-01,9.473695158958435059e-01,9.423310160636901855e-01,9.376301765441894531e-01,9.332586526870727539e-01,9.292095899581909180e-01,9.254761338233947754e-01,9.220524430274963379e-01,9.189327359199523926e-01,9.161121249198913574e-01,9.135863184928894043e-01,9.113512039184570312e-01,9.094033837318420410e-01,9.077397584915161133e-01,9.063577651977539062e-01,9.052552580833435059e-01,9.044307470321655273e-01,9.038827419281005859e-01,9.036104679107666016e-01,9.036135077476501465e-01,9.038918614387512207e-01,9.044460654258728027e-01,9.052766561508178711e-01,9.063853621482849121e-01,9.077735543251037598e-01,9.094434976577758789e-01,9.113976955413818359e-01,9.136391878128051758e-01,9.161714911460876465e-01,9.189985990524291992e-01,9.221251010894775391e-01,9.255556464195251465e-01,9.292958974838256836e-01,9.333521127700805664e-01,9.377308487892150879e-01,9.424390792846679688e-01,9.474850296974182129e-01,9.528771042823791504e-01,9.586246609687805176e-01,9.647375345230102539e-01,9.712267518043518066e-01,9.781035184860229492e-01,9.853808283805847168e-01,9.930719137191772461e-01,1.001191735267639160e+00,1.009754896163940430e+00,1.018779397010803223e+00,1.028282403945922852e+00,1.038283944129943848e+00,1.048804163932800293e+00,1.059866309165954590e+00,1.071493744850158691e+00,1.083713054656982422e+00,1.096552133560180664e+00,1.110041379928588867e+00,1.124213457107543945e+00,1.139103055000305176e+00,1.154749393463134766e+00,1.171193003654479980e+00,1.188478827476501465e+00,1.206655859947204590e+00,1.225776791572570801e+00,1.245898604393005371e+00,1.267084717750549316e+00,1.289783120155334473e+00,1.313762187957763672e+00,1.339134454727172852e+00,1.365764379501342773e+00,1.393932938575744629e+00,1.388450264930725098e+00,1.368971467018127441e+00,1.350437164306640625e+00,1.332799196243286133e+00,1.316011428833007812e+00,1.300032138824462891e+00,1.284822940826416016e+00,1.270348429679870605e+00,1.256574511528015137e+00,1.243471026420593262e+00,1.231009006500244141e+00,1.219161868095397949e+00,1.207904934883117676e+00,1.197215557098388672e+00,1.187072157859802246e+00,1.177454710006713867e+00,1.168344974517822266e+00,1.159725666046142578e+00,1.151580810546875000e+00,1.143895506858825684e+00,1.136655926704406738e+00,1.129849672317504883e+00,1.123464465141296387e+00,1.117489695549011230e+00,1.111914634704589844e+00,1.106730699539184570e+00,1.101929068565368652e+00,1.097501516342163086e+00,1.093441367149353027e+00,1.089741706848144531e+00,1.086396813392639160e+00,1.083401560783386230e+00,1.080750823020935059e+00,1.078440785408020020e+00,1.076468110084533691e+00,1.074828982353210449e+00,1.073521614074707031e+00,1.072543859481811523e+00,1.071894049644470215e+00,1.071570992469787598e+00,esquerda
5.969616889953613281e+00,5.971456050872802734e+00,5.975115776062011719e+00,5.980604171752929688e+00,5.987928867340087891e+00,5.997099399566650391e+00,6.008131027221679688e+00,6.021040916442871094e+00,5.931829452514648438e+00,5.511685848236083984e+00,4.988423347473144531e+00,4.556619167327880859e+00,4.195837497711181641e+00,3.887855291366577148e+00,3.623086929321289062e+00,3.393236637115478516e+00,3.191927909851074219e+00,3.014891147613525391e+00,2.857119560241699219e+00,2.715247392654418945e+00,2.587567806243896484e+00,2.472169876098632812e+00,2.366673707962036133e+00,2.270309448242187500e+00,2.183012247085571289e+00,2.102480411529541016e+00,2.028025627136230469e+00,1.958787560462951660e+00,1.895417332649230957e+00,1.836309671401977539e+00,1.780855774879455566e+00,1.729642152786254883e+00,1.681480169296264648e+00,1.636280417442321777e+00,1.594218969345092773e+00,1.554288029670715332e+00,1.517234921455383301e+00,1.481911420822143555e+00,1.448761343955993652e+00,1.417494773864746094e+00,1.387755036354064941e+00,1.359731793403625488e+00,1.333238959312438965e+00,1.307996630668640137e+00,1.284139990806579590e+00,1.261570096015930176e+00,1.240492582321166992e+00,1.220473289489746094e+00,1.201449990272521973e+00,1.183365345001220703e+00,1.166167020797729492e+00,1.149806976318359375e+00,1.134240031242370605e+00,1.119425773620605469e+00,1.105325818061828613e+00,1.091904759407043457e+00,1.079130530357360840e+00,1.066973090171813965e+00,1.055404663085937500e+00,1.044398784637451172e+00,1.033931970596313477e+00,1.023981571197509766e+00,1.014526844024658203e+00,1.005548834800720215e+00,9.970294833183288574e-01,9.889517426490783691e-01,9.813004732131958008e-01,9.740610718727111816e-01,9.672201871871948242e-01,9.607652425765991211e-01,9.546847939491271973e-01,9.489681720733642578e-01,9.436053633689880371e-01,9.385868906974792480e-01,9.339046478271484375e-01,9.295505881309509277e-01,9.255175590515136719e-01,9.217989444732666016e-01,9.183889031410217285e-01,9.152815341949462891e-01,9.124721288681030273e-01,9.099563956260681152e-01,9.077301621437072754e-01,9.057900309562683105e-01,9.041329622268676758e-01,9.027565121650695801e-01,9.016584157943725586e-01,9.008371233940124512e-01,9.002913236618041992e-01,9.000201821327209473e-01,9.000232219696044922e-01,9.003004431724548340e-01,9.008524417877197266e-01,9.016797542572021484e-01,9.027839899063110352e-01,9.041666984558105469e-01,9.058300256729125977e-01,9.077764153480529785e-01,9.100090265274047852e-01,9.125313162803649902e-01,9.153471589088439941e-01,9.184612035751342773e-01,9.218780994415283203e-01,9.256036281585693359e-01,9.296436309814453125e-01,9.340050220489501953e-01,9.386945366859436035e-01,9.437203407287597656e-01,9.490910172462463379e-01,9.548156857490539551e-01,9.609043598175048828e-01,9.673677682876586914e-01,9.742172956466674805e-01,9.814656376838684082e-01,9.891260862350463867e-01,9.972136616706848145e-01,1.005742907524108887e+00,1.014731526374816895e+00,1.024196863174438477e+00,1.034158468246459961e+00,1.044636964797973633e+00,1.055655121803283691e+00,1.067236423492431641e+00,1.079407095909118652e+00,1.092195391654968262e+00,1.105630993843078613e+00,1.119746685028076172e+00,1.134577155113220215e+00,1.150161266326904297e+00,1.166539430618286133e+00,1.183756709098815918e+00,1.201861381530761719e+00,1.220906496047973633e+00,1.240948200225830078e+00,1.262050271034240723e+00,1.284646153450012207e+00,1.308531165122985840e+00,1.333803892135620117e+00,1.360329151153564453e+00,1.388386845588684082e+00,1.388447999954223633e+00,1.368969559669494629e+00,1.350435256958007812e+00,1.332797288894653320e+00,1.316009283065795898e+00,1.300030350685119629e+00,1.284820795059204102e+00,1.270346403121948242e+00,1.256572604179382324e+00,1.243468999862670898e+00,1.231007099151611328e+00,1.219159960746765137e+00,1.207903146743774414e+00,1.197213768959045410e+00,1.187070250511169434e+00,1.177452921867370605e+00,1.168343186378479004e+00,1.159723997116088867e+00,1.151579141616821289e+00,1.143893718719482422e+00,1.136654138565063477e+00,1.129847884178161621e+00,1.123462796211242676e+00,1.117487907409667969e+00,1.111913204193115234e+00,1.106729030609130859e+00,1.101927518844604492e+00,1.097499847412109375e+00,1.093439817428588867e+00,1.089740157127380371e+00,1.086395263671875000e+00,1.083399891853332520e+00,1.080749154090881348e+00,1.078439235687255859e+00,1.076466560363769531e+00,1.074827551841735840e+00,1.073520064353942871e+00,1.072542190551757812e+00,1.071892380714416504e+00,1.071569323539733887e+00,esquerda
5.969616413116455078e+00,5.971455574035644531e+00,5.975115299224853516e+00,5.980603218078613281e+00,5.987927913665771484e+00,5.997098445892333984e+00,6.008131027221679688e+00,6.021041393280029297e+00,5.918158054351806641e+00,5.489946365356445312e+00,4.968629837036132812e+00,4.538448810577392578e+00,4.179036140441894531e+00,3.872231245040893555e+00,3.608504295349121094e+00,3.379588842391967773e+00,3.179100751876831055e+00,3.002783536911010742e+00,2.845652580261230469e+00,2.704355478286743164e+00,2.577193021774291992e+00,2.462261199951171875e+00,2.357191085815429688e+00,2.261215686798095703e+00,2.174270391464233398e+00,2.094062566757202148e+00,2.019907236099243164e+00,1.950947642326354980e+00,1.887831807136535645e+00,1.828961253166198730e+00,1.773729562759399414e+00,1.722721457481384277e+00,1.674752116203308105e+00,1.629733085632324219e+00,1.587839961051940918e+00,1.548068404197692871e+00,1.511163353919982910e+00,1.475980401039123535e+00,1.442962408065795898e+00,1.411820411682128906e+00,1.382198810577392578e+00,1.354287028312683105e+00,1.327899336814880371e+00,1.302757143974304199e+00,1.278994917869567871e+00,1.256537079811096191e+00,1.235543608665466309e+00,1.215604305267333984e+00,1.196656703948974609e+00,1.178644299507141113e+00,1.161514759063720703e+00,1.145219802856445312e+00,1.129715085029602051e+00,1.114959836006164551e+00,1.100916028022766113e+00,1.087548613548278809e+00,1.074825167655944824e+00,1.062716364860534668e+00,1.051194071769714355e+00,1.040232181549072266e+00,1.029807090759277344e+00,1.019896268844604492e+00,1.010479331016540527e+00,1.001537203788757324e+00,9.930518269538879395e-01,9.850062727928161621e-01,9.773855209350585938e-01,9.701750278472900391e-01,9.633615016937255859e-01,9.569323062896728516e-01,9.508761167526245117e-01,9.451822638511657715e-01,9.398407936096191406e-01,9.348424077033996582e-01,9.301788806915283203e-01,9.258421659469604492e-01,9.218251705169677734e-01,9.181214570999145508e-01,9.147249460220336914e-01,9.116300344467163086e-01,9.088318943977355957e-01,9.063261151313781738e-01,9.041087627410888672e-01,9.021763801574707031e-01,9.005260467529296875e-01,8.991550207138061523e-01,8.980612754821777344e-01,8.972433209419250488e-01,8.966996669769287109e-01,8.964295983314514160e-01,8.964326381683349609e-01,8.967087268829345703e-01,8.972584605216979980e-01,8.980824947357177734e-01,8.991823792457580566e-01,9.005595445632934570e-01,9.022162556648254395e-01,9.041548967361450195e-01,9.063786268234252930e-01,9.088907837867736816e-01,9.116953015327453613e-01,9.147970080375671387e-01,9.182003140449523926e-01,9.219110012054443359e-01,9.259349703788757324e-01,9.302787780761718750e-01,9.349495768547058105e-01,9.399554133415222168e-01,9.453046917915344238e-01,9.510065317153930664e-01,9.570708870887756348e-01,9.635084867477416992e-01,9.703305959701538086e-01,9.775500893592834473e-01,9.851801395416259766e-01,9.932353496551513672e-01,1.001730561256408691e+00,1.010683298110961914e+00,1.020110845565795898e+00,1.030032753944396973e+00,1.040469408035278320e+00,1.051443576812744141e+00,1.062978744506835938e+00,1.075100779533386230e+00,1.087838053703308105e+00,1.101219892501831055e+00,1.115279436111450195e+00,1.130050659179687500e+00,1.145572781562805176e+00,1.161885619163513184e+00,1.179034113883972168e+00,1.197066783905029297e+00,1.216035723686218262e+00,1.235997557640075684e+00,1.257015347480773926e+00,1.279511213302612305e+00,1.303302288055419922e+00,1.328475475311279297e+00,1.354896068572998047e+00,1.382843255996704102e+00,1.388448834419250488e+00,1.368970155715942383e+00,1.350435853004455566e+00,1.332798004150390625e+00,1.316009998321533203e+00,1.300031065940856934e+00,1.284821748733520508e+00,1.270347118377685547e+00,1.256573438644409180e+00,1.243469834327697754e+00,1.231007695198059082e+00,1.219160795211791992e+00,1.207903861999511719e+00,1.197214484214782715e+00,1.187071084976196289e+00,1.177453875541687012e+00,1.168344020843505859e+00,1.159724712371826172e+00,1.151579856872558594e+00,1.143894672393798828e+00,1.136655211448669434e+00,1.129848837852478027e+00,1.123463749885559082e+00,1.117488861083984375e+00,1.111914038658142090e+00,1.106729865074157715e+00,1.101928353309631348e+00,1.097500801086425781e+00,1.093440651893615723e+00,1.089740872383117676e+00,1.086396098136901855e+00,1.083400726318359375e+00,1.080750107765197754e+00,1.078440070152282715e+00,1.076467394828796387e+00,1.074828386306762695e+00,1.073521018028259277e+00,1.072543144226074219e+00,1.071893453598022461e+00,1.071570396423339844e+00,esquerda
5.969618320465087891e+00,5.971457481384277344e+00,5.975117683410644531e+00,5.980606079101562500e+00,5.987930297851562500e+00,5.997100830078125000e+00,6.008132934570312500e+00,6.021042346954345703e+00,5.904994487762451172e+00,5.469109535217285156e+00,4.949790000915527344e+00,4.521253108978271484e+00,4.163211822509765625e+00,3.857575416564941406e+00,3.594827651977539062e+00,3.366738796234130859e+00,3.166975736618041992e+00,2.991299629211425781e+00,2.834742546081542969e+00,2.693964004516601562e+00,2.567269563674926758e+00,2.452762603759765625e+00,2.348081827163696289e+00,2.252462863922119141e+00,2.165841579437255859e+00,2.085933208465576172e+00,2.012054920196533203e+00,1.943353533744812012e+00,1.880474686622619629e+00,1.821825385093688965e+00,1.766801357269287109e+00,1.715985178947448730e+00,1.668196797370910645e+00,1.623347640037536621e+00,1.581612467765808105e+00,1.541991591453552246e+00,1.505225777626037598e+00,1.470175981521606445e+00,1.437282919883728027e+00,1.406258702278137207e+00,1.376749277114868164e+00,1.348942995071411133e+00,1.322655200958251953e+00,1.297608137130737305e+00,1.273935794830322266e+00,1.251505136489868164e+00,1.230595707893371582e+00,1.210736155509948730e+00,1.191864609718322754e+00,1.173924326896667480e+00,1.156863331794738770e+00,1.140633702278137207e+00,1.125191092491149902e+00,1.110494852066040039e+00,1.096507430076599121e+00,1.083193421363830566e+00,1.070520997047424316e+00,1.058460712432861328e+00,1.046984553337097168e+00,1.036066532135009766e+00,1.025683164596557617e+00,1.015812039375305176e+00,1.006432771682739258e+00,9.975264668464660645e-01,9.890750646591186523e-01,9.810617566108703613e-01,9.734715223312377930e-01,9.662898778915405273e-01,9.595035910606384277e-01,9.531000852584838867e-01,9.470683336257934570e-01,9.413971900939941406e-01,9.360771775245666504e-01,9.310987591743469238e-01,9.264538884162902832e-01,9.221345782279968262e-01,9.181336760520935059e-01,9.144448637962341309e-01,9.110618829727172852e-01,9.079794287681579590e-01,9.051924347877502441e-01,9.026967287063598633e-01,9.004882574081420898e-01,8.985636234283447266e-01,8.969197869300842285e-01,8.955542445182800293e-01,8.944649100303649902e-01,8.936502337455749512e-01,8.931087255477905273e-01,8.928397297859191895e-01,8.928427696228027344e-01,8.931177854537963867e-01,8.936653733253479004e-01,8.944860696792602539e-01,8.955815434455871582e-01,8.969532847404479980e-01,8.986032605171203613e-01,9.005342125892639160e-01,9.027490019798278809e-01,9.052510857582092285e-01,9.080443978309631348e-01,9.111336469650268555e-01,9.145234227180480957e-01,9.182190895080566406e-01,9.222269654273986816e-01,9.265534281730651855e-01,9.312055706977844238e-01,9.361913800239562988e-01,9.415192604064941406e-01,9.471982121467590332e-01,9.532381892204284668e-01,9.596500396728515625e-01,9.664449095726013184e-01,9.736354947090148926e-01,9.812348484992980957e-01,9.892578125000000000e-01,9.977190494537353516e-01,1.006635904312133789e+00,1.016025781631469727e+00,1.025907874107360840e+00,1.036302804946899414e+00,1.047233104705810547e+00,1.058722019195556641e+00,1.070795655250549316e+00,1.083481788635253906e+00,1.096810221672058105e+00,1.110813260078430176e+00,1.125525474548339844e+00,1.140985369682312012e+00,1.157232761383056641e+00,1.174312591552734375e+00,1.192273020744323730e+00,1.211165904998779297e+00,1.231047987937927246e+00,1.251981496810913086e+00,1.274374365806579590e+00,1.298071503639221191e+00,1.323145031929016113e+00,1.349461197853088379e+00,1.377297401428222656e+00,1.388446807861328125e+00,1.368968009948730469e+00,1.350433826446533203e+00,1.332795977592468262e+00,1.316007971763610840e+00,1.300029039382934570e+00,1.284819722175598145e+00,1.270345091819763184e+00,1.256571531295776367e+00,1.243467926979064941e+00,1.231005787849426270e+00,1.219158887863159180e+00,1.207901954650878906e+00,1.197212696075439453e+00,1.187069296836853027e+00,1.177452087402343750e+00,1.168342232704162598e+00,1.159722924232482910e+00,1.151578068733215332e+00,1.143892884254455566e+00,1.136653423309326172e+00,1.129847049713134766e+00,1.123462080955505371e+00,1.117486953735351562e+00,1.111912369728088379e+00,1.106728196144104004e+00,1.101926684379577637e+00,1.097499012947082520e+00,1.093439102172851562e+00,1.089739203453063965e+00,1.086394429206848145e+00,1.083399176597595215e+00,1.080748438835144043e+00,1.078438520431518555e+00,1.076465845108032227e+00,1.074826836585998535e+00,1.073519349098205566e+00,1.072541475296020508e+00,1.071891784667968750e+00,1.071568727493286133e+00,esquerda
5.969618797302246094e+00,5.971457958221435547e+00,5.975118160247802734e+00,5.980606555938720703e+00,5.987930774688720703e+00,5.997101306915283203e+00,6.008133411407470703e+00,6.021043300628662109e+00,5.890846252441406250e+00,5.446734428405761719e+00,4.929586887359619141e+00,4.502835750579833984e+00,4.146279811859130859e+00,3.841907501220703125e+00,3.580243587493896484e+00,3.353092670440673828e+00,3.154149532318115234e+00,2.979193925857543945e+00,2.823276996612548828e+00,2.683073282241821289e+00,2.556895732879638672e+00,2.442855358123779297e+00,2.338600397109985352e+00,2.243370056152343750e+00,2.157100200653076172e+00,2.077516078948974609e+00,2.003937244415283203e+00,1.935514211654663086e+00,1.872889637947082520e+00,1.814477682113647461e+00,1.759675741195678711e+00,1.709065079689025879e+00,1.661469221115112305e+00,1.616800904273986816e+00,1.575233936309814453e+00,1.535772085189819336e+00,1.499154329299926758e+00,1.464245200157165527e+00,1.431484580039978027e+00,1.400584697723388672e+00,1.371193408966064453e+00,1.343498468399047852e+00,1.317315936088562012e+00,1.292368888854980469e+00,1.268790960311889648e+00,1.246473193168640137e+00,1.225647807121276855e+00,1.205868005752563477e+00,1.187072277069091797e+00,1.169204235076904297e+00,1.152211666107177734e+00,1.136047363281250000e+00,1.120666861534118652e+00,1.106029748916625977e+00,1.092098474502563477e+00,1.078837990760803223e+00,1.066216707229614258e+00,1.054204702377319336e+00,1.042774677276611328e+00,1.031900644302368164e+00,1.021559119224548340e+00,1.011727690696716309e+00,1.002386093139648438e+00,9.935155510902404785e-01,9.850981831550598145e-01,9.771170616149902344e-01,9.695574641227722168e-01,9.624046087265014648e-01,9.556457400321960449e-01,9.492679238319396973e-01,9.432603120803833008e-01,9.376120567321777344e-01,9.323133826255798340e-01,9.273549914360046387e-01,9.227287173271179199e-01,9.184267520904541016e-01,9.144420027732849121e-01,9.107679724693298340e-01,9.073987007141113281e-01,9.043285250663757324e-01,9.015527963638305664e-01,8.990671038627624512e-01,8.968675732612609863e-01,8.949506282806396484e-01,8.933133482933044434e-01,8.919533491134643555e-01,8.908684253692626953e-01,8.900570273399353027e-01,8.895177245140075684e-01,8.892498016357421875e-01,8.892529010772705078e-01,8.895268440246582031e-01,8.900721073150634766e-01,8.908895254135131836e-01,8.919806480407714844e-01,8.933467268943786621e-01,8.949900865554809570e-01,8.969132304191589355e-01,8.991191983222961426e-01,9.016111493110656738e-01,9.043933749198913574e-01,9.074702858924865723e-01,9.108462929725646973e-01,9.145271778106689453e-01,9.185188412666320801e-01,9.228278994560241699e-01,9.274613857269287109e-01,9.324270486831665039e-01,9.377334713935852051e-01,9.433896541595458984e-01,9.494054317474365234e-01,9.557915329933166504e-01,9.625591039657592773e-01,9.697207212448120117e-01,9.772894978523254395e-01,9.852802753448486328e-01,9.937073588371276855e-01,1.002588510513305664e+00,1.011940479278564453e+00,1.021783113479614258e+00,1.032136082649230957e+00,1.043022394180297852e+00,1.054465055465698242e+00,1.066490173339843750e+00,1.079125165939331055e+00,1.092400193214416504e+00,1.106346845626831055e+00,1.120999932289123535e+00,1.136397719383239746e+00,1.152579784393310547e+00,1.169590950012207031e+00,1.187479138374328613e+00,1.206296205520629883e+00,1.226098179817199707e+00,1.246947646141052246e+00,1.269309282302856445e+00,1.292914032936096191e+00,1.317890048027038574e+00,1.344103574752807617e+00,1.371831297874450684e+00,1.386430025100708008e+00,1.368968009948730469e+00,1.350433707237243652e+00,1.332795977592468262e+00,1.316007971763610840e+00,1.300028800964355469e+00,1.284819602966308594e+00,1.270344972610473633e+00,1.256571412086486816e+00,1.243467807769775391e+00,1.231005668640136719e+00,1.219158649444580078e+00,1.207901716232299805e+00,1.197212576866149902e+00,1.187069058418273926e+00,1.177451729774475098e+00,1.168341875076293945e+00,1.159722685813903809e+00,1.151577949523925781e+00,1.143892526626586914e+00,1.136653065681457520e+00,1.129846811294555664e+00,1.123461604118347168e+00,1.117486834526062012e+00,1.111912012100219727e+00,1.106727957725524902e+00,1.101926207542419434e+00,1.097498655319213867e+00,1.093438625335693359e+00,1.089738845825195312e+00,1.086394071578979492e+00,1.083398699760437012e+00,1.080748081207275391e+00,1.078438162803649902e+00,1.076465368270874023e+00,1.074826359748840332e+00,1.073518991470336914e+00,1.072541117668151855e+00,1.071891307830810547e+00,1.071568369865417480e+00,esquerda
5.969618320465087891e+00,5.971457481384277344e+00,5.975117206573486328e+00,5.980605602264404297e+00,5.987929821014404297e+00,5.997101306915283203e+00,6.008133411407470703e+00,6.021043300628662109e+00,5.876679897308349609e+00,5.424335479736328125e+00,4.909369468688964844e+00,4.484408855438232422e+00,4.129343032836914062e+00,3.826237916946411133e+00,3.565660238265991211e+00,3.339447975158691406e+00,3.141324520111083984e+00,2.967088460922241211e+00,2.811811923980712891e+00,2.672183275222778320e+00,2.546522378921508789e+00,2.432948350906372070e+00,2.329119443893432617e+00,2.234277725219726562e+00,2.148360013961791992e+00,2.069099664688110352e+00,1.995820403099060059e+00,1.927675604820251465e+00,1.865305185317993164e+00,1.807130217552185059e+00,1.752550840377807617e+00,1.702145099639892578e+00,1.654742002487182617e+00,1.610254645347595215e+00,1.568855643272399902e+00,1.529553413391113281e+00,1.493083357810974121e+00,1.458315253257751465e+00,1.425686359405517578e+00,1.394911050796508789e+00,1.365638136863708496e+00,1.338054537773132324e+00,1.311977028846740723e+00,1.287129998207092285e+00,1.263646602630615234e+00,1.241440653800964355e+00,1.220699429512023926e+00,1.200999617576599121e+00,1.182279825210571289e+00,1.164483785629272461e+00,1.147559881210327148e+00,1.131460785865783691e+00,1.116142392158508301e+00,1.101564407348632812e+00,1.087689280509948730e+00,1.074482440948486328e+00,1.061911940574645996e+00,1.049948692321777344e+00,1.038564801216125488e+00,1.027734518051147461e+00,1.017434716224670410e+00,1.007642984390258789e+00,9.983392357826232910e-01,9.895045161247253418e-01,9.811210632324218750e-01,9.731722474098205566e-01,9.656430482864379883e-01,9.585191607475280762e-01,9.517873525619506836e-01,9.454354643821716309e-01,9.394521117210388184e-01,9.338266849517822266e-01,9.285494685173034668e-01,9.236110448837280273e-01,9.190035462379455566e-01,9.147188663482666016e-01,9.107502102851867676e-01,9.070910215377807617e-01,9.037352204322814941e-01,9.006775021553039551e-01,8.979130387306213379e-01,8.954373002052307129e-01,8.932466506958007812e-01,8.913374543190002441e-01,8.897069096565246582e-01,8.883523344993591309e-01,8.872717618942260742e-01,8.864637017250061035e-01,8.859265446662902832e-01,8.856596946716308594e-01,8.856626749038696289e-01,8.859354853630065918e-01,8.864787220954895020e-01,8.872928023338317871e-01,8.883793950080871582e-01,8.897400498390197754e-01,8.913768529891967773e-01,8.932923078536987305e-01,8.954892158508300781e-01,8.979712128639221191e-01,9.007421135902404785e-01,9.038065075874328613e-01,9.071689248085021973e-01,9.108349084854125977e-01,9.148105978965759277e-01,9.191023111343383789e-01,9.237169623374938965e-01,9.286626577377319336e-01,9.339476227760314941e-01,9.395810365676879883e-01,9.455724954605102539e-01,9.519327282905578613e-01,9.586729407310485840e-01,9.658056497573852539e-01,9.733440279960632324e-01,9.813023805618286133e-01,9.896955490112304688e-01,9.985407590866088867e-01,1.007855176925659180e+00,1.017657756805419922e+00,1.027969121932983398e+00,1.038811445236206055e+00,1.050207972526550293e+00,1.062184453010559082e+00,1.074768662452697754e+00,1.087989807128906250e+00,1.101880311965942383e+00,1.116474151611328125e+00,1.131809711456298828e+00,1.147926568984985352e+00,1.164869070053100586e+00,1.182685017585754395e+00,1.201426148414611816e+00,1.221148133277893066e+00,1.241913437843322754e+00,1.264172911643981934e+00,1.287683725357055664e+00,1.312559962272644043e+00,1.338668704032897949e+00,1.366285443305969238e+00,1.384201407432556152e+00,1.368967056274414062e+00,1.350432991981506348e+00,1.332795023918151855e+00,1.316007137298583984e+00,1.300028085708618164e+00,1.284818649291992188e+00,1.270344495773315430e+00,1.256570696830749512e+00,1.243466973304748535e+00,1.231004953384399414e+00,1.219157934188842773e+00,1.207901120185852051e+00,1.197211742401123047e+00,1.187068343162536621e+00,1.177450895309448242e+00,1.168341159820556641e+00,1.159721851348876953e+00,1.151577234268188477e+00,1.143891811370849609e+00,1.136652350425720215e+00,1.129845976829528809e+00,1.123460769653320312e+00,1.117486119270324707e+00,1.111911177635192871e+00,1.106727123260498047e+00,1.101925492286682129e+00,1.097497940063476562e+00,1.093437790870666504e+00,1.089738130569458008e+00,1.086393237113952637e+00,1.083397984504699707e+00,1.080747365951538086e+00,1.078437328338623047e+00,1.076464653015136719e+00,1.074825644493103027e+00,1.073518276214599609e+00,1.072540402412414551e+00,1.071890592575073242e+00,1.071567535400390625e+00,esquerda
5.969620227813720703e+00,5.971459388732910156e+00,5.975119590759277344e+00,5.980607986450195312e+00,5.987932205200195312e+00,5.997103214263916016e+00,6.008134841918945312e+00,6.021044731140136719e+00,5.862997531890869141e+00,5.402580261230468750e+00,4.889563083648681641e+00,4.466227531433105469e+00,4.112531661987304688e+00,3.810605287551879883e+00,3.551081180572509766e+00,3.325804710388183594e+00,3.128501176834106445e+00,2.954984426498413086e+00,2.800348043441772461e+00,2.661294460296630859e+00,2.536149978637695312e+00,2.423042297363281250e+00,2.319639444351196289e+00,2.225186109542846680e+00,2.139619827270507812e+00,2.060683727264404297e+00,1.987703680992126465e+00,1.919836878776550293e+00,1.857721090316772461e+00,1.799783229827880859e+00,1.745425939559936523e+00,1.695225238800048828e+00,1.648014903068542480e+00,1.603708148002624512e+00,1.562477469444274902e+00,1.523334622383117676e+00,1.487012267112731934e+00,1.452385067939758301e+00,1.419888138771057129e+00,1.389237284660339355e+00,1.360082745552062988e+00,1.332610130310058594e+00,1.306637883186340332e+00,1.281890988349914551e+00,1.258502006530761719e+00,1.236408472061157227e+00,1.215751290321350098e+00,1.196131348609924316e+00,1.177487373352050781e+00,1.159763574600219727e+00,1.142908215522766113e+00,1.126874327659606934e+00,1.111618041992187500e+00,1.097099184989929199e+00,1.083280444145202637e+00,1.070127010345458984e+00,1.057607531547546387e+00,1.045692682266235352e+00,1.034355044364929199e+00,1.023568511009216309e+00,1.013310551643371582e+00,1.003558516502380371e+00,9.942924976348876953e-01,9.854934811592102051e-01,9.771440029144287109e-01,9.692274928092956543e-01,9.617287516593933105e-01,9.546337723731994629e-01,9.479293227195739746e-01,9.416031241416931152e-01,9.356440305709838867e-01,9.300414323806762695e-01,9.247856140136718750e-01,9.198671579360961914e-01,9.152783155441284180e-01,9.110110402107238770e-01,9.070584774017333984e-01,9.034140706062316895e-01,9.000719189643859863e-01,8.970265984535217285e-01,8.942733407020568848e-01,8.918076753616333008e-01,8.896258473396301270e-01,8.877244591712951660e-01,8.861004114151000977e-01,8.847514390945434570e-01,8.836752176284790039e-01,8.828703165054321289e-01,8.823354244232177734e-01,8.820697069168090820e-01,8.820726275444030762e-01,8.823443651199340820e-01,8.828853368759155273e-01,8.836961388587951660e-01,8.847783803939819336e-01,8.861335515975952148e-01,8.877636790275573730e-01,8.896713256835937500e-01,8.918593525886535645e-01,8.943312764167785645e-01,8.970909714698791504e-01,9.001429080963134766e-01,9.034916758537292480e-01,9.071429371833801270e-01,9.111023545265197754e-01,9.153767228126525879e-01,9.199726581573486328e-01,9.248983263969421387e-01,9.301619529724121094e-01,9.357723593711853027e-01,9.417395591735839844e-01,9.480740427970886230e-01,9.547869563102722168e-01,9.618908166885375977e-01,9.693984985351562500e-01,9.773246645927429199e-01,9.856838583946228027e-01,9.944931864738464355e-01,1.003769755363464355e+00,1.013532638549804688e+00,1.023802161216735840e+00,1.034600615501403809e+00,1.045950889587402344e+00,1.057878851890563965e+00,1.070412039756774902e+00,1.083579659461975098e+00,1.097413897514343262e+00,1.111948490142822266e+00,1.127221941947937012e+00,1.143273472785949707e+00,1.160147309303283691e+00,1.177891135215759277e+00,1.196556091308593750e+00,1.216198325157165527e+00,1.236879348754882812e+00,1.259054541587829590e+00,1.282474398612976074e+00,1.307254314422607422e+00,1.333261847496032715e+00,1.360771656036376953e+00,1.381986141204833984e+00,1.368965387344360352e+00,1.350431203842163086e+00,1.332793235778808594e+00,1.316005349159240723e+00,1.300026416778564453e+00,1.284817218780517578e+00,1.270342588424682617e+00,1.256569027900695801e+00,1.243465423583984375e+00,1.231003522872924805e+00,1.219156503677368164e+00,1.207899570465087891e+00,1.197210431098937988e+00,1.187067151069641113e+00,1.177449584007263184e+00,1.168340086936950684e+00,1.159720659255981445e+00,1.151575922966003418e+00,1.143890619277954102e+00,1.136651158332824707e+00,1.129844903945922852e+00,1.123459696769714355e+00,1.117484927177429199e+00,1.111909985542297363e+00,1.106726169586181641e+00,1.101924419403076172e+00,1.097496867179870605e+00,1.093436717987060547e+00,1.089737057685852051e+00,1.086392164230346680e+00,1.083396911621093750e+00,1.080746293067932129e+00,1.078436374664306641e+00,1.076463580131530762e+00,1.074824571609497070e+00,1.073517203330993652e+00,1.072539448738098145e+00,1.071889638900756836e+00,1.071566700935363770e+00,esquerda
5.969620704650878906e+00,5.971460342407226562e+00,5.975120067596435547e+00,5.980608463287353516e+00,5.987933158874511719e+00,5.997103691101074219e+00,6.008135318756103516e+00,6.021045207977294922e+00,5.849875926971435547e+00,5.381807804107666016e+00,4.870779037475585938e+00,4.449081420898437500e+00,4.096751689910888672e+00,3.795989990234375000e+00,3.537429094314575195e+00,3.312973737716674805e+00,3.116392850875854492e+00,2.943515062332153320e+00,2.789451599121093750e+00,2.650914192199707031e+00,2.526237010955810547e+00,2.413552999496459961e+00,2.310537815093994141e+00,2.216440677642822266e+00,2.131197452545166016e+00,2.052560091018676758e+00,1.979856848716735840e+00,1.912247896194458008e+00,1.850368380546569824e+00,1.792651295661926270e+00,1.738501429557800293e+00,1.688492536544799805e+00,1.641462922096252441e+00,1.597325801849365234e+00,1.556252717971801758e+00,1.517259955406188965e+00,1.481077194213867188e+00,1.446582555770874023e+00,1.414210438728332520e+00,1.383677363395690918e+00,1.354634642601013184e+00,1.327267646789550781e+00,1.301395058631896973e+00,1.276743054389953613e+00,1.253443837165832520e+00,1.231375932693481445e+00,1.210802793502807617e+00,1.191262722015380859e+00,1.172694683074951172e+00,1.155043005943298340e+00,1.138256311416625977e+00,1.122287631034851074e+00,1.107093572616577148e+00,1.092633724212646484e+00,1.078871130943298340e+00,1.065771341323852539e+00,1.053302764892578125e+00,1.041436433792114258e+00,1.030144810676574707e+00,1.019402384757995605e+00,1.009186148643493652e+00,9.994737505912780762e-01,9.902455210685729980e-01,9.814822673797607422e-01,9.731668233871459961e-01,9.652824401855468750e-01,9.578143358230590820e-01,9.507482051849365234e-01,9.440709948539733887e-01,9.377704858779907227e-01,9.318357110023498535e-01,9.262558221817016602e-01,9.210213422775268555e-01,9.161230921745300293e-01,9.115528464317321777e-01,9.073029756546020508e-01,9.033664464950561523e-01,8.997370004653930664e-01,8.964084982872009277e-01,8.933754563331604004e-01,8.906334042549133301e-01,8.881778120994567871e-01,8.860048651695251465e-01,8.841111660003662109e-01,8.824937939643859863e-01,8.811502456665039062e-01,8.800783753395080566e-01,8.792768120765686035e-01,8.787441253662109375e-01,8.784794211387634277e-01,8.784823417663574219e-01,8.787530064582824707e-01,8.792917132377624512e-01,8.800992965698242188e-01,8.811771273612976074e-01,8.825266957283020020e-01,8.841502070426940918e-01,8.860501050949096680e-01,8.882292509078979492e-01,8.906911611557006836e-01,8.934395313262939453e-01,8.964791297912597656e-01,8.998143076896667480e-01,9.034505486488342285e-01,9.073939919471740723e-01,9.116507768630981445e-01,9.162281751632690430e-01,9.211337566375732422e-01,9.263759255409240723e-01,9.319635033607482910e-01,9.379064440727233887e-01,9.442152380943298340e-01,9.509006738662719727e-01,9.579756259918212891e-01,9.654528498649597168e-01,9.733467698097229004e-01,9.816719293594360352e-01,9.904452562332153320e-01,9.996842741966247559e-01,1.009407401084899902e+00,1.019635081291198730e+00,1.030389428138732910e+00,1.041693687438964844e+00,1.053573012351989746e+00,1.066055178642272949e+00,1.079169273376464844e+00,1.092947125434875488e+00,1.107422709465026855e+00,1.122633814811706543e+00,1.138620138168334961e+00,1.155425310134887695e+00,1.173096776008605957e+00,1.191685914993286133e+00,1.211248040199279785e+00,1.231844902038574219e+00,1.253919363021850586e+00,1.277245163917541504e+00,1.301925778388977051e+00,1.327828764915466309e+00,1.355227947235107422e+00,1.379758954048156738e+00,1.368965387344360352e+00,1.350431203842163086e+00,1.332793235778808594e+00,1.316005349159240723e+00,1.300026416778564453e+00,1.284816980361938477e+00,1.270342588424682617e+00,1.256568908691406250e+00,1.243465304374694824e+00,1.231003403663635254e+00,1.219156265258789062e+00,1.207899451255798340e+00,1.197210192680358887e+00,1.187066912651062012e+00,1.177449345588684082e+00,1.168339729309082031e+00,1.159720540046691895e+00,1.151575684547424316e+00,1.143890380859375000e+00,1.136650919914245605e+00,1.129844665527343750e+00,1.123459458351135254e+00,1.117484688758850098e+00,1.111909747123718262e+00,1.106725811958312988e+00,1.101924061775207520e+00,1.097496628761291504e+00,1.093436479568481445e+00,1.089736819267272949e+00,1.086391925811767578e+00,1.083396673202514648e+00,1.080745935440063477e+00,1.078436017036437988e+00,1.076463222503662109e+00,1.074824213981628418e+00,1.073516845703125000e+00,1.072538971900939941e+00,1.071889162063598633e+00,1.071566224098205566e+00,esquerda
5.969620227813720703e+00,5.971459388732910156e+00,5.975119590759277344e+00,5.980607509613037109e+00,5.987932205200195312e+00,5.997103214263916016e+00,6.008135318756103516e+00,6.021045684814453125e+00,5.835693836212158203e+00,5.359379768371582031e+00,4.850529670715332031e+00,4.430621623992919922e+00,4.079781532287597656e+00,3.780287027359008789e+00,3.522814512252807617e+00,3.299302101135253906e+00,3.103544712066650391e+00,2.931388854980468750e+00,2.777968406677246094e+00,2.640008211135864258e+00,2.515849113464355469e+00,2.403633117675781250e+00,2.301045179367065430e+00,2.207337617874145508e+00,2.122446775436401367e+00,2.044134616851806641e+00,1.971731543540954590e+00,1.904401659965515137e+00,1.842777132987976074e+00,1.785297513008117676e+00,1.731370687484741211e+00,1.681567430496215820e+00,1.634730815887451172e+00,1.590774536132812500e+00,1.549870252609252930e+00,1.511037230491638184e+00,1.475002288818359375e+00,1.440649032592773438e+00,1.408409357070922852e+00,1.378000736236572266e+00,1.349076271057128906e+00,1.321820974349975586e+00,1.296053528785705566e+00,1.271502017974853516e+00,1.248297333717346191e+00,1.226344585418701172e+00,1.205855607986450195e+00,1.186395287513732910e+00,1.167903184890747070e+00,1.150323510169982910e+00,1.133605480194091797e+00,1.117702126502990723e+00,1.102570056915283203e+00,1.088169336318969727e+00,1.074463009834289551e+00,1.061416745185852051e+00,1.048999071121215820e+00,1.037181258201599121e+00,1.025935769081115723e+00,1.015237092971801758e+00,1.005062699317932129e+00,9.953900575637817383e-01,9.861993789672851562e-01,9.774720072746276855e-01,9.691905379295349121e-01,9.613383412361145020e-01,9.539006948471069336e-01,9.468635320663452148e-01,9.402136206626892090e-01,9.339388608932495117e-01,9.280282855033874512e-01,9.224712848663330078e-01,9.172582030296325684e-01,9.123798012733459473e-01,9.078283905982971191e-01,9.035958051681518555e-01,8.996754288673400879e-01,8.960607647895812988e-01,8.927457332611083984e-01,8.897252082824707031e-01,8.869943022727966309e-01,8.845488429069519043e-01,8.823847174644470215e-01,8.804986476898193359e-01,8.788879513740539551e-01,8.775498867034912109e-01,8.764824867248535156e-01,8.756842613220214844e-01,8.751536011695861816e-01,8.748900294303894043e-01,8.748930096626281738e-01,8.751625418663024902e-01,8.756990432739257812e-01,8.765032291412353516e-01,8.775767087936401367e-01,8.789208531379699707e-01,8.805376887321472168e-01,8.824297189712524414e-01,8.846000432968139648e-01,8.870518803596496582e-01,8.897890448570251465e-01,8.928162455558776855e-01,8.961377739906311035e-01,8.997591733932495117e-01,9.036864042282104492e-01,9.079259634017944336e-01,9.124845862388610840e-01,9.173700213432312012e-01,9.225908517837524414e-01,9.281556010246276855e-01,9.340742826461791992e-01,9.403572678565979004e-01,9.470155239105224609e-01,9.540613889694213867e-01,9.615080952644348145e-01,9.693697690963745117e-01,9.776608943939208984e-01,9.863984584808349609e-01,9.955996274948120117e-01,1.005283117294311523e+00,1.015468955039978027e+00,1.026179432868957520e+00,1.037437438964843750e+00,1.049268245697021484e+00,1.061699390411376953e+00,1.074759960174560547e+00,1.088481426239013672e+00,1.102897882461547852e+00,1.118046879768371582e+00,1.133967876434326172e+00,1.150704264640808105e+00,1.168303608894348145e+00,1.186816692352294922e+00,1.206298947334289551e+00,1.226811766624450684e+00,1.248783946037292480e+00,1.272015929222106934e+00,1.296596765518188477e+00,1.322395205497741699e+00,1.349683761596679688e+00,1.377531170845031738e+00,1.368964552879333496e+00,1.350430369377136230e+00,1.332792401313781738e+00,1.316004633903503418e+00,1.300025463104248047e+00,1.284816265106201172e+00,1.270341873168945312e+00,1.256568193435668945e+00,1.243464589118957520e+00,1.231002569198608398e+00,1.219155430793762207e+00,1.207898736000061035e+00,1.197209477424621582e+00,1.187066078186035156e+00,1.177448749542236328e+00,1.168338894844055176e+00,1.159719705581665039e+00,1.151575088500976562e+00,1.143889665603637695e+00,1.136650204658508301e+00,1.129843831062316895e+00,1.123458862304687500e+00,1.117483973503112793e+00,1.111909151077270508e+00,1.106725215911865234e+00,1.101923465728759766e+00,1.097495913505554199e+00,1.093435883522033691e+00,1.089736223220825195e+00,1.086391329765319824e+00,1.083396077156066895e+00,1.080745339393615723e+00,1.078435420989990234e+00,1.076462507247924805e+00,1.074823617935180664e+00,1.073516249656677246e+00,1.072538375854492188e+00,1.071888566017150879e+00,1.071565628051757812e+00,esquerda
5.969621181488037109e+00,5.971460819244384766e+00,5.975120067596435547e+00,5.980607986450195312e+00,5.987932682037353516e+00,5.997103691101074219e+00,6.008135795593261719e+00,6.021046161651611328e+00,5.821554183959960938e+00,5.337017536163330078e+00,4.830337524414062500e+00,4.412213325500488281e+00,4.062856674194335938e+00,3.764624834060668945e+00,3.508235692977905273e+00,3.285660505294799805e+00,3.090722799301147461e+00,2.919286727905273438e+00,2.766505479812622070e+00,2.629120111465454102e+00,2.505477428436279297e+00,2.393727540969848633e+00,2.291565656661987305e+00,2.198246479034423828e+00,2.113707304000854492e+00,2.035718917846679688e+00,1.963615179061889648e+00,1.896563291549682617e+00,1.835193037986755371e+00,1.777950644493103027e+00,1.724245786666870117e+00,1.674647569656372070e+00,1.628003716468811035e+00,1.584228396415710449e+00,1.543491840362548828e+00,1.504818320274353027e+00,1.468931317329406738e+00,1.434718608856201172e+00,1.402610898017883301e+00,1.372326731681823730e+00,1.343520641326904297e+00,1.316376805305480957e+00,1.290714383125305176e+00,1.266262888908386230e+00,1.243152618408203125e+00,1.221311450004577637e+00,1.200906515121459961e+00,1.181526064872741699e+00,1.163109779357910156e+00,1.145602464675903320e+00,1.128952860832214355e+00,1.113114953041076660e+00,1.098044753074645996e+00,1.083703160285949707e+00,1.070053100585937500e+00,1.057060360908508301e+00,1.044693827629089355e+00,1.032924294471740723e+00,1.021725177764892578e+00,1.011070370674133301e+00,1.000937700271606445e+00,9.913047552108764648e-01,9.821519255638122559e-01,9.734602570533752441e-01,9.652127623558044434e-01,9.573927521705627441e-01,9.499858021736145020e-01,9.429773688316345215e-01,9.363547563552856445e-01,9.301058053970336914e-01,9.242194890975952148e-01,9.186853766441345215e-01,9.134935736656188965e-01,9.086352586746215820e-01,9.041025042533874512e-01,8.998873233795166016e-01,8.959830403327941895e-01,8.923831582069396973e-01,8.890817761421203613e-01,8.860736489295959473e-01,8.833538889884948730e-01,8.809184432029724121e-01,8.787632584571838379e-01,8.768849968910217285e-01,8.752809166908264160e-01,8.739483356475830078e-01,8.728852868080139160e-01,8.720901608467102051e-01,8.715618252754211426e-01,8.712993860244750977e-01,8.713023066520690918e-01,8.715707063674926758e-01,8.721050024032592773e-01,8.729059696197509766e-01,8.739749789237976074e-01,8.753135800361633301e-01,8.769237995147705078e-01,8.788081407546997070e-01,8.809694647789001465e-01,8.834112286567687988e-01,8.861372470855712891e-01,8.891518712043762207e-01,8.924598097801208496e-01,8.960663676261901855e-01,8.999775648117065430e-01,9.041996002197265625e-01,9.087395668029785156e-01,9.136050939559936523e-01,9.188043475151062012e-01,9.243462681770324707e-01,9.302406907081604004e-01,9.364978671073913574e-01,9.431287646293640137e-01,9.501458406448364258e-01,9.575619697570800781e-01,9.653912782669067383e-01,9.736484289169311523e-01,9.823501706123352051e-01,9.915133714675903320e-01,1.001157283782958984e+00,1.011301279067993164e+00,1.021967768669128418e+00,1.033179640769958496e+00,1.044961929321289062e+00,1.057341933250427246e+00,1.070348858833312988e+00,1.084014058113098145e+00,1.098371386528015137e+00,1.113458156585693359e+00,1.129313945770263672e+00,1.145981669425964355e+00,1.163508772850036621e+00,1.181945919990539551e+00,1.201348185539245605e+00,1.221776843070983887e+00,1.243648052215576172e+00,1.266785979270935059e+00,1.291267395019531250e+00,1.316961288452148438e+00,1.344139099121093750e+00,1.372981905937194824e+00,1.368964076042175293e+00,1.350429773330688477e+00,1.332791924476623535e+00,1.316004157066345215e+00,1.300025105476379395e+00,1.284816026687622070e+00,1.270341515541076660e+00,1.256567835807800293e+00,1.243464112281799316e+00,1.231002211570739746e+00,1.219155311584472656e+00,1.207898378372192383e+00,1.197209239006042480e+00,1.187065839767456055e+00,1.177448391914367676e+00,1.168338775634765625e+00,1.159719586372375488e+00,1.151574730873107910e+00,1.143889427185058594e+00,1.136649966239929199e+00,1.129843711853027344e+00,1.123458504676818848e+00,1.117483854293823242e+00,1.111909031867980957e+00,1.106725096702575684e+00,1.101923346519470215e+00,1.097495913505554199e+00,1.093435764312744141e+00,1.089736104011535645e+00,1.086391210556030273e+00,1.083395957946777344e+00,1.080745339393615723e+00,1.078435301780700684e+00,1.076462507247924805e+00,1.074823617935180664e+00,1.073516249656677246e+00,1.072538375854492188e+00,1.071888566017150879e+00,1.071565628051757812e+00,esquerda
5.969623088836669922e+00,5.971462726593017578e+00,5.975122451782226562e+00,5.980610847473144531e+00,5.987935066223144531e+00,5.997105598449707031e+00,6.008137702941894531e+00,6.021047115325927734e+00,5.808861732482910156e+00,5.316812992095947266e+00,4.811911582946777344e+00,4.395275592803955078e+00,4.047177314758300781e+00,3.750030994415283203e+00,3.494579553604125977e+00,3.272824764251708984e+00,3.078609943389892578e+00,2.907814025878906250e+00,2.755605220794677734e+00,2.618737220764160156e+00,2.495562076568603516e+00,2.384236097335815430e+00,2.282462358474731445e+00,2.189499378204345703e+00,2.105283498764038086e+00,2.027594089508056641e+00,1.955767273902893066e+00,1.888973236083984375e+00,1.827839612960815430e+00,1.770817995071411133e+00,1.717320799827575684e+00,1.667914390563964844e+00,1.621451139450073242e+00,1.577845335006713867e+00,1.537267088890075684e+00,1.498743414878845215e+00,1.462995886802673340e+00,1.428916215896606445e+00,1.396933197975158691e+00,1.366766929626464844e+00,1.338072896003723145e+00,1.311034202575683594e+00,1.285471796989440918e+00,1.261114954948425293e+00,1.238094568252563477e+00,1.216278910636901855e+00,1.195958018302917480e+00,1.176657557487487793e+00,1.158316969871520996e+00,1.140881776809692383e+00,1.124300956726074219e+00,1.108528137207031250e+00,1.093520283699035645e+00,1.079237580299377441e+00,1.065643787384033203e+00,1.052704691886901855e+00,1.040388941764831543e+00,1.028668165206909180e+00,1.017514944076538086e+00,1.006904125213623047e+00,9.968132376670837402e-01,9.872199892997741699e-01,9.781047701835632324e-01,9.694491028785705566e-01,9.612354636192321777e-01,9.534477591514587402e-01,9.460711479187011719e-01,9.390917420387268066e-01,9.324964880943298340e-01,9.262732267379760742e-01,9.204111099243164062e-01,9.148996472358703613e-01,9.097294807434082031e-01,9.048911333084106445e-01,9.003769755363464355e-01,8.961792588233947754e-01,8.922910094261169434e-01,8.887059092521667480e-01,8.854181766510009766e-01,8.824224472045898438e-01,8.797140121459960938e-01,8.772885799407958984e-01,8.751421570777893066e-01,8.732717633247375488e-01,8.716741800308227539e-01,8.703470826148986816e-01,8.692883849143981934e-01,8.684966564178466797e-01,8.679705262184143066e-01,8.677090406417846680e-01,8.677119612693786621e-01,8.679792881011962891e-01,8.685113787651062012e-01,8.693090081214904785e-01,8.703737258911132812e-01,8.717067837715148926e-01,8.733103275299072266e-01,8.751869201660156250e-01,8.773394227027893066e-01,8.797710537910461426e-01,8.824857473373413086e-01,8.854880332946777344e-01,8.887823820114135742e-01,8.923740983009338379e-01,8.962691426277160645e-01,9.004737734794616699e-01,9.049950242042541504e-01,9.098404645919799805e-01,9.150183200836181641e-01,9.205374717712402344e-01,9.264075756072998047e-01,9.326388835906982422e-01,9.392425417900085449e-01,9.462306499481201172e-01,9.536161422729492188e-01,9.614133238792419434e-01,9.696364402770996094e-01,9.783022999763488770e-01,9.874279499053955078e-01,9.970318675041198730e-01,1.007134079933166504e+00,1.017756700515747070e+00,1.028922319412231445e+00,1.040656089782714844e+00,1.052985072135925293e+00,1.065938353538513184e+00,1.079547405242919922e+00,1.093845486640930176e+00,1.108870148658752441e+00,1.124660372734069824e+00,1.141259431838989258e+00,1.158714413642883301e+00,1.177075624465942383e+00,1.196397900581359863e+00,1.216742277145385742e+00,1.238511800765991211e+00,1.261555671691894531e+00,1.285937666893005371e+00,1.311526894569396973e+00,1.338593840599060059e+00,1.367318868637084961e+00,1.368961930274963379e+00,1.350427746772766113e+00,1.332790017127990723e+00,1.316002130508422852e+00,1.300023198127746582e+00,1.284814119338989258e+00,1.270339488983154297e+00,1.256565809249877930e+00,1.243462324142456055e+00,1.231000423431396484e+00,1.219153404235839844e+00,1.207896590232849121e+00,1.197207331657409668e+00,1.187064051628112793e+00,1.177446722984313965e+00,1.168336987495422363e+00,1.159717798233032227e+00,1.151572942733764648e+00,1.143887758255004883e+00,1.136648297309875488e+00,1.129842042922973633e+00,1.123456835746765137e+00,1.117481946945190430e+00,1.111907243728637695e+00,1.106723189353942871e+00,1.101921558380126953e+00,1.097494006156921387e+00,1.093434095382690430e+00,1.089734315872192383e+00,1.086389541625976562e+00,1.083394289016723633e+00,1.080743551254272461e+00,1.078433632850646973e+00,1.076460838317871094e+00,1.074821949005126953e+00,1.073514580726623535e+00,1.072536706924438477e+00,1.071886897087097168e+00,1.071563959121704102e+00,esquerda
5.969622611999511719e+00,5.971462249755859375e+00,5.975121498107910156e+00,5.980609893798828125e+00,5.987934112548828125e+00,5.997105598449707031e+00,6.008137702941894531e+00,6.021047115325927734e+00,5.794721603393554688e+00,5.294451713562011719e+00,4.791720390319824219e+00,4.376867294311523438e+00,4.030253887176513672e+00,3.734369516372680664e+00,3.480000257492065430e+00,3.259183883666992188e+00,3.065788030624389648e+00,2.895711421966552734e+00,2.744143009185791016e+00,2.607849359512329102e+00,2.485191106796264648e+00,2.374330997467041016e+00,2.272983074188232422e+00,2.180408477783203125e+00,2.096544504165649414e+00,2.019179105758666992e+00,1.947651386260986328e+00,1.881135463714599609e+00,1.820256233215332031e+00,1.763471603393554688e+00,1.710196733474731445e+00,1.660995244979858398e+00,1.614724636077880859e+00,1.571299672126770020e+00,1.530889511108398438e+00,1.492525100708007812e+00,1.456925392150878906e+00,1.422986626625061035e+00,1.391135692596435547e+00,1.361093640327453613e+00,1.332517743110656738e+00,1.305590510368347168e+00,1.280133008956909180e+00,1.255876421928405762e+00,1.232950329780578613e+00,1.211246609687805176e+00,1.191009759902954102e+00,1.171789169311523438e+00,1.153524518013000488e+00,1.136161446571350098e+00,1.119649171829223633e+00,1.103941679000854492e+00,1.088995695114135742e+00,1.074772357940673828e+00,1.061234712600708008e+00,1.048349022865295410e+00,1.036084294319152832e+00,1.024411916732788086e+00,1.013304948806762695e+00,1.002738118171691895e+00,9.926888942718505859e-01,9.831352829933166504e-01,9.740577340126037598e-01,9.654379487037658691e-01,9.572584033012390137e-01,9.495028257369995117e-01,9.421569108963012695e-01,9.352061152458190918e-01,9.286381602287292480e-01,9.224406480789184570e-01,9.166027903556823730e-01,9.111142158508300781e-01,9.059652686119079590e-01,9.011470675468444824e-01,8.966515660285949707e-01,8.924711942672729492e-01,8.885990381240844727e-01,8.850287795066833496e-01,8.817546367645263672e-01,8.787712454795837402e-01,8.760740160942077637e-01,8.736586570739746094e-01,8.715211749076843262e-01,8.696584105491638184e-01,8.680675029754638672e-01,8.667458891868591309e-01,8.656915426254272461e-01,8.649030327796936035e-01,8.643790483474731445e-01,8.641186952590942383e-01,8.641215562820434570e-01,8.643877506256103516e-01,8.649177551269531250e-01,8.657120466232299805e-01,8.667723536491394043e-01,8.680998682975769043e-01,8.696968555450439453e-01,8.715656399726867676e-01,8.737091422080993652e-01,8.761307597160339355e-01,8.788342475891113281e-01,8.818240761756896973e-01,8.851047754287719727e-01,8.886816501617431641e-01,8.925606608390808105e-01,8.967477679252624512e-01,9.012502431869506836e-01,9.060756564140319824e-01,9.112321138381958008e-01,9.167283773422241211e-01,9.225742220878601074e-01,9.287797808647155762e-01,9.353560209274291992e-01,9.423152804374694824e-01,9.496703147888183594e-01,9.574351310729980469e-01,9.656241536140441895e-01,9.742542505264282227e-01,9.833420515060424805e-01,9.929063320159912109e-01,1.002966761589050293e+00,1.013545393943786621e+00,1.024664759635925293e+00,1.036349892616271973e+00,1.048627972602844238e+00,1.061527609825134277e+00,1.075080275535583496e+00,1.089319229125976562e+00,1.104281783103942871e+00,1.120006680488586426e+00,1.136536955833435059e+00,1.153919696807861328e+00,1.172204971313476562e+00,1.191447377204895020e+00,1.211707353591918945e+00,1.233446598052978516e+00,1.256398439407348633e+00,1.280682563781738281e+00,1.306169390678405762e+00,1.333127975463867188e+00,1.361737847328186035e+00,1.368961930274963379e+00,1.350427746772766113e+00,1.332789897918701172e+00,1.316002130508422852e+00,1.300023078918457031e+00,1.284813880920410156e+00,1.270339369773864746e+00,1.256565690040588379e+00,1.243462204933166504e+00,1.231000185012817383e+00,1.219153165817260742e+00,1.207896471023559570e+00,1.197207212448120117e+00,1.187063813209533691e+00,1.177446603775024414e+00,1.168336749076843262e+00,1.159717559814453125e+00,1.151572704315185547e+00,1.143887400627136230e+00,1.136647939682006836e+00,1.129841685295104980e+00,1.123456597328186035e+00,1.117481708526611328e+00,1.111906886100769043e+00,1.106722950935363770e+00,1.101921200752258301e+00,1.097493767738342285e+00,1.093433737754821777e+00,1.089733958244323730e+00,1.086389064788818359e+00,1.083393931388854980e+00,1.080743193626403809e+00,1.078433275222778320e+00,1.076460480690002441e+00,1.074821472167968750e+00,1.073514103889465332e+00,1.072536230087280273e+00,1.071886420249938965e+00,1.071563482284545898e+00,esquerda
5.969623088836669922e+00,5.971462726593017578e+00,5.975121974945068359e+00,5.980610370635986328e+00,5.987934589385986328e+00,5.997106075286865234e+00,6.008138179779052734e+00,6.021048545837402344e+00,5.780587673187255859e+00,5.272096157073974609e+00,4.771533966064453125e+00,4.358462333679199219e+00,4.013332366943359375e+00,3.718709707260131836e+00,3.465422868728637695e+00,3.245543479919433594e+00,3.052967309951782227e+00,2.883609533309936523e+00,2.732681274414062500e+00,2.596962213516235352e+00,2.474819898605346680e+00,2.364426136016845703e+00,2.263504028320312500e+00,2.171317815780639648e+00,2.087805271148681641e+00,2.010763645172119141e+00,1.939535498619079590e+00,1.873297691345214844e+00,1.812672495841979980e+00,1.756125092506408691e+00,1.703072071075439453e+00,1.654075860977172852e+00,1.607998013496398926e+00,1.564753890037536621e+00,1.524511456489562988e+00,1.486306786537170410e+00,1.450854778289794922e+00,1.417056441307067871e+00,1.385337591171264648e+00,1.355419993400573730e+00,1.326962351799011230e+00,1.300146341323852539e+00,1.274793982505798340e+00,1.250637412071228027e+00,1.227805852890014648e+00,1.206214427947998047e+00,1.186061620712280273e+00,1.166920781135559082e+00,1.148732185363769531e+00,1.131441116333007812e+00,1.114997506141662598e+00,1.099355220794677734e+00,1.084471344947814941e+00,1.070307135581970215e+00,1.056825757026672363e+00,1.043993711471557617e+00,1.031779766082763672e+00,1.020156025886535645e+00,1.009095311164855957e+00,9.985722303390502930e-01,9.885647892951965332e-01,9.790508747100830078e-01,9.700109958648681641e-01,9.614270925521850586e-01,9.532814621925354004e-01,9.455581307411193848e-01,9.382426738739013672e-01,9.313209056854248047e-01,9.247801899909973145e-01,9.186084270477294922e-01,9.127949476242065430e-01,9.073290824890136719e-01,9.022015333175659180e-01,8.974032998085021973e-01,8.929265141487121582e-01,8.887634277343750000e-01,8.849074244499206543e-01,8.813520669937133789e-01,8.780915141105651855e-01,8.751205801963806152e-01,8.724344372749328613e-01,8.700290918350219727e-01,8.679005503654479980e-01,8.660456538200378418e-01,8.644613027572631836e-01,8.631451725959777832e-01,8.620952367782592773e-01,8.613100051879882812e-01,8.607881665229797363e-01,8.605288863182067871e-01,8.605318069458007812e-01,8.607969880104064941e-01,8.613246679306030273e-01,8.621156811714172363e-01,8.631715178489685059e-01,8.644934892654418945e-01,8.660838007926940918e-01,8.679448962211608887e-01,8.700795769691467285e-01,8.724910616874694824e-01,8.751833438873291016e-01,8.781608343124389648e-01,8.814278244972229004e-01,8.849897980690002441e-01,8.888527154922485352e-01,8.930225372314453125e-01,8.975064158439636230e-01,9.023116827011108398e-01,9.074466824531555176e-01,9.129201769828796387e-01,9.187416434288024902e-01,9.249215126037597656e-01,9.314704537391662598e-01,9.384008049964904785e-01,9.457252025604248047e-01,9.534578323364257812e-01,9.616128206253051758e-01,9.702070355415344238e-01,9.792571663856506348e-01,9.887816309928894043e-01,9.988003373146057129e-01,1.009334921836853027e+00,1.020408153533935547e+00,1.032044887542724609e+00,1.044271945953369141e+00,1.057117938995361328e+00,1.070614337921142578e+00,1.084794044494628906e+00,1.099694490432739258e+00,1.115354180335998535e+00,1.131815791130065918e+00,1.149126172065734863e+00,1.167335510253906250e+00,1.186497926712036133e+00,1.206674098968505859e+00,1.228311419486999512e+00,1.251169085502624512e+00,1.275353789329528809e+00,1.300736069679260254e+00,1.327583670616149902e+00,1.356076121330261230e+00,1.368961334228515625e+00,1.350427269935607910e+00,1.332789421081542969e+00,1.316001534461975098e+00,1.300022602081298828e+00,1.284813404083251953e+00,1.270338892936706543e+00,1.256565332412719727e+00,1.243461847305297852e+00,1.230999946594238281e+00,1.219152927398681641e+00,1.207896113395690918e+00,1.197206854820251465e+00,1.187063574790954590e+00,1.177446365356445312e+00,1.168336510658264160e+00,1.159717202186584473e+00,1.151572465896606445e+00,1.143887281417846680e+00,1.136647820472717285e+00,1.129841446876525879e+00,1.123456478118896484e+00,1.117481589317321777e+00,1.111906766891479492e+00,1.106722712516784668e+00,1.101921200752258301e+00,1.097493648529052734e+00,1.093433618545532227e+00,1.089733839035034180e+00,1.086389064788818359e+00,1.083393812179565430e+00,1.080743074417114258e+00,1.078433156013488770e+00,1.076460361480712891e+00,1.074821472167968750e+00,1.073514103889465332e+00,1.072536230087280273e+00,1.071886539459228516e+00,1.071563601493835449e+00,esquerda
5.969624996185302734e+00,5.971464633941650391e+00,5.975124359130859375e+00,5.980612754821777344e+00,5.987936973571777344e+00,5.997107982635498047e+00,6.008139610290527344e+00,6.021049499511718750e+00,5.766839981079101562e+00,5.250240325927734375e+00,4.751641273498535156e+00,4.340206146240234375e+00,3.996455192565917969e+00,3.703026056289672852e+00,3.450814962387084961e+00,3.231876611709594727e+00,3.040123224258422852e+00,2.871487617492675781e+00,2.721201181411743164e+00,2.586058855056762695e+00,2.464434623718261719e+00,2.354508638381958008e+00,2.254013299942016602e+00,2.162216901779174805e+00,2.079056501388549805e+00,2.002339839935302734e+00,1.931411743164062500e+00,1.865452766418457031e+00,1.805082559585571289e+00,1.748772501945495605e+00,1.695942282676696777e+00,1.647151470184326172e+00,1.601266741752624512e+00,1.558203458786010742e+00,1.518129467964172363e+00,1.480084419250488281e+00,1.444780349731445312e+00,1.411123514175415039e+00,1.379536747932434082e+00,1.349743723869323730e+00,1.321404576301574707e+00,1.294700026512145996e+00,1.269452929496765137e+00,1.245396614074707031e+00,1.222659587860107422e+00,1.201181650161743164e+00,1.181113004684448242e+00,1.162052035331726074e+00,1.143939137458801270e+00,1.126720309257507324e+00,1.110345244407653809e+00,1.094768285751342773e+00,1.079946637153625488e+00,1.065841317176818848e+00,1.052416324615478516e+00,1.039637684822082520e+00,1.027474761009216309e+00,1.015899538993835449e+00,1.004884958267211914e+00,9.944056868553161621e-01,9.844400286674499512e-01,9.749658703804016113e-01,9.659637212753295898e-01,9.574155211448669434e-01,9.493039250373840332e-01,9.416128993034362793e-01,9.343278408050537109e-01,9.274349808692932129e-01,9.209216237068176270e-01,9.147755503654479980e-01,9.089862108230590820e-01,9.035432338714599609e-01,8.984371423721313477e-01,8.936588764190673828e-01,8.892006874084472656e-01,8.850550651550292969e-01,8.812151551246643066e-01,8.776745796203613281e-01,8.744276165962219238e-01,8.714690804481506348e-01,8.687942624092102051e-01,8.663988709449768066e-01,8.642791509628295898e-01,8.624318838119506836e-01,8.608541488647460938e-01,8.595436215400695801e-01,8.584980964660644531e-01,8.577161431312561035e-01,8.571965098381042480e-01,8.569383025169372559e-01,8.569411635398864746e-01,8.572051525115966797e-01,8.577306270599365234e-01,8.585183620452880859e-01,8.595698475837707520e-01,8.608863353729248047e-01,8.624699711799621582e-01,8.643232583999633789e-01,8.664489984512329102e-01,8.688505291938781738e-01,8.715315461158752441e-01,8.744965195655822754e-01,8.777499794960021973e-01,8.812970519065856934e-01,8.851438164710998535e-01,8.892962932586669922e-01,8.937613368034362793e-01,8.985466361045837402e-01,9.036601781845092773e-01,9.091108441352844238e-01,9.149080514907836914e-01,9.210621118545532227e-01,9.275836348533630371e-01,9.344850182533264160e-01,9.417790174484252930e-01,9.494792819023132324e-01,9.576002955436706543e-01,9.661584496498107910e-01,9.751709103584289551e-01,9.846556186676025391e-01,9.946325421333312988e-01,1.005123376846313477e+00,1.016150236129760742e+00,1.027738332748413086e+00,1.039914369583129883e+00,1.052706956863403320e+00,1.066146850585937500e+00,1.080267310142517090e+00,1.095105648040771484e+00,1.110699892044067383e+00,1.127092957496643066e+00,1.144331097602844238e+00,1.162464261054992676e+00,1.181546926498413086e+00,1.201638698577880859e+00,1.223191261291503906e+00,1.245957851409912109e+00,1.270046114921569824e+00,1.295327067375183105e+00,1.322067856788635254e+00,1.350446343421936035e+00,1.368959188461303711e+00,1.350425124168395996e+00,1.332787275314331055e+00,1.315999507904052734e+00,1.300020575523376465e+00,1.284811377525329590e+00,1.270336985588073730e+00,1.256563425064086914e+00,1.243459820747375488e+00,1.230998039245605469e+00,1.219151020050048828e+00,1.207894206047058105e+00,1.197204947471618652e+00,1.187061667442321777e+00,1.177444458007812500e+00,1.168334603309631348e+00,1.159715414047241211e+00,1.151570677757263184e+00,1.143885493278503418e+00,1.136646151542663574e+00,1.129839777946472168e+00,1.123454809188842773e+00,1.117479801177978516e+00,1.111905097961425781e+00,1.106721043586730957e+00,1.101919651031494141e+00,1.097491979598999023e+00,1.093431949615478516e+00,1.089732170104980469e+00,1.086387395858764648e+00,1.083392262458801270e+00,1.080741405487060547e+00,1.078431487083435059e+00,1.076458811759948730e+00,1.074819922447204590e+00,1.073512434959411621e+00,1.072534561157226562e+00,1.071884870529174805e+00,1.071561932563781738e+00,esquerda
5.969625949859619141e+00,5.971465587615966797e+00,5.975124835968017578e+00,5.980613231658935547e+00,5.987937927246093750e+00,5.997108459472656250e+00,6.008140087127685547e+00,6.021049976348876953e+00,5.753722667694091797e+00,5.229475975036621094e+00,4.732864379882812500e+00,4.323066234588623047e+00,3.980680942535400391e+00,3.688407897949218750e+00,3.437147855758666992e+00,3.219031333923339844e+00,3.028002738952636719e+00,2.860007286071777344e+00,2.710294485092163086e+00,2.575670242309570312e+00,2.454513788223266602e+00,2.345011949539184570e+00,2.244906187057495117e+00,2.153465509414672852e+00,2.070628881454467773e+00,1.994211435317993164e+00,1.923560380935668945e+00,1.857859611511230469e+00,1.797726154327392578e+00,1.741637110710144043e+00,1.689014554023742676e+00,1.640415787696838379e+00,1.594711780548095703e+00,1.551818251609802246e+00,1.511902451515197754e+00,1.474007844924926758e+00,1.438843131065368652e+00,1.405319213867187500e+00,1.373857378959655762e+00,1.344182133674621582e+00,1.315954923629760742e+00,1.289355993270874023e+00,1.264208674430847168e+00,1.240247488021850586e+00,1.217600226402282715e+00,1.196149468421936035e+00,1.176164865493774414e+00,1.157183647155761719e+00,1.139146924018859863e+00,1.122000217437744141e+00,1.105693697929382324e+00,1.090181946754455566e+00,1.075422406196594238e+00,1.061376214027404785e+00,1.048007488250732422e+00,1.035282254219055176e+00,1.023170471191406250e+00,1.011643648147583008e+00,1.000675082206726074e+00,9.902397990226745605e-01,9.803159236907958984e-01,9.708814024925231934e-01,9.619170427322387695e-01,9.534045457839965820e-01,9.453269839286804199e-01,9.376680850982666016e-01,9.304136037826538086e-01,9.235496520996093750e-01,9.170635342597961426e-01,9.109432697296142578e-01,9.051781892776489258e-01,8.997581005096435547e-01,8.946732878684997559e-01,8.899151086807250977e-01,8.854756355285644531e-01,8.813472986221313477e-01,8.775234222412109375e-01,8.739977478981018066e-01,8.707643151283264160e-01,8.678181767463684082e-01,8.651545047760009766e-01,8.627692461013793945e-01,8.606585264205932617e-01,8.588188886642456055e-01,8.572478890419006348e-01,8.559427857398986816e-01,8.549014925956726074e-01,8.541228771209716797e-01,8.536053895950317383e-01,8.533482551574707031e-01,8.533511757850646973e-01,8.536140322685241699e-01,8.541373610496520996e-01,8.549218177795410156e-01,8.559687733650207520e-01,8.572797775268554688e-01,8.588568568229675293e-01,8.607023358345031738e-01,8.628191947937011719e-01,8.652106523513793945e-01,8.678804039955139160e-01,8.708330988883972168e-01,8.740727901458740234e-01,8.776050209999084473e-01,8.814357519149780273e-01,8.855707049369812012e-01,8.900171518325805664e-01,8.947823047637939453e-01,8.998745083808898926e-01,9.053022861480712891e-01,9.110752344131469727e-01,9.172034859657287598e-01,9.236977696418762207e-01,9.305701851844787598e-01,9.378336071968078613e-01,9.455016851425170898e-01,9.535886645317077637e-01,9.621110558509826660e-01,9.710856080055236816e-01,9.805306196212768555e-01,9.904657602310180664e-01,1.000912547111511230e+00,1.011893272399902344e+00,1.023432970046997070e+00,1.035557866096496582e+00,1.048296689987182617e+00,1.061680555343627930e+00,1.075741887092590332e+00,1.090517997741699219e+00,1.106046795845031738e+00,1.122371196746826172e+00,1.139537215232849121e+00,1.157594561576843262e+00,1.176597118377685547e+00,1.196604728698730469e+00,1.218053817749023438e+00,1.240726470947265625e+00,1.264715313911437988e+00,1.289891600608825684e+00,1.316521644592285156e+00,1.344782590866088867e+00,1.367122650146484375e+00,1.350425124168395996e+00,1.332787275314331055e+00,1.315999507904052734e+00,1.300020456314086914e+00,1.284811258316040039e+00,1.270336985588073730e+00,1.256563305854797363e+00,1.243459701538085938e+00,1.230997681617736816e+00,1.219150781631469727e+00,1.207894086837768555e+00,1.197204828262329102e+00,1.187061429023742676e+00,1.177444100379943848e+00,1.168334364891052246e+00,1.159715175628662109e+00,1.151570558547973633e+00,1.143885135650634766e+00,1.136645674705505371e+00,1.129839420318603516e+00,1.123454332351684570e+00,1.117479443550109863e+00,1.111904740333557129e+00,1.106720805168151855e+00,1.101919174194335938e+00,1.097491621971130371e+00,1.093431472778320312e+00,1.089731812477111816e+00,1.086387038230895996e+00,1.083391785621643066e+00,1.080741047859191895e+00,1.078431129455566406e+00,1.076458334922790527e+00,1.074819445610046387e+00,1.073512077331542969e+00,1.072534203529357910e+00,1.071884393692016602e+00,1.071561455726623535e+00,esquerda
5.969625473022460938e+00,5.971465110778808594e+00,5.975124359130859375e+00,5.980612277984619141e+00,5.987936973571777344e+00,5.997107982635498047e+00,6.008140087127685547e+00,6.021050453186035156e+00,5.739573955535888672e+00,5.207102775573730469e+00,4.712667942047119141e+00,4.304656982421875000e+00,3.963758945465087891e+00,3.672750234603881836e+00,3.422572612762451172e+00,3.205393791198730469e+00,3.015183687210083008e+00,2.847907304763793945e+00,2.698834896087646484e+00,2.564784765243530273e+00,2.444144725799560547e+00,2.335108757019042969e+00,2.235428094863891602e+00,2.144376277923583984e+00,2.061891078948974609e+00,1.985797643661499023e+00,1.915445685386657715e+00,1.850022673606872559e+00,1.790143609046936035e+00,1.734291553497314453e+00,1.681891202926635742e+00,1.633497476577758789e+00,1.587986111640930176e+00,1.545273303985595703e+00,1.505525350570678711e+00,1.467790126800537109e+00,1.432773232460021973e+00,1.399390101432800293e+00,1.368060231208801270e+00,1.338509321212768555e+00,1.310400485992431641e+00,1.283912658691406250e+00,1.258870601654052734e+00,1.235009193420410156e+00,1.212456464767456055e+00,1.191118001937866211e+00,1.171217560768127441e+00,1.152316212654113770e+00,1.134355187416076660e+00,1.117280602455139160e+00,1.101042747497558594e+00,1.085596323013305664e+00,1.070898771286010742e+00,1.056911706924438477e+00,1.043599128723144531e+00,1.030927538871765137e+00,1.018866658210754395e+00,1.007388234138488770e+00,9.964658617973327637e-01,9.860745668411254883e-01,9.761923551559448242e-01,9.667975306510925293e-01,9.578709006309509277e-01,9.493942260742187500e-01,9.413505792617797852e-01,9.337239861488342285e-01,9.265000224113464355e-01,9.196649193763732910e-01,9.132061004638671875e-01,9.071115255355834961e-01,9.013707041740417480e-01,8.959733843803405762e-01,8.909100294113159180e-01,8.861717581748962402e-01,8.817511200904846191e-01,8.776400089263916016e-01,8.738322854042053223e-01,8.703213334083557129e-01,8.671016693115234375e-01,8.641678690910339355e-01,8.615153431892395020e-01,8.591400980949401855e-01,8.570381999015808105e-01,8.552064299583435059e-01,8.536419272422790527e-01,8.523423671722412109e-01,8.513055443763732910e-01,8.505301475524902344e-01,8.500148653984069824e-01,8.497588038444519043e-01,8.497617244720458984e-01,8.500234484672546387e-01,8.505445718765258789e-01,8.513256907463073730e-01,8.523682951927185059e-01,8.536738157272338867e-01,8.552441596984863281e-01,8.570818901062011719e-01,8.591898679733276367e-01,8.615712523460388184e-01,8.642297387123107910e-01,8.671700358390808105e-01,8.703961372375488281e-01,8.739135265350341797e-01,8.777280449867248535e-01,8.818456530570983887e-01,8.862734436988830566e-01,8.910186290740966797e-01,8.960893750190734863e-01,9.014942646026611328e-01,9.072429537773132324e-01,9.133453965187072754e-01,9.198123812675476074e-01,9.266560077667236328e-01,9.338887333869934082e-01,9.415245652198791504e-01,9.495775699615478516e-01,9.580640196800231934e-01,9.670009016990661621e-01,9.764062166213989258e-01,9.862995147705078125e-01,9.967023730278015137e-01,1.007637023925781250e+00,1.019127964973449707e+00,1.031201958656311035e+00,1.043887376785278320e+00,1.057214736938476562e+00,1.071216940879821777e+00,1.085930824279785156e+00,1.101394414901733398e+00,1.117650270462036133e+00,1.134744048118591309e+00,1.152725338935852051e+00,1.171648025512695312e+00,1.191571474075317383e+00,1.212918519973754883e+00,1.235497355461120605e+00,1.259386420249938965e+00,1.284458398818969727e+00,1.310977458953857422e+00,1.339120745658874512e+00,1.362875819206237793e+00,1.350424289703369141e+00,1.332786440849304199e+00,1.315998792648315430e+00,1.300019860267639160e+00,1.284810543060302734e+00,1.270336270332336426e+00,1.256562709808349609e+00,1.243458986282348633e+00,1.230997085571289062e+00,1.219150066375732422e+00,1.207893252372741699e+00,1.197204113006591797e+00,1.187060832977294922e+00,1.177443504333496094e+00,1.168333768844604492e+00,1.159714579582214355e+00,1.151569843292236328e+00,1.143884539604187012e+00,1.136645078659057617e+00,1.129838824272155762e+00,1.123453736305236816e+00,1.117478847503662109e+00,1.111904025077819824e+00,1.106720209121704102e+00,1.101918578147888184e+00,1.097491025924682617e+00,1.093430876731872559e+00,1.089731216430664062e+00,1.086386442184448242e+00,1.083391189575195312e+00,1.080740451812744141e+00,1.078430414199829102e+00,1.076457738876342773e+00,1.074818730354309082e+00,1.073511362075805664e+00,1.072533607482910156e+00,1.071883797645568848e+00,1.071560740470886230e+00,esquerda
5.969627380371093750e+00,5.971467018127441406e+00,5.975126266479492188e+00,5.980614662170410156e+00,5.987938880920410156e+00,5.997109889984130859e+00,6.008141994476318359e+00,6.021051406860351562e+00,5.725446701049804688e+00,5.184759140014648438e+00,4.692491054534912109e+00,4.286260604858398438e+00,3.946844339370727539e+00,3.657096385955810547e+00,3.408000707626342773e+00,3.191757917404174805e+00,3.002366781234741211e+00,2.835808992385864258e+00,2.687376022338867188e+00,2.553900241851806641e+00,2.433776378631591797e+00,2.325206279754638672e+00,2.225951433181762695e+00,2.135287284851074219e+00,2.053153753280639648e+00,1.977383852005004883e+00,1.907330989837646484e+00,1.842186212539672852e+00,1.782561063766479492e+00,1.726945996284484863e+00,1.674767851829528809e+00,1.626578927040100098e+00,1.581260323524475098e+00,1.538727998733520508e+00,1.499148130416870117e+00,1.461572170257568359e+00,1.426703095436096191e+00,1.393460631370544434e+00,1.362262606620788574e+00,1.332836270332336426e+00,1.304845452308654785e+00,1.278469204902648926e+00,1.253531932830810547e+00,1.229770779609680176e+00,1.207312226295471191e+00,1.186084866523742676e+00,1.166268348693847656e+00,1.147447109222412109e+00,1.129562020301818848e+00,1.112559437751770020e+00,1.096390247344970703e+00,1.081009030342102051e+00,1.066373586654663086e+00,1.052445650100708008e+00,1.039189219474792480e+00,1.026571393013000488e+00,1.014561295509338379e+00,1.003131508827209473e+00,9.922552108764648438e-01,9.819078445434570312e-01,9.720673561096191406e-01,9.627122879028320312e-01,9.538233280181884766e-01,9.453824758529663086e-01,9.373728632926940918e-01,9.297783970832824707e-01,9.225851297378540039e-01,9.157787561416625977e-01,9.093472957611083984e-01,9.032784700393676758e-01,8.975619673728942871e-01,8.921873569488525391e-01,8.871453404426574707e-01,8.824272155761718750e-01,8.780251145362854004e-01,8.739315271377563477e-01,8.701398968696594238e-01,8.666437864303588867e-01,8.634376525878906250e-01,8.605163097381591797e-01,8.578749895095825195e-01,8.555098176002502441e-01,8.534167408943176270e-01,8.515927195549011230e-01,8.500348925590515137e-01,8.487406969070434570e-01,8.477083444595336914e-01,8.469362854957580566e-01,8.464230298995971680e-01,8.461681008338928223e-01,8.461710214614868164e-01,8.464316725730895996e-01,8.469505906105041504e-01,8.477284312248229980e-01,8.487666249275207520e-01,8.500665426254272461e-01,8.516303300857543945e-01,8.534603118896484375e-01,8.555593490600585938e-01,8.579306602478027344e-01,8.605780005455017090e-01,8.635058403015136719e-01,8.667182922363281250e-01,8.702207803726196289e-01,8.740191459655761719e-01,8.781194686889648438e-01,8.825284838676452637e-01,8.872535824775695801e-01,8.923028707504272461e-01,8.976850509643554688e-01,9.034094214439392090e-01,9.094860553741455078e-01,9.159256815910339355e-01,9.227403402328491211e-01,9.299426078796386719e-01,9.375461935997009277e-01,9.455650448799133301e-01,9.540158510208129883e-01,9.629148840904235840e-01,9.722804427146911621e-01,9.821318984031677246e-01,9.924908280372619629e-01,1.003379106521606445e+00,1.014821648597717285e+00,1.026844620704650879e+00,1.039476394653320312e+00,1.052747488021850586e+00,1.066690683364868164e+00,1.081342220306396484e+00,1.096740484237670898e+00,1.112927556037902832e+00,1.129949092864990234e+00,1.147854447364807129e+00,1.166697144508361816e+00,1.186536431312561035e+00,1.207782387733459473e+00,1.230267167091369629e+00,1.254056811332702637e+00,1.279024124145507812e+00,1.305432558059692383e+00,1.333458185195922852e+00,1.358628273010253906e+00,1.350422382354736328e+00,1.332784652709960938e+00,1.315997004508972168e+00,1.300017952919006348e+00,1.284808874130249023e+00,1.270334601402282715e+00,1.256560921669006348e+00,1.243457317352294922e+00,1.230995535850524902e+00,1.219148516654968262e+00,1.207891821861267090e+00,1.197202682495117188e+00,1.187059283256530762e+00,1.177441954612731934e+00,1.168332576751708984e+00,1.159713149070739746e+00,1.151568531990051270e+00,1.143883228302001953e+00,1.136643648147583008e+00,1.129837632179260254e+00,1.123452425003051758e+00,1.117477774620056152e+00,1.111902832984924316e+00,1.106718897819519043e+00,1.101917266845703125e+00,1.097489714622497559e+00,1.093429803848266602e+00,1.089730024337768555e+00,1.086385250091552734e+00,1.083389997482299805e+00,1.080739259719848633e+00,1.078429341316223145e+00,1.076456665992736816e+00,1.074817657470703125e+00,1.073510289192199707e+00,1.072532415390014648e+00,1.071882724761962891e+00,1.071559667587280273e+00,esquerda
5.969627857208251953e+00,5.971467494964599609e+00,5.975126743316650391e+00,5.980615139007568359e+00,5.987939357757568359e+00,5.997110366821289062e+00,6.008142471313476562e+00,6.021052360534667969e+00,5.711723327636718750e+00,5.162941932678222656e+00,4.672634124755859375e+00,4.268037796020507812e+00,3.929998397827148438e+00,3.641454219818115234e+00,3.393430948257446289e+00,3.178125381469726562e+00,2.989553213119506836e+00,2.823713779449462891e+00,2.675919771194458008e+00,2.543018102645874023e+00,2.423410415649414062e+00,2.315306186676025391e+00,2.216476678848266602e+00,2.126201152801513672e+00,2.044418573379516602e+00,1.968972682952880859e+00,1.899219155311584473e+00,1.834351897239685059e+00,1.774981021881103516e+00,1.719602823257446289e+00,1.667646646499633789e+00,1.619662880897521973e+00,1.574536442756652832e+00,1.532185077667236328e+00,1.492773056030273438e+00,1.455356478691101074e+00,1.420634865760803223e+00,1.387533187866210938e+00,1.356467008590698242e+00,1.327165007591247559e+00,1.299292564392089844e+00,1.273027420043945312e+00,1.248195290565490723e+00,1.224534034729003906e+00,1.202169895172119141e+00,1.181052923202514648e+00,1.161320686340332031e+00,1.142579078674316406e+00,1.124769806861877441e+00,1.107839465141296387e+00,1.091738820075988770e+00,1.076422929763793945e+00,1.061849474906921387e+00,1.047980666160583496e+00,1.034780621528625488e+00,1.022216081619262695e+00,1.010257005691528320e+00,9.988757967948913574e-01,9.880455732345581055e-01,9.777421355247497559e-01,9.679434895515441895e-01,9.586279392242431641e-01,9.497767090797424316e-01,9.413717389106750488e-01,9.333961606025695801e-01,9.258338809013366699e-01,9.186709523200988770e-01,9.118936061859130859e-01,9.054893851280212402e-01,8.994463086128234863e-01,8.937541246414184570e-01,8.884023427963256836e-01,8.833817839622497559e-01,8.786836266517639160e-01,8.743001222610473633e-01,8.702239394187927246e-01,8.664483428001403809e-01,8.629670143127441406e-01,8.597745299339294434e-01,8.568655848503112793e-01,8.542355298995971680e-01,8.518803119659423828e-01,8.497962355613708496e-01,8.479799032211303711e-01,8.464286327362060547e-01,8.451399803161621094e-01,8.441119194030761719e-01,8.433430790901184082e-01,8.428321480751037598e-01,8.425782918930053711e-01,8.425811529159545898e-01,8.428406715393066406e-01,8.433573842048645020e-01,8.441319465637207031e-01,8.451657295227050781e-01,8.464602231979370117e-01,8.480172753334045410e-01,8.498395681381225586e-01,8.519296050071716309e-01,8.542909026145935059e-01,8.569270372390747070e-01,8.598424196243286133e-01,8.630412817001342773e-01,8.665289282798767090e-01,8.703112006187438965e-01,8.743941187858581543e-01,8.787844181060791016e-01,8.834893703460693359e-01,8.885173797607421875e-01,8.938766717910766602e-01,8.995767235755920410e-01,9.056275486946105957e-01,9.120398759841918945e-01,9.188256859779357910e-01,9.259973168373107910e-01,9.335685968399047852e-01,9.415535926818847656e-01,9.499684572219848633e-01,9.588296413421630859e-01,9.681555628776550293e-01,9.779652357101440430e-01,9.882801771163940430e-01,9.991224408149719238e-01,1.010516285896301270e+00,1.022488236427307129e+00,1.035066366195678711e+00,1.048281311988830566e+00,1.062165260314941406e+00,1.076754808425903320e+00,1.092087626457214355e+00,1.108206033706665039e+00,1.125155329704284668e+00,1.142984747886657715e+00,1.161747455596923828e+00,1.181502699851989746e+00,1.202647328376770020e+00,1.225038290023803711e+00,1.248728275299072266e+00,1.273590922355651855e+00,1.299888730049133301e+00,1.327796816825866699e+00,1.354381680488586426e+00,1.350421547889709473e+00,1.332783937454223633e+00,1.315996170043945312e+00,1.300017237663269043e+00,1.284807920455932617e+00,1.270333647727966309e+00,1.256560206413269043e+00,1.243456602096557617e+00,1.230994701385498047e+00,1.219147682189941406e+00,1.207890987396240234e+00,1.197201848030090332e+00,1.187058568000793457e+00,1.177441239356994629e+00,1.168331623077392578e+00,1.159712433815002441e+00,1.151567697525024414e+00,1.143882393836975098e+00,1.136643052101135254e+00,1.129836797714233398e+00,1.123451709747314453e+00,1.117476940155029297e+00,1.111902236938476562e+00,1.106718301773071289e+00,1.101916551589965820e+00,1.097489118576049805e+00,1.093429088592529297e+00,1.089729309082031250e+00,1.086384534835815430e+00,1.083389282226562500e+00,1.080738663673400879e+00,1.078428626060485840e+00,1.076455950736999512e+00,1.074817061424255371e+00,1.073509573936462402e+00,1.072531819343566895e+00,1.071882009506225586e+00,1.071558952331542969e+00,esquerda
5.969627380371093750e+00,5.971467018127441406e+00,5.975126266479492188e+00,5.980614662170410156e+00,5.987938880920410156e+00,5.997110366821289062e+00,6.008142471313476562e+00,6.021052837371826172e+00,5.698570728302001953e+00,5.142120838165283203e+00,4.653806686401367188e+00,4.250852108001708984e+00,3.914182424545288086e+00,3.626786470413208008e+00,3.379718542098999023e+00,3.165240764617919922e+00,2.977396726608276367e+00,2.812202453613281250e+00,2.664985418319702148e+00,2.532604455947875977e+00,2.413466930389404297e+00,2.305789232254028320e+00,2.207350254058837891e+00,2.117432594299316406e+00,2.035974979400634766e+00,1.960829377174377441e+00,1.891354084014892578e+00,1.826746463775634766e+00,1.767612934112548828e+00,1.712456583976745605e+00,1.660708665847778320e+00,1.612917304039001465e+00,1.567972540855407715e+00,1.525791525840759277e+00,1.486538052558898926e+00,1.449272036552429199e+00,1.414690613746643066e+00,1.381722331047058105e+00,1.350781440734863281e+00,1.321597456932067871e+00,1.293837189674377441e+00,1.267677903175354004e+00,1.242945909500122070e+00,1.219380021095275879e+00,1.197106003761291504e+00,1.176020622253417969e+00,1.156372427940368652e+00,1.137710809707641602e+00,1.119977355003356934e+00,1.103119254112243652e+00,1.087087154388427734e+00,1.071836352348327637e+00,1.057325124740600586e+00,1.043515443801879883e+00,1.030371665954589844e+00,1.017860651016235352e+00,1.005952596664428711e+00,9.946197867393493652e-01,9.838358163833618164e-01,9.735760688781738281e-01,9.638191461563110352e-01,9.545434713363647461e-01,9.457299709320068359e-01,9.373607635498046875e-01,9.294191598892211914e-01,9.218891263008117676e-01,9.147568345069885254e-01,9.080083370208740234e-01,9.016312956809997559e-01,8.956140279769897461e-01,8.899459242820739746e-01,8.846169710159301758e-01,8.796178102493286133e-01,8.749396800994873047e-01,8.705749511718750000e-01,8.665161728858947754e-01,8.627565503120422363e-01,8.592902421951293945e-01,8.561113476753234863e-01,8.532146215438842773e-01,8.505957722663879395e-01,8.482506275177001953e-01,8.461754322052001953e-01,8.443668484687805176e-01,8.428221940994262695e-01,8.415390849113464355e-01,8.405153751373291016e-01,8.397498726844787598e-01,8.392410874366760254e-01,8.389883041381835938e-01,8.389911651611328125e-01,8.392495512962341309e-01,8.397640585899353027e-01,8.405353426933288574e-01,8.415647149085998535e-01,8.428536653518676758e-01,8.444041609764099121e-01,8.462185859680175781e-01,8.482998013496398926e-01,8.506509661674499512e-01,8.532759547233581543e-01,8.561788201332092285e-01,8.593639731407165527e-01,8.628368973731994629e-01,8.666029572486877441e-01,8.706684708595275879e-01,8.750400543212890625e-01,8.797250986099243164e-01,8.847316503524780273e-01,8.900680541992187500e-01,8.957439064979553223e-01,9.017689824104309082e-01,9.081539511680603027e-01,9.149107336997985840e-01,9.220518469810485840e-01,9.295909404754638672e-01,9.375418424606323242e-01,9.459208250045776367e-01,9.547443985939025879e-01,9.640305638313293457e-01,9.737984538078308105e-01,9.840694069862365723e-01,9.948653578758239746e-01,1.006210684776306152e+00,1.018131732940673828e+00,1.030656218528747559e+00,1.043814778327941895e+00,1.057639598846435547e+00,1.072166919708251953e+00,1.087434649467468262e+00,1.103484153747558594e+00,1.120361328125000000e+00,1.138114809989929199e+00,1.156797528266906738e+00,1.176468610763549805e+00,1.197582125663757324e+00,1.219880700111389160e+00,1.243473291397094727e+00,1.268233656883239746e+00,1.294422864913940430e+00,1.322215557098388672e+00,1.350196003913879395e+00,1.350421667098999023e+00,1.332783937454223633e+00,1.315996170043945312e+00,1.300017237663269043e+00,1.284807920455932617e+00,1.270333647727966309e+00,1.256560087203979492e+00,1.243456602096557617e+00,1.230994701385498047e+00,1.219147682189941406e+00,1.207890987396240234e+00,1.197201728820800781e+00,1.187058448791503906e+00,1.177441120147705078e+00,1.168331503868103027e+00,1.159712195396423340e+00,1.151567578315734863e+00,1.143882274627685547e+00,1.136642813682556152e+00,1.129836559295654297e+00,1.123451590538024902e+00,1.117476701736450195e+00,1.111901879310607910e+00,1.106717944145202637e+00,1.101916313171386719e+00,1.097488760948181152e+00,1.093428730964660645e+00,1.089729070663452148e+00,1.086384177207946777e+00,1.083388924598693848e+00,1.080738306045532227e+00,1.078428387641906738e+00,1.076455593109130859e+00,1.074816703796386719e+00,1.073509335517883301e+00,1.072531461715698242e+00,1.071881651878356934e+00,1.071558713912963867e+00,esquerda
5.969628810882568359e+00,5.971468448638916016e+00,5.975128173828125000e+00,5.980616092681884766e+00,5.987940788269042969e+00,5.997111320495605469e+00,6.008143424987792969e+00,6.021053314208984375e+00,5.684445858001708984e+00,5.119781017303466797e+00,4.633632659912109375e+00,4.232458114624023438e+00,3.897270202636718750e+00,3.611135005950927734e+00,3.365148305892944336e+00,3.151606321334838867e+00,2.964581727981567383e+00,2.800105810165405273e+00,2.653527975082397461e+00,2.521721124649047852e+00,2.403099536895751953e+00,2.295887708663940430e+00,2.197874546051025391e+00,2.108345031738281250e+00,2.027238607406616211e+00,1.952416658401489258e+00,1.883240461349487305e+00,1.818910598754882812e+00,1.760031461715698242e+00,1.705111861228942871e+00,1.653586149215698242e+00,1.605999946594238281e+00,1.561247587203979492e+00,1.519247293472290039e+00,1.480161666870117188e+00,1.443055033683776855e+00,1.408621311187744141e+00,1.375793576240539551e+00,1.344984889030456543e+00,1.315925002098083496e+00,1.288283109664916992e+00,1.262234926223754883e+00,1.237608075141906738e+00,1.214142084121704102e+00,1.191962480545043945e+00,1.170987606048583984e+00,1.151423454284667969e+00,1.132841467857360840e+00,1.115184068679809570e+00,1.098398089408874512e+00,1.082434654235839844e+00,1.067249178886413574e+00,1.052800059318542480e+00,1.039049386978149414e+00,1.025961756706237793e+00,1.013504385948181152e+00,1.001647353172302246e+00,9.903630018234252930e-01,9.796251654624938965e-01,9.694094657897949219e-01,9.596942067146301270e-01,9.504582285881042480e-01,9.416824579238891602e-01,9.333490133285522461e-01,9.254413247108459473e-01,9.179435372352600098e-01,9.108417034149169922e-01,9.041221737861633301e-01,8.977724313735961914e-01,8.917809724807739258e-01,8.861372470855712891e-01,8.808310031890869141e-01,8.758532404899597168e-01,8.711951375007629395e-01,8.668490648269653320e-01,8.628075718879699707e-01,8.590641617774963379e-01,8.556125760078430176e-01,8.524472713470458984e-01,8.495630025863647461e-01,8.469554185867309570e-01,8.446202278137207031e-01,8.425539135932922363e-01,8.407530784606933594e-01,8.392150998115539551e-01,8.379374742507934570e-01,8.369181156158447266e-01,8.361558914184570312e-01,8.356493115425109863e-01,8.353976011276245117e-01,8.354004025459289551e-01,8.356577157974243164e-01,8.361700773239135742e-01,8.369380235671997070e-01,8.379629850387573242e-01,8.392463326454162598e-01,8.407902121543884277e-01,8.425968885421752930e-01,8.446691632270812988e-01,8.470103144645690918e-01,8.496239781379699707e-01,8.525145649909973145e-01,8.556861877441406250e-01,8.591441512107849121e-01,8.628941178321838379e-01,8.669422864913940430e-01,8.712950348854064941e-01,8.759600520133972168e-01,8.809452056884765625e-01,8.862587213516235352e-01,8.919102549552917480e-01,8.979095220565795898e-01,9.042671918869018555e-01,9.109951257705688477e-01,9.181056618690490723e-01,9.256125092506408691e-01,9.335293769836425781e-01,9.418725967407226562e-01,9.506583213806152344e-01,9.599047303199768066e-01,9.696307778358459473e-01,9.798577427864074707e-01,9.906075596809387207e-01,1.001904368400573730e+00,1.013774275779724121e+00,1.026245236396789551e+00,1.039347410202026367e+00,1.053112983703613281e+00,1.067578315734863281e+00,1.082780599594116211e+00,1.098761558532714844e+00,1.115566492080688477e+00,1.133243918418884277e+00,1.151846766471862793e+00,1.171433568000793457e+00,1.192446351051330566e+00,1.214650988578796387e+00,1.238144040107727051e+00,1.262799620628356934e+00,1.288878202438354492e+00,1.316553354263305664e+00,1.345648646354675293e+00,1.350283026695251465e+00,1.332782149314880371e+00,1.315994501113891602e+00,1.300015687942504883e+00,1.284806489944458008e+00,1.270332098007202148e+00,1.256558537483215332e+00,1.243455052375793457e+00,1.230993151664733887e+00,1.219146251678466797e+00,1.207889556884765625e+00,1.197200417518615723e+00,1.187057137489318848e+00,1.177439808845520020e+00,1.168330192565917969e+00,1.159710884094238281e+00,1.151566386222839355e+00,1.143880963325500488e+00,1.136641621589660645e+00,1.129835486412048340e+00,1.123450279235839844e+00,1.117475509643554688e+00,1.111900806427001953e+00,1.106716871261596680e+00,1.101915240287780762e+00,1.097487688064575195e+00,1.093427777290344238e+00,1.089727997779846191e+00,1.086383223533630371e+00,1.083387970924377441e+00,1.080737352371215820e+00,1.078427314758300781e+00,1.076454639434814453e+00,1.074815750122070312e+00,1.073508262634277344e+00,1.072530508041381836e+00,1.071880698204040527e+00,1.071557760238647461e+00,esquerda
5.969629764556884766e+00,5.971469402313232422e+00,5.975129127502441406e+00,5.980617523193359375e+00,5.987941741943359375e+00,5.997112274169921875e+00,6.008144378662109375e+00,6.021054267883300781e+00,5.670310974121093750e+00,5.097428798675537109e+00,4.613452911376953125e+00,4.214062690734863281e+00,3.880359649658203125e+00,3.595485687255859375e+00,3.350579977035522461e+00,3.137974739074707031e+00,2.951767921447753906e+00,2.788010835647583008e+00,2.642072439193725586e+00,2.510839700698852539e+00,2.392733573913574219e+00,2.285987615585327148e+00,2.188399314880371094e+00,2.099258184432983398e+00,2.018503189086914062e+00,1.944005250930786133e+00,1.875128030776977539e+00,1.811075925827026367e+00,1.752450823783874512e+00,1.697768211364746094e+00,1.646464347839355469e+00,1.599083185195922852e+00,1.554523229598999023e+00,1.512703418731689453e+00,1.473786115646362305e+00,1.436838507652282715e+00,1.402552485466003418e+00,1.369865536689758301e+00,1.339188575744628906e+00,1.310253262519836426e+00,1.282729268074035645e+00,1.256792664527893066e+00,1.232270717620849609e+00,1.208904623985290527e+00,1.186819434165954590e+00,1.165956020355224609e+00,1.146475791931152344e+00,1.127973914146423340e+00,1.110392332077026367e+00,1.093678355216979980e+00,1.077783465385437012e+00,1.062663316726684570e+00,1.048276305198669434e+00,1.034584760665893555e+00,1.021553397178649902e+00,1.009149551391601562e+00,9.973432421684265137e-01,9.861075282096862793e-01,9.754157662391662598e-01,9.652440547943115234e-01,9.555705785751342773e-01,9.463742375373840332e-01,9.376361370086669922e-01,9.293385148048400879e-01,9.214649200439453125e-01,9.139993786811828613e-01,9.069280028343200684e-01,9.002372622489929199e-01,8.939149379730224609e-01,8.879491686820983887e-01,8.823295831680297852e-01,8.770461678504943848e-01,8.720898628234863281e-01,8.674517869949340820e-01,8.631243705749511719e-01,8.591002821922302246e-01,8.553728461265563965e-01,8.519361615180969238e-01,8.487844467163085938e-01,8.459126353263854980e-01,8.433161377906799316e-01,8.409911394119262695e-01,8.389336466789245605e-01,8.371405005455017090e-01,8.356090784072875977e-01,8.343368768692016602e-01,8.333220481872558594e-01,8.325631022453308105e-01,8.320586085319519043e-01,8.318079710006713867e-01,8.318107724189758301e-01,8.320670127868652344e-01,8.325771689414978027e-01,8.333418369293212891e-01,8.343623876571655273e-01,8.356402516365051270e-01,8.371774554252624512e-01,8.389765024185180664e-01,8.410398960113525391e-01,8.433709144592285156e-01,8.459732532501220703e-01,8.488514423370361328e-01,8.520094156265258789e-01,8.554524779319763184e-01,8.591864109039306641e-01,8.632170557975769043e-01,8.675512671470642090e-01,8.721961975097656250e-01,8.771598339080810547e-01,8.824505805969238281e-01,8.880779147148132324e-01,8.940513730049133301e-01,9.003817439079284668e-01,9.070807695388793945e-01,9.141607880592346191e-01,9.216353297233581543e-01,9.295181035995483398e-01,9.378253817558288574e-01,9.465734362602233887e-01,9.557800889015197754e-01,9.654644131660461426e-01,9.756474494934082031e-01,9.863511919975280762e-01,9.975993633270263672e-01,1.009418249130249023e+00,1.021835684776306152e+00,1.034881591796875000e+00,1.048588037490844727e+00,1.062991142272949219e+00,1.078128099441528320e+00,1.094040393829345703e+00,1.110773086547851562e+00,1.128374576568603516e+00,1.146897435188293457e+00,1.166400194168090820e+00,1.187325239181518555e+00,1.209438681602478027e+00,1.232835173606872559e+00,1.257389426231384277e+00,1.283360838890075684e+00,1.310922265052795410e+00,1.339897990226745605e+00,1.349584341049194336e+00,1.332781434059143066e+00,1.315993666648864746e+00,1.300014853477478027e+00,1.284805536270141602e+00,1.270331263542175293e+00,1.256557822227478027e+00,1.243454217910766602e+00,1.230992555618286133e+00,1.219145536422729492e+00,1.207888841629028320e+00,1.197199583053588867e+00,1.187056422233581543e+00,1.177439093589782715e+00,1.168329477310180664e+00,1.159710288047790527e+00,1.151565551757812500e+00,1.143880248069763184e+00,1.136640906333923340e+00,1.129834651947021484e+00,1.123449563980102539e+00,1.117474794387817383e+00,1.111900091171264648e+00,1.106716036796569824e+00,1.101914525032043457e+00,1.097486972808837891e+00,1.093427062034606934e+00,1.089727282524108887e+00,1.086382389068603516e+00,1.083387255668640137e+00,1.080736637115478516e+00,1.078426599502563477e+00,1.076453924179077148e+00,1.074814915657043457e+00,1.073507547378540039e+00,1.072529673576354980e+00,1.071879982948303223e+00,1.071557044982910156e+00,esquerda
5.969629287719726562e+00,5.971468925476074219e+00,5.975128650665283203e+00,5.980616569519042969e+00,5.987941265106201172e+00,5.997112274169921875e+00,6.008144378662109375e+00,6.021054744720458984e+00,5.657582759857177734e+00,5.077169418334960938e+00,4.594978332519531250e+00,4.197081565856933594e+00,3.864641189575195312e+00,3.580854654312133789e+00,3.336891889572143555e+00,3.125111103057861328e+00,2.939630985260009766e+00,2.776516199111938477e+00,2.631152868270874023e+00,2.500439167022705078e+00,2.382802248001098633e+00,2.276481389999389648e+00,2.179283380508422852e+00,2.090498924255371094e+00,2.010068416595458984e+00,1.935870051383972168e+00,1.867270231246948242e+00,1.803476810455322266e+00,1.745088815689086914e+00,1.690627694129943848e+00,1.639532089233398438e+00,1.592342972755432129e+00,1.547964334487915039e+00,1.506314277648925781e+00,1.467555165290832520e+00,1.430758237838745117e+00,1.396611928939819336e+00,1.364058256149291992e+00,1.333506464958190918e+00,1.304688811302185059e+00,1.277277350425720215e+00,1.251446127891540527e+00,1.227024197578430176e+00,1.203753232955932617e+00,1.181757926940917969e+00,1.160922765731811523e+00,1.141526699066162109e+00,1.123104572296142578e+00,1.105598926544189453e+00,1.088957190513610840e+00,1.073130965232849121e+00,1.058076024055480957e+00,1.043751120567321777e+00,1.030118703842163086e+00,1.017143487930297852e+00,1.004793286323547363e+00,9.930379986763000488e-01,9.818506836891174316e-01,9.712050557136535645e-01,9.610772728919982910e-01,9.514455199241638184e-01,9.422888755798339844e-01,9.335885047912597656e-01,9.253267645835876465e-01,9.174870252609252930e-01,9.100537896156311035e-01,9.030129313468933105e-01,8.963510990142822266e-01,8.900560140609741211e-01,8.841160535812377930e-01,8.785207271575927734e-01,8.732601404190063477e-01,8.683251738548278809e-01,8.637071251869201660e-01,8.593983650207519531e-01,8.553916215896606445e-01,8.516803979873657227e-01,8.482584953308105469e-01,8.451203107833862305e-01,8.422609567642211914e-01,8.396757245063781738e-01,8.373607397079467773e-01,8.353121280670166016e-01,8.335267901420593262e-01,8.320019245147705078e-01,8.307352066040039062e-01,8.297247290611267090e-01,8.289690613746643066e-01,8.284667730331420898e-01,8.282172679901123047e-01,8.282200694084167480e-01,8.284751772880554199e-01,8.289831280708312988e-01,8.297444581985473633e-01,8.307605981826782227e-01,8.320330381393432617e-01,8.335636258125305176e-01,8.353547453880310059e-01,8.374092578887939453e-01,8.397302031517028809e-01,8.423213958740234375e-01,8.451871275901794434e-01,8.483313918113708496e-01,8.517597317695617676e-01,8.554774522781372070e-01,8.594907522201538086e-01,8.638062477111816406e-01,8.684311509132385254e-01,8.733733296394348145e-01,8.786413073539733887e-01,8.842442035675048828e-01,8.901919722557067871e-01,8.964950442314147949e-01,9.031650424003601074e-01,9.102145433425903320e-01,9.176567792892456055e-01,9.255055785179138184e-01,9.337770938873291016e-01,9.424872994422912598e-01,9.516541957855224609e-01,9.612967371940612793e-01,9.714358448982238770e-01,9.820932149887084961e-01,9.932929873466491699e-01,1.005060911178588867e+00,1.017424702644348145e+00,1.030414223670959473e+00,1.044061541557312012e+00,1.058402299880981445e+00,1.073474049568176270e+00,1.089317679405212402e+00,1.105978012084960938e+00,1.123503565788269043e+00,1.141946554183959961e+00,1.161365032196044922e+00,1.182190775871276855e+00,1.204210281372070312e+00,1.227507352828979492e+00,1.251957058906555176e+00,1.277817964553833008e+00,1.305261850357055664e+00,1.334114074707031250e+00,1.348882079124450684e+00,1.332781195640563965e+00,1.315993666648864746e+00,1.300014615058898926e+00,1.284805536270141602e+00,1.270331144332885742e+00,1.256557583808898926e+00,1.243454217910766602e+00,1.230992197990417480e+00,1.219145298004150391e+00,1.207888603210449219e+00,1.197199463844299316e+00,1.187056183815002441e+00,1.177438855171203613e+00,1.168329238891601562e+00,1.159710049629211426e+00,1.151565313339233398e+00,1.143880009651184082e+00,1.136640667915344238e+00,1.129834413528442383e+00,1.123449325561523438e+00,1.117474675178527832e+00,1.111899733543395996e+00,1.106715798377990723e+00,1.101914286613464355e+00,1.097486734390258789e+00,1.093426704406738281e+00,1.089727044105529785e+00,1.086382150650024414e+00,1.083386898040771484e+00,1.080736279487609863e+00,1.078426241874694824e+00,1.076453566551208496e+00,1.074814558029174805e+00,1.073507189750671387e+00,1.072529196739196777e+00,1.071879506111145020e+00,1.071556568145751953e+00,esquerda
5.969630241394042969e+00,5.971469879150390625e+00,5.975129127502441406e+00,5.980617046356201172e+00,5.987941741943359375e+00,5.997112751007080078e+00,6.008144855499267578e+00,6.021055221557617188e+00,5.643463611602783203e+00,5.054837226867675781e+00,4.574810981750488281e+00,4.178693771362304688e+00,3.847734451293945312e+00,3.565208435058593750e+00,3.322326183319091797e+00,3.111481428146362305e+00,2.926820039749145508e+00,2.764423608779907227e+00,2.619699239730834961e+00,2.489559412002563477e+00,2.372438907623291016e+00,2.266583442687988281e+00,2.169810295104980469e+00,2.081414222717285156e+00,2.001334428787231445e+00,1.927459955215454102e+00,1.859159350395202637e+00,1.795643806457519531e+00,1.737509608268737793e+00,1.683285355567932129e+00,1.632411718368530273e+00,1.585427522659301758e+00,1.541241407394409180e+00,1.499771952629089355e+00,1.461180686950683594e+00,1.424543023109436035e+00,1.390544176101684570e+00,1.358131289482116699e+00,1.327711343765258789e+00,1.299018025398254395e+00,1.271724581718444824e+00,1.246004939079284668e+00,1.221687912940979004e+00,1.198517084121704102e+00,1.176616072654724121e+00,1.155891895294189453e+00,1.136579990386962891e+00,1.118237614631652832e+00,1.100807905197143555e+00,1.084238171577453613e+00,1.068480610847473145e+00,1.053490877151489258e+00,1.039227962493896484e+00,1.025654673576354980e+00,1.012735724449157715e+00,1.000439047813415527e+00,9.887347221374511719e-01,9.775958657264709473e-01,9.669963717460632324e-01,9.569125175476074219e-01,9.473225474357604980e-01,9.382055401802062988e-01,9.295428991317749023e-01,9.213168621063232422e-01,9.135112166404724121e-01,9.061101078987121582e-01,8.990998268127441406e-01,8.924668431282043457e-01,8.861989974975585938e-01,8.802847862243652344e-01,8.747137188911437988e-01,8.694759607315063477e-01,8.645623922348022461e-01,8.599642515182495117e-01,8.556742668151855469e-01,8.516848683357238770e-01,8.479896783828735352e-01,8.445826768875122070e-01,8.414582014083862305e-01,8.386111259460449219e-01,8.360370993614196777e-01,8.337320685386657715e-01,8.316923379898071289e-01,8.299147486686706543e-01,8.283964991569519043e-01,8.271353244781494141e-01,8.261291980743408203e-01,8.253767490386962891e-01,8.248766660690307617e-01,8.246282339096069336e-01,8.246309757232666016e-01,8.248850107192993164e-01,8.253906965255737305e-01,8.261486887931823730e-01,8.271605372428894043e-01,8.284274935722351074e-01,8.299513459205627441e-01,8.317347764968872070e-01,8.337804079055786133e-01,8.360913395881652832e-01,8.386713266372680664e-01,8.415244817733764648e-01,8.446552753448486328e-01,8.480686545372009277e-01,8.517703413963317871e-01,8.557661771774291992e-01,8.600630164146423340e-01,8.646677732467651367e-01,8.695886731147766113e-01,8.748337626457214355e-01,8.804123997688293457e-01,8.863343596458435059e-01,8.926100730895996094e-01,8.992513418197631836e-01,9.062702059745788574e-01,9.136801958084106445e-01,9.214949607849121094e-01,9.297305345535278320e-01,9.384031295776367188e-01,9.475302696228027344e-01,9.571309685707092285e-01,9.672262668609619141e-01,9.778373837471008301e-01,9.889885783195495605e-01,1.000705599784851074e+00,1.013015747070312500e+00,1.025949001312255859e+00,1.039537191390991211e+00,1.053815960884094238e+00,1.068822264671325684e+00,1.084597229957580566e+00,1.101185441017150879e+00,1.118635058403015137e+00,1.136998057365417480e+00,1.156332373619079590e+00,1.177055954933166504e+00,1.198981523513793945e+00,1.222179055213928223e+00,1.246524214744567871e+00,1.272274374961853027e+00,1.299600601196289062e+00,1.328329086303710938e+00,1.348178863525390625e+00,1.332780480384826660e+00,1.315992832183837891e+00,1.300013780593872070e+00,1.284804701805114746e+00,1.270330309867858887e+00,1.256556868553161621e+00,1.243453383445739746e+00,1.230991482734680176e+00,1.219144463539123535e+00,1.207887768745422363e+00,1.197198629379272461e+00,1.187055349349975586e+00,1.177438139915466309e+00,1.168328404426574707e+00,1.159709215164184570e+00,1.151564478874206543e+00,1.143879294395446777e+00,1.136639952659606934e+00,1.129833698272705078e+00,1.123448610305786133e+00,1.117473840713500977e+00,1.111899018287658691e+00,1.106715083122253418e+00,1.101913452148437500e+00,1.097486019134521484e+00,1.093425869941711426e+00,1.089726328849792480e+00,1.086381435394287109e+00,1.083386182785034180e+00,1.080735564231872559e+00,1.078425526618957520e+00,1.076452851295471191e+00,1.074813842773437500e+00,1.073506474494934082e+00,1.072528600692749023e+00,1.071878910064697266e+00,1.071555852890014648e+00,esquerda
5.969632148742675781e+00,5.971471786499023438e+00,5.975131034851074219e+00,5.980619430541992188e+00,5.987943649291992188e+00,5.997114658355712891e+00,6.008146762847900391e+00,6.012214183807373047e+00,5.622992515563964844e+00,5.032446384429931641e+00,4.554592132568359375e+00,4.160258769989013672e+00,3.830784082412719727e+00,3.549523591995239258e+00,3.307727575302124023e+00,3.097822904586791992e+00,2.913982868194580078e+00,2.752306938171386719e+00,2.608224391937255859e+00,2.478660583496093750e+00,2.362057209014892578e+00,2.256669044494628906e+00,2.160322666168212891e+00,2.072315454483032227e+00,1.992587804794311523e+00,1.919037818908691406e+00,1.851036906242370605e+00,1.787799835205078125e+00,1.729920864105224609e+00,1.675933837890625000e+00,1.625282645225524902e+00,1.578503727912902832e+00,1.534510612487792969e+00,1.493222355842590332e+00,1.454799056053161621e+00,1.418321132659912109e+00,1.384470462799072266e+00,1.352198004722595215e+00,1.321910381317138672e+00,1.293341994285583496e+00,1.266166925430297852e+00,1.240558385848999023e+00,1.216346502304077148e+00,1.193275928497314453e+00,1.171469449996948242e+00,1.150858759880065918e+00,1.131630897521972656e+00,1.113368511199951172e+00,1.096014499664306641e+00,1.079517126083374023e+00,1.063827991485595703e+00,1.048903584480285645e+00,1.034702897071838379e+00,1.021188616752624512e+00,1.008326053619384766e+00,9.960826635360717773e-01,9.844294190406799316e-01,9.733390212059020996e-01,9.627858400344848633e-01,9.527456760406494141e-01,9.431975483894348145e-01,9.341202974319458008e-01,9.254953265190124512e-01,9.173052310943603516e-01,9.095333814620971680e-01,9.021645784378051758e-01,8.951848149299621582e-01,8.885806798934936523e-01,8.823401927947998047e-01,8.764516115188598633e-01,8.709048628807067871e-01,8.656899333000183105e-01,8.607977032661437988e-01,8.562197089195251465e-01,8.519483804702758789e-01,8.479763269424438477e-01,8.442972302436828613e-01,8.409050107002258301e-01,8.377941250801086426e-01,8.349595069885253906e-01,8.323966860771179199e-01,8.301016688346862793e-01,8.280708193778991699e-01,8.263009190559387207e-01,8.247893452644348145e-01,8.235337138175964355e-01,8.225319385528564453e-01,8.217827677726745605e-01,8.212848305702209473e-01,8.210374712944030762e-01,8.210402727127075195e-01,8.212932348251342773e-01,8.217967152595520020e-01,8.225514292716979980e-01,8.235588073730468750e-01,8.248201608657836914e-01,8.263375163078308105e-01,8.281131386756896973e-01,8.301498293876647949e-01,8.324506878852844238e-01,8.350194096565246582e-01,8.378602862358093262e-01,8.409773707389831543e-01,8.443758487701416016e-01,8.480614423751831055e-01,8.520399928092956543e-01,8.563179373741149902e-01,8.609028458595275879e-01,8.658021092414855957e-01,8.710244297981262207e-01,8.765787482261657715e-01,8.824749588966369629e-01,8.887234330177307129e-01,8.953356742858886719e-01,9.023240208625793457e-01,9.097017645835876465e-01,9.174824953079223633e-01,9.256823062896728516e-01,9.343169331550598145e-01,9.434044361114501953e-01,9.529633522033691406e-01,9.630146026611328125e-01,9.735795855522155762e-01,9.846822619438171387e-01,9.963481426239013672e-01,1.008604764938354492e+00,1.021481752395629883e+00,1.035010814666748047e+00,1.049227356910705566e+00,1.064168214797973633e+00,1.079874515533447266e+00,1.096390485763549805e+00,1.113764166831970215e+00,1.132047295570373535e+00,1.151297330856323242e+00,1.171920180320739746e+00,1.193751931190490723e+00,1.216849803924560547e+00,1.241090536117553711e+00,1.266729950904846191e+00,1.293938517570495605e+00,1.322543382644653320e+00,1.347475051879882812e+00,1.332778692245483398e+00,1.315991044044494629e+00,1.300012230873107910e+00,1.284803152084350586e+00,1.270328760147094727e+00,1.256555199623107910e+00,1.243451833724975586e+00,1.230990052223205566e+00,1.219143152236938477e+00,1.207886457443237305e+00,1.197197198867797852e+00,1.187053918838500977e+00,1.177436828613281250e+00,1.168327093124389648e+00,1.159708023071289062e+00,1.151563405990600586e+00,1.143877983093261719e+00,1.136638641357421875e+00,1.129832506179809570e+00,1.123447418212890625e+00,1.117472648620605469e+00,1.111897945404052734e+00,1.106714010238647461e+00,1.101912379264831543e+00,1.097484827041625977e+00,1.093424916267395020e+00,1.089725136756896973e+00,1.086380362510681152e+00,1.083385229110717773e+00,1.080734491348266602e+00,1.078424572944641113e+00,1.076451897621154785e+00,1.074813008308410645e+00,1.073505520820617676e+00,1.072527527809143066e+00,1.071877956390380859e+00,1.071555018424987793e+00,esquerda
5.969632625579833984e+00,5.971472263336181641e+00,5.975131511688232422e+00,5.980619907379150391e+00,5.987944126129150391e+00,5.997115135192871094e+00,6.008147239685058594e+00,5.997503757476806641e+00,5.598740577697753906e+00,5.010592937469482422e+00,4.534704685211181641e+00,4.142010211944580078e+00,3.813916444778442383e+00,3.533882617950439453e+00,3.293163776397705078e+00,3.084195137023925781e+00,2.901172876358032227e+00,2.740215539932250977e+00,2.596771001815795898e+00,2.467781543731689453e+00,2.351693630218505859e+00,2.246770858764648438e+00,2.150849819183349609e+00,2.063230514526367188e+00,1.983854174613952637e+00,1.910627603530883789e+00,1.842925786972045898e+00,1.779966473579406738e+00,1.722341418266296387e+00,1.668591260910034180e+00,1.618161916732788086e+00,1.571587920188903809e+00,1.527787208557128906e+00,1.486679196357727051e+00,1.448424100875854492e+00,1.412105441093444824e+00,1.378402113914489746e+00,1.346270799636840820e+00,1.316114783287048340e+00,1.287670731544494629e+00,1.260613679885864258e+00,1.235116362571716309e+00,1.211009740829467773e+00,1.188038945198059082e+00,1.166326880455017090e+00,1.145827054977416992e+00,1.126683235168457031e+00,1.108500719070434570e+00,1.091222524642944336e+00,1.074797272682189941e+00,1.059176802635192871e+00,1.044317722320556641e+00,1.030179023742675781e+00,1.016723752021789551e+00,1.003917455673217773e+00,9.917277097702026367e-01,9.801253676414489746e-01,9.690835475921630859e-01,9.585763216018676758e-01,9.485802054405212402e-01,9.390737414360046387e-01,9.300361871719360352e-01,9.214489459991455078e-01,9.132945537567138672e-01,9.055568575859069824e-01,8.982202410697937012e-01,8.912709355354309082e-01,8.846956491470336914e-01,8.784824609756469727e-01,8.726197481155395508e-01,8.670971393585205078e-01,8.619050383567810059e-01,8.570342063903808594e-01,8.524762392044067383e-01,8.482235670089721680e-01,8.442689180374145508e-01,8.406058549880981445e-01,8.372285366058349609e-01,8.341312408447265625e-01,8.313089609146118164e-01,8.287573456764221191e-01,8.264724016189575195e-01,8.244504928588867188e-01,8.226883411407470703e-01,8.211832642555236816e-01,8.199330568313598633e-01,8.189357519149780273e-01,8.181898593902587891e-01,8.176941275596618652e-01,8.174478411674499512e-01,8.174505829811096191e-01,8.177024722099304199e-01,8.182038068771362305e-01,8.189551234245300293e-01,8.199581503868103027e-01,8.212140202522277832e-01,8.227246999740600586e-01,8.244926333427429199e-01,8.265203833580017090e-01,8.288111686706542969e-01,8.313686251640319824e-01,8.341970443725585938e-01,8.373005390167236328e-01,8.406841754913330078e-01,8.443536162376403809e-01,8.483147025108337402e-01,8.525741100311279297e-01,8.571388721466064453e-01,8.620167374610900879e-01,8.672162890434265137e-01,8.727463483810424805e-01,8.786166906356811523e-01,8.848377466201782227e-01,8.914211988449096680e-01,8.983789682388305664e-01,9.057244658470153809e-01,9.134711623191833496e-01,9.216350913047790527e-01,9.302320480346679688e-01,9.392797946929931641e-01,9.487969279289245605e-01,9.588041901588439941e-01,9.693230390548706055e-01,9.803770780563354492e-01,9.919920563697814941e-01,1.004195094108581543e+00,1.017015814781188965e+00,1.030485510826110840e+00,1.044640064239501953e+00,1.059515476226806641e+00,1.075153231620788574e+00,1.091597080230712891e+00,1.108894586563110352e+00,1.127097845077514648e+00,1.146263837814331055e+00,1.166785359382629395e+00,1.188523292541503906e+00,1.211521744728088379e+00,1.235657811164855957e+00,1.261186361312866211e+00,1.288277626037597656e+00,1.316758513450622559e+00,1.346771836280822754e+00,1.332777857780456543e+00,1.315990328788757324e+00,1.300011515617370605e+00,1.284802198410034180e+00,1.270328044891357422e+00,1.256554484367370605e+00,1.243450999259948730e+00,1.230989217758178711e+00,1.219142317771911621e+00,1.207885622978210449e+00,1.197196364402770996e+00,1.187053203582763672e+00,1.177435994148254395e+00,1.168326377868652344e+00,1.159707188606262207e+00,1.151562571525573730e+00,1.143877267837524414e+00,1.136637926101684570e+00,1.129831790924072266e+00,1.123446702957153320e+00,1.117471933364868164e+00,1.111897110939025879e+00,1.106713294982910156e+00,1.101911664009094238e+00,1.097484111785888672e+00,1.093424081802368164e+00,1.089724421501159668e+00,1.086379647254943848e+00,1.083384513854980469e+00,1.080733776092529297e+00,1.078423857688903809e+00,1.076451182365417480e+00,1.074812293052673340e+00,1.073504805564880371e+00,1.072526931762695312e+00,1.071877241134643555e+00,1.071554303169250488e+00,esquerda
5.969632148742675781e+00,5.971471786499023438e+00,5.975131034851074219e+00,5.980619430541992188e+00,5.987943649291992188e+00,5.997115135192871094e+00,6.008147239685058594e+00,5.983333587646484375e+00,5.575497150421142578e+00,4.989820957183837891e+00,4.515925884246826172e+00,4.124872207641601562e+00,3.798146724700927734e+00,3.519236326217651367e+00,3.279464721679687500e+00,3.071322202682495117e+00,2.889027357101440430e+00,2.728713274002075195e+00,2.585845232009887695e+00,2.457375049591064453e+00,2.341757059097290039e+00,2.237260341644287109e+00,2.141729116439819336e+00,2.054467439651489258e+00,1.975415587425231934e+00,1.902489185333251953e+00,1.835065126419067383e+00,1.772364735603332520e+00,1.714976787567138672e+00,1.661448359489440918e+00,1.611227512359619141e+00,1.564845800399780273e+00,1.521226286888122559e+00,1.480288624763488770e+00,1.442192196846008301e+00,1.406023621559143066e+00,1.372460484504699707e+00,1.340462327003479004e+00,1.310431480407714844e+00,1.282105326652526855e+00,1.255160570144653320e+00,1.229768872261047363e+00,1.205762147903442383e+00,1.182886719703674316e+00,1.161264657974243164e+00,1.140794634819030762e+00,1.121734976768493652e+00,1.103632211685180664e+00,1.086429953575134277e+00,1.070076704025268555e+00,1.054524898529052734e+00,1.039731025695800781e+00,1.025654554367065430e+00,1.012258291244506836e+00,9.995082020759582520e-01,9.873719811439514160e-01,9.758206009864807129e-01,9.648272395133972168e-01,9.543663263320922852e-01,9.444140195846557617e-01,9.349492788314819336e-01,9.259513616561889648e-01,9.174018502235412598e-01,9.092833399772644043e-01,9.015795588493347168e-01,8.942751884460449219e-01,8.873564600944519043e-01,8.808100819587707520e-01,8.746240735054016113e-01,8.687870502471923828e-01,8.632887601852416992e-01,8.581194281578063965e-01,8.532699942588806152e-01,8.487320542335510254e-01,8.444980978965759277e-01,8.405607938766479492e-01,8.369138836860656738e-01,8.335512876510620117e-01,8.304675817489624023e-01,8.276577591896057129e-01,8.251172900199890137e-01,8.228424191474914551e-01,8.208293318748474121e-01,8.190749287605285645e-01,8.175765872001647949e-01,8.163318037986755371e-01,8.153387904167175293e-01,8.145961761474609375e-01,8.141026496887207031e-01,8.138574361801147461e-01,8.138602375984191895e-01,8.141109347343444824e-01,8.146100044250488281e-01,8.153582215309143066e-01,8.163567781448364258e-01,8.176070451736450195e-01,8.191111087799072266e-01,8.208712339401245117e-01,8.228900432586669922e-01,8.251708149909973145e-01,8.277171254158020020e-01,8.305330276489257812e-01,8.336229920387268066e-01,8.369917273521423340e-01,8.406448960304260254e-01,8.445887565612792969e-01,8.488292694091796875e-01,8.533740639686584473e-01,8.582306504249572754e-01,8.634071946144104004e-01,8.689129948616027832e-01,8.747576475143432617e-01,8.809514045715332031e-01,8.875058293342590332e-01,8.944329023361206055e-01,9.017462134361267090e-01,9.094589352607727051e-01,9.175869226455688477e-01,9.261462092399597168e-01,9.351542592048645020e-01,9.446294903755187988e-01,9.545928239822387695e-01,9.650653600692749023e-01,9.760710000991821289e-01,9.876348376274108887e-01,9.997843503952026367e-01,1.012548565864562988e+00,1.025959253311157227e+00,1.040051460266113281e+00,1.054861783981323242e+00,1.070430636405944824e+00,1.086802244186401367e+00,1.104024052619934082e+00,1.122147083282470703e+00,1.141228914260864258e+00,1.161720156669616699e+00,1.183365702629089355e+00,1.206266641616821289e+00,1.230300188064575195e+00,1.255720376968383789e+00,1.282696127891540527e+00,1.311055898666381836e+00,1.341122388839721680e+00,1.332777976989746094e+00,1.315990328788757324e+00,1.300011396408081055e+00,1.284802198410034180e+00,1.270327925682067871e+00,1.256554484367370605e+00,1.243450999259948730e+00,1.230989098548889160e+00,1.219142198562622070e+00,1.207885503768920898e+00,1.197196364402770996e+00,1.187053084373474121e+00,1.177435874938964844e+00,1.168326258659362793e+00,1.159707069396972656e+00,1.151562333106994629e+00,1.143877148628234863e+00,1.136637806892395020e+00,1.129831552505493164e+00,1.123446464538574219e+00,1.117471814155578613e+00,1.111896991729736328e+00,1.106713056564331055e+00,1.101911425590515137e+00,1.097483873367309570e+00,1.093423843383789062e+00,1.089724183082580566e+00,1.086379408836364746e+00,1.083384156227111816e+00,1.080733537673950195e+00,1.078423500061035156e+00,1.076450824737548828e+00,1.074811816215515137e+00,1.073504447937011719e+00,1.072526574134826660e+00,1.071876883506774902e+00,1.071553826332092285e+00,esquerda
5.969634056091308594e+00,5.971473693847656250e+00,5.975133419036865234e+00,5.980621337890625000e+00,5.987946033477783203e+00,5.997116565704345703e+00,6.008148670196533203e+00,5.968074321746826172e+00,5.550486564636230469e+00,4.967497348785400391e+00,4.495765209197998047e+00,4.106489181518554688e+00,3.781243801116943359e+00,3.503592729568481445e+00,3.264901161193847656e+00,3.057694196701049805e+00,2.876217365264892578e+00,2.716621160507202148e+00,2.574391841888427734e+00,2.446495532989501953e+00,2.331393003463745117e+00,2.227361679077148438e+00,2.132255792617797852e+00,2.045381784439086914e+00,1.966681241989135742e+00,1.894078373908996582e+00,1.826953411102294922e+00,1.764530777931213379e+00,1.707396745681762695e+00,1.654104828834533691e+00,1.604105949401855469e+00,1.557929396629333496e+00,1.514502167701721191e+00,1.473745107650756836e+00,1.435816287994384766e+00,1.399807214736938477e+00,1.366391539573669434e+00,1.334534049034118652e+00,1.304635286331176758e+00,1.276433348655700684e+00,1.249606728553771973e+00,1.224326252937316895e+00,1.200424551963806152e+00,1.177649021148681641e+00,1.156121253967285156e+00,1.135761618614196777e+00,1.116786122322082520e+00,1.098763108253479004e+00,1.081636905670166016e+00,1.065355777740478516e+00,1.049872517585754395e+00,1.035143971443176270e+00,1.021129488945007324e+00,1.007792472839355469e+00,9.950985908508300781e-01,9.830160140991210938e-01,9.715154767036437988e-01,9.605706334114074707e-01,9.501557946205139160e-01,9.402474164962768555e-01,9.308246374130249023e-01,9.218663573265075684e-01,9.133546352386474609e-01,9.052718877792358398e-01,8.976020812988281250e-01,8.903298974037170410e-01,8.834415674209594727e-01,8.769242167472839355e-01,8.707656264305114746e-01,8.649542927742004395e-01,8.594802618026733398e-01,8.543336987495422363e-01,8.495057225227355957e-01,8.449877500534057617e-01,8.407723307609558105e-01,8.368525505065917969e-01,8.332216739654541016e-01,8.298739194869995117e-01,8.268039226531982422e-01,8.240064978599548340e-01,8.214772939682006836e-01,8.192123770713806152e-01,8.172081708908081055e-01,8.154615163803100586e-01,8.139697313308715820e-01,8.127304911613464355e-01,8.117418885231018066e-01,8.110026121139526367e-01,8.105112314224243164e-01,8.102671504020690918e-01,8.102698326110839844e-01,8.105194568634033203e-01,8.110163211822509766e-01,8.117611408233642578e-01,8.127553462982177734e-01,8.140001296997070312e-01,8.154975175857543945e-01,8.172498941421508789e-01,8.192599415779113770e-01,8.215306401252746582e-01,8.240656256675720215e-01,8.268691897392272949e-01,8.299453854560852051e-01,8.332992792129516602e-01,8.369364738464355469e-01,8.408628106117248535e-01,8.450847268104553223e-01,8.496094346046447754e-01,8.544445633888244629e-01,8.595983386039733887e-01,8.650798201560974121e-01,8.708986639976501465e-01,8.770651221275329590e-01,8.835906386375427246e-01,8.904872536659240723e-01,8.977682590484619141e-01,9.054469466209411621e-01,9.135391712188720703e-01,9.220606684684753418e-01,9.310288429260253906e-01,9.404623508453369141e-01,9.503817558288574219e-01,9.608081579208374023e-01,9.717651605606079102e-01,9.832780957221984863e-01,9.953739643096923828e-01,1.008081912994384766e+00,1.021433472633361816e+00,1.035463452339172363e+00,1.050208449363708496e+00,1.065708637237548828e+00,1.082008123397827148e+00,1.099153876304626465e+00,1.117197036743164062e+00,1.136194586753845215e+00,1.156584382057189941e+00,1.178135991096496582e+00,1.200937151908874512e+00,1.224866151809692383e+00,1.250175476074218750e+00,1.277033567428588867e+00,1.305269360542297363e+00,1.335204601287841797e+00,1.332776188850402832e+00,1.315988540649414062e+00,1.300009727478027344e+00,1.284800648689270020e+00,1.270326375961303711e+00,1.256552934646606445e+00,1.243449449539184570e+00,1.230987787246704102e+00,1.219140768051147461e+00,1.207884192466735840e+00,1.197194933891296387e+00,1.187051773071289062e+00,1.177434563636779785e+00,1.168325066566467285e+00,1.159705758094787598e+00,1.151561260223388672e+00,1.143875956535339355e+00,1.136636495590209961e+00,1.129830479621887207e+00,1.123445272445678711e+00,1.117470502853393555e+00,1.111895799636840820e+00,1.106711864471435547e+00,1.101910233497619629e+00,1.097482800483703613e+00,1.093422770500183105e+00,1.089722990989685059e+00,1.086378335952758789e+00,1.083383083343505859e+00,1.080732464790344238e+00,1.078422427177429199e+00,1.076449751853942871e+00,1.074810862541198730e+00,1.073503494262695312e+00,1.072525501251220703e+00,1.071875810623168945e+00,1.071552872657775879e+00,esquerda
5.969635009765625000e+00,5.971474647521972656e+00,5.975133895874023438e+00,5.980622291564941406e+00,5.987946510314941406e+00,5.997117042541503906e+00,6.008149147033691406e+00,5.952815532684326172e+00,5.525477886199951172e+00,4.945175647735595703e+00,4.475606918334960938e+00,4.088108539581298828e+00,3.764343976974487305e+00,3.487952709197998047e+00,3.250340938568115234e+00,3.044069528579711914e+00,2.863410472869873047e+00,2.704531908035278320e+00,2.562941551208496094e+00,2.435618638992309570e+00,2.321031808853149414e+00,2.217465877532958984e+00,2.122785091400146484e+00,2.036299228668212891e+00,1.957949161529541016e+00,1.885669827461242676e+00,1.818843722343444824e+00,1.756698846817016602e+00,1.699818849563598633e+00,1.646763801574707031e+00,1.596986770629882812e+00,1.551014900207519531e+00,1.507780313491821289e+00,1.467203497886657715e+00,1.429442524909973145e+00,1.393592953681945801e+00,1.360324740409851074e+00,1.328607797622680664e+00,1.298840880393981934e+00,1.270763278007507324e+00,1.244054675102233887e+00,1.218885660171508789e+00,1.195088744163513184e+00,1.172413229942321777e+00,1.150979757308959961e+00,1.130729675292968750e+00,1.111838102340698242e+00,1.093895077705383301e+00,1.076844692230224609e+00,1.060635805130004883e+00,1.045221209526062012e+00,1.030557870864868164e+00,1.016605496406555176e+00,1.003327488899230957e+00,9.906899333000183105e-01,9.786607623100280762e-01,9.672113656997680664e-01,9.563149213790893555e-01,9.459462761878967285e-01,9.360818266868591309e-01,9.267006516456604004e-01,9.177820682525634766e-01,9.093081355094909668e-01,9.012612104415893555e-01,8.936253190040588379e-01,8.863853812217712402e-01,8.795276284217834473e-01,8.730390667915344238e-01,8.669077157974243164e-01,8.611221909523010254e-01,8.556724190711975098e-01,8.505486249923706055e-01,8.457420468330383301e-01,8.412441611289978027e-01,8.370473980903625488e-01,8.331448435783386230e-01,8.295301795005798340e-01,8.261972665786743164e-01,8.231407999992370605e-01,8.203557133674621582e-01,8.178377151489257812e-01,8.155829310417175293e-01,8.135876059532165527e-01,8.118487000465393066e-01,8.103634715080261230e-01,8.091298341751098633e-01,8.081455230712890625e-01,8.074094653129577637e-01,8.069203495979309082e-01,8.066772818565368652e-01,8.066799640655517578e-01,8.069285154342651367e-01,8.074232339859008789e-01,8.081647157669067383e-01,8.091545104980468750e-01,8.103938102722167969e-01,8.118845820426940918e-01,8.136291503906250000e-01,8.156302571296691895e-01,8.178908228874206543e-01,8.204146623611450195e-01,8.232058286666870117e-01,8.262683749198913574e-01,8.296074271202087402e-01,8.332285881042480469e-01,8.371374607086181641e-01,8.413407206535339355e-01,8.458453416824340820e-01,8.506590127944946289e-01,8.557899594306945801e-01,8.612471222877502441e-01,8.670402765274047852e-01,8.731793761253356934e-01,8.796759843826293945e-01,8.865420222282409668e-01,8.937908411026000977e-01,9.014354944229125977e-01,9.094917774200439453e-01,9.179756045341491699e-01,9.269040226936340332e-01,9.362957477569580078e-01,9.461712241172790527e-01,9.565513730049133301e-01,9.674598574638366699e-01,9.789218306541442871e-01,9.909639954566955566e-01,1.003615736961364746e+00,1.016908168792724609e+00,1.030876040458679199e+00,1.045555710792541504e+00,1.060987234115600586e+00,1.077214479446411133e+00,1.094284176826477051e+00,1.112247467041015625e+00,1.131160855293273926e+00,1.151461601257324219e+00,1.172921895980834961e+00,1.195626497268676758e+00,1.219453930854797363e+00,1.244655966758728027e+00,1.271400213241577148e+00,1.299516201019287109e+00,1.329324364662170410e+00,1.332775354385375977e+00,1.315987706184387207e+00,1.300008893013000488e+00,1.284799814224243164e+00,1.270325541496276855e+00,1.256552100181579590e+00,1.243448615074157715e+00,1.230986952781677246e+00,1.219140052795410156e+00,1.207883358001708984e+00,1.197194099426269531e+00,1.187051057815551758e+00,1.177433729171752930e+00,1.168324112892150879e+00,1.159705042839050293e+00,1.151560425758361816e+00,1.143875122070312500e+00,1.136635780334472656e+00,1.129829645156860352e+00,1.123444557189941406e+00,1.117469906806945801e+00,1.111894965171813965e+00,1.106711268424987793e+00,1.101909637451171875e+00,1.097482085227966309e+00,1.093422055244445801e+00,1.089722394943237305e+00,1.086377739906311035e+00,1.083382487297058105e+00,1.080731749534606934e+00,1.078421831130981445e+00,1.076449155807495117e+00,1.074810147285461426e+00,1.073502779006958008e+00,1.072524785995483398e+00,1.071875214576721191e+00,1.071552157402038574e+00,esquerda
5.969634532928466797e+00,5.971474170684814453e+00,5.975133419036865234e+00,5.980621337890625000e+00,5.987946033477783203e+00,5.997117042541503906e+00,6.008149147033691406e+00,5.938044071197509766e+00,5.501128196716308594e+00,4.923240184783935547e+00,4.455648899078369141e+00,4.069797515869140625e+00,3.747423171997070312e+00,3.472276449203491211e+00,3.235749244689941406e+00,3.030416965484619141e+00,2.850578784942626953e+00,2.692420244216918945e+00,2.551470994949340820e+00,2.424723386764526367e+00,2.310653686523437500e+00,2.207554817199707031e+00,2.113300085067749023e+00,2.027203083038330078e+00,1.949205279350280762e+00,1.877250313758850098e+00,1.810723900794982910e+00,1.748857259750366211e+00,1.692231893539428711e+00,1.639413952827453613e+00,1.589859247207641602e+00,1.544092655181884766e+00,1.501050949096679688e+00,1.460655212402343750e+00,1.423062324523925781e+00,1.387372016906738281e+00,1.354251980781555176e+00,1.322676062583923340e+00,1.293041229248046875e+00,1.265088081359863281e+00,1.238497734069824219e+00,1.213439941406250000e+00,1.189748406410217285e+00,1.167172908782958984e+00,1.145834088325500488e+00,1.125697493553161621e+00,1.106890082359313965e+00,1.089026808738708496e+00,1.072052359580993652e+00,1.055915474891662598e+00,1.040569543838500977e+00,1.025971412658691406e+00,1.012081265449523926e+00,9.988623261451721191e-01,9.862809777259826660e-01,9.743053913116455078e-01,9.629068374633789062e-01,9.520589709281921387e-01,9.417364001274108887e-01,9.319158196449279785e-01,9.225764870643615723e-01,9.136976003646850586e-01,9.052612185478210449e-01,8.972502350807189941e-01,8.896483778953552246e-01,8.824406266212463379e-01,8.756134510040283203e-01,8.691536784172058105e-01,8.630496263504028320e-01,8.572898507118225098e-01,8.518642783164978027e-01,8.467633724212646484e-01,8.419780731201171875e-01,8.375002741813659668e-01,8.333221673965454102e-01,8.294370770454406738e-01,8.258385062217712402e-01,8.225204348564147949e-01,8.194776177406311035e-01,8.167048692703247070e-01,8.141981363296508789e-01,8.119532465934753418e-01,8.099668622016906738e-01,8.082356452941894531e-01,8.067570924758911133e-01,8.055288195610046387e-01,8.045490384101867676e-01,8.038161993026733398e-01,8.033291697502136230e-01,8.030872941017150879e-01,8.030900359153747559e-01,8.033373951911926270e-01,8.038299083709716797e-01,8.045681118965148926e-01,8.055534958839416504e-01,8.067872524261474609e-01,8.082714080810546875e-01,8.100082278251647949e-01,8.120003938674926758e-01,8.142510056495666504e-01,8.167635202407836914e-01,8.195421695709228516e-01,8.225911855697631836e-01,8.259153962135314941e-01,8.295204043388366699e-01,8.334119915962219238e-01,8.375964164733886719e-01,8.420810699462890625e-01,8.468732833862304688e-01,8.519814014434814453e-01,8.574143052101135254e-01,8.631815910339355469e-01,8.692933917045593262e-01,8.757612109184265137e-01,8.825965523719787598e-01,8.898130655288696289e-01,8.974237442016601562e-01,9.054442644119262695e-01,9.138902425765991211e-01,9.227789640426635742e-01,9.321288466453552246e-01,9.419603943824768066e-01,9.522943496704101562e-01,9.631543755531311035e-01,9.745652079582214355e-01,9.865538477897644043e-01,9.991493821144104004e-01,1.012382507324218750e+00,1.026288270950317383e+00,1.040902614593505859e+00,1.056265473365783691e+00,1.072420358657836914e+00,1.089414238929748535e+00,1.107297539710998535e+00,1.126126766204833984e+00,1.146327018737792969e+00,1.167693495750427246e+00,1.190298676490783691e+00,1.214021682739257812e+00,1.239113211631774902e+00,1.265739917755126953e+00,1.293732523918151855e+00,1.323409438133239746e+00,1.332775354385375977e+00,1.315987706184387207e+00,1.300008893013000488e+00,1.284799695014953613e+00,1.270325541496276855e+00,1.256551980972290039e+00,1.243448495864868164e+00,1.230986714363098145e+00,1.219139814376831055e+00,1.207883238792419434e+00,1.197193980216979980e+00,1.187050938606262207e+00,1.177433490753173828e+00,1.168323993682861328e+00,1.159704923629760742e+00,1.151560187339782715e+00,1.143874883651733398e+00,1.136635661125183105e+00,1.129829287528991699e+00,1.123444318771362305e+00,1.117469549179077148e+00,1.111894726753234863e+00,1.106710791587829590e+00,1.101909160614013672e+00,1.097481727600097656e+00,1.093421697616577148e+00,1.089722037315368652e+00,1.086377382278442383e+00,1.083382129669189453e+00,1.080731391906738281e+00,1.078421473503112793e+00,1.076448798179626465e+00,1.074809789657592773e+00,1.073502421379089355e+00,1.072524428367614746e+00,1.071874737739562988e+00,1.071551799774169922e+00,esquerda
5.969635963439941406e+00,5.971475601196289062e+00,5.975134849548339844e+00,5.980623245239257812e+00,5.987947463989257812e+00,5.997118473052978516e+00,6.008150577545166016e+00,5.923901557922363281e+00,5.477923870086669922e+00,4.902493476867675781e+00,4.436886310577392578e+00,4.052669525146484375e+00,3.731654882431030273e+00,3.457620143890380859e+00,3.222039937973022461e+00,3.017534732818603516e+00,2.838424921035766602e+00,2.680911302566528320e+00,2.540538549423217773e+00,2.414311647415161133e+00,2.300712108612060547e+00,2.198039054870605469e+00,2.104175329208374023e+00,2.018435955047607422e+00,1.940763235092163086e+00,1.869108676910400391e+00,1.802860260009765625e+00,1.741252899169921875e+00,1.684864878654479980e+00,1.632268667221069336e+00,1.582922458648681641e+00,1.537348389625549316e+00,1.494488000869750977e+00,1.454262733459472656e+00,1.416828513145446777e+00,1.381288886070251465e+00,1.348308563232421875e+00,1.316865921020507812e+00,1.287356257438659668e+00,1.259521245956420898e+00,1.233043313026428223e+00,1.208091378211975098e+00,1.184499859809875488e+00,1.162019729614257812e+00,1.140770792961120605e+00,1.120665669441223145e+00,1.101942181587219238e+00,1.084158897399902344e+00,1.067260384559631348e+00,1.051195502281188965e+00,1.035918235778808594e+00,1.021385312080383301e+00,1.007557153701782227e+00,9.943973422050476074e-01,9.818722605705261230e-01,9.699501395225524902e-01,9.586026072502136230e-01,9.478031992912292480e-01,9.375268220901489258e-01,9.277501702308654785e-01,9.184523820877075195e-01,9.096133112907409668e-01,9.012147188186645508e-01,8.932393789291381836e-01,8.856716156005859375e-01,8.784960508346557617e-01,8.716993331909179688e-01,8.652685284614562988e-01,8.591916561126708984e-01,8.534576892852783203e-01,8.480564355850219727e-01,8.429782390594482422e-01,8.382143974304199219e-01,8.337564468383789062e-01,8.295971155166625977e-01,8.257293701171875000e-01,8.221468925476074219e-01,8.188436031341552734e-01,8.158143758773803711e-01,8.130540847778320312e-01,8.105584979057312012e-01,8.083237409591674805e-01,8.063461184501647949e-01,8.046227097511291504e-01,8.031507134437561035e-01,8.019279837608337402e-01,8.009524941444396973e-01,8.002229928970336914e-01,7.997381687164306641e-01,7.994973063468933105e-01,7.994999885559082031e-01,7.997462749481201172e-01,8.002365827560424805e-01,8.009715080261230469e-01,8.019524216651916504e-01,8.031807541847229004e-01,8.046581745147705078e-01,8.063872456550598145e-01,8.083705306053161621e-01,8.106110692024230957e-01,8.131123781204223633e-01,8.158786296844482422e-01,8.189139962196350098e-01,8.222233057022094727e-01,8.258121609687805176e-01,8.296863436698913574e-01,8.338520526885986328e-01,8.383166790008544922e-01,8.430875539779663086e-01,8.481727242469787598e-01,8.535814285278320312e-01,8.593229055404663086e-01,8.654073476791381836e-01,8.718461990356445312e-01,8.786510825157165527e-01,8.858353495597839355e-01,8.934119939804077148e-01,9.013965725898742676e-01,9.098048806190490723e-01,9.186537861824035645e-01,9.279619455337524414e-01,9.377495050430297852e-01,9.480373263359069824e-01,9.588485956192016602e-01,9.702085256576538086e-01,9.821435809135437012e-01,9.946826696395874023e-01,1.007856726646423340e+00,1.021700263023376465e+00,1.036249279975891113e+00,1.051543474197387695e+00,1.067626237869262695e+00,1.084544062614440918e+00,1.102347373962402344e+00,1.121092438697814941e+00,1.141192555427551270e+00,1.162464976310729980e+00,1.184970736503601074e+00,1.208589196205139160e+00,1.233569860458374023e+00,1.260079145431518555e+00,1.287947893142700195e+00,1.317493677139282227e+00,1.332774400711059570e+00,1.315986871719360352e+00,1.300008058547973633e+00,1.284798979759216309e+00,1.270324707031250000e+00,1.256551146507263184e+00,1.243447780609130859e+00,1.230985999107360840e+00,1.219139099121093750e+00,1.207882404327392578e+00,1.197193264961242676e+00,1.187050104141235352e+00,1.177432656288146973e+00,1.168323159217834473e+00,1.159704089164733887e+00,1.151559352874755859e+00,1.143874168395996094e+00,1.136634826660156250e+00,1.129828691482543945e+00,1.123443603515625000e+00,1.117468833923339844e+00,1.111894011497497559e+00,1.106710195541381836e+00,1.101908445358276367e+00,1.097481131553649902e+00,1.093421101570129395e+00,1.089721322059631348e+00,1.086376547813415527e+00,1.083381414413452148e+00,1.080730557441711426e+00,1.078420758247375488e+00,1.076448082923889160e+00,1.074809074401855469e+00,1.073501706123352051e+00,1.072523713111877441e+00,1.071874141693115234e+00,1.071551203727722168e+00,esquerda
5.969636917114257812e+00,5.971476554870605469e+00,5.975135803222656250e+00,5.980624198913574219e+00,5.987948417663574219e+00,5.997119426727294922e+00,6.008151531219482422e+00,5.908629894256591797e+00,5.452898502349853516e+00,4.880163669586181641e+00,4.416725158691406250e+00,4.034289836883544922e+00,3.714757204055786133e+00,3.441981554031372070e+00,3.207480669021606445e+00,3.003910541534423828e+00,2.825618743896484375e+00,2.668822526931762695e+00,2.529088020324707031e+00,2.403434514999389648e+00,2.290350198745727539e+00,2.188142776489257812e+00,2.094703674316406250e+00,2.009352445602416992e+00,1.932030439376831055e+00,1.860699415206909180e+00,1.794749855995178223e+00,1.733419895172119141e+00,1.677286028861999512e+00,1.624926686286926270e+00,1.575802206993103027e+00,1.530432939529418945e+00,1.487765073776245117e+00,1.447719931602478027e+00,1.410453677177429199e+00,1.375073432922363281e+00,1.342240691184997559e+00,1.310938715934753418e+00,1.281560897827148438e+00,1.253849983215332031e+00,1.227490305900573730e+00,1.202649474143981934e+00,1.179162979125976562e+00,1.156782627105712891e+00,1.135628104209899902e+00,1.115631461143493652e+00,1.096992135047912598e+00,1.079288721084594727e+00,1.062466025352478027e+00,1.046473503112792969e+00,1.031264662742614746e+00,1.016797184944152832e+00,1.003031015396118164e+00,9.899303913116455078e-01,9.774614572525024414e-01,9.655929803848266602e-01,9.542964100837707520e-01,9.435455203056335449e-01,9.333153367042541504e-01,9.235826134681701660e-01,9.143266677856445312e-01,9.055271744728088379e-01,8.971662521362304688e-01,8.892268538475036621e-01,8.816929459571838379e-01,8.745496869087219238e-01,8.677835464477539062e-01,8.613815307617187500e-01,8.553321361541748047e-01,8.496237993240356445e-01,8.442468047142028809e-01,8.391914963722229004e-01,8.344489932060241699e-01,8.300111889839172363e-01,8.258704543113708496e-01,8.220200538635253906e-01,8.184536695480346680e-01,8.151652216911315918e-01,8.121495246887207031e-01,8.094016909599304199e-01,8.069173097610473633e-01,8.046925663948059082e-01,8.027238845825195312e-01,8.010082244873046875e-01,7.995428442955017090e-01,7.983255982398986816e-01,7.973544597625732422e-01,7.966282367706298828e-01,7.961456179618835449e-01,7.959057688713073730e-01,7.959084510803222656e-01,7.961537241935729980e-01,7.966417670249938965e-01,7.973734140396118164e-01,7.983499765396118164e-01,7.995727062225341797e-01,8.010436296463012695e-01,8.027648925781250000e-01,8.047392368316650391e-01,8.069697022438049316e-01,8.094598054885864258e-01,8.122136592864990234e-01,8.152353167533874512e-01,8.185298442840576172e-01,8.221024870872497559e-01,8.259593248367309570e-01,8.301063776016235352e-01,8.345508575439453125e-01,8.393002152442932129e-01,8.443626761436462402e-01,8.497470021247863770e-01,8.554627299308776855e-01,8.615198135375976562e-01,8.679296970367431641e-01,8.747041225433349609e-01,8.818560242652893066e-01,8.893986940383911133e-01,8.973473310470581055e-01,9.057178497314453125e-01,9.145270586013793945e-01,9.237934947013854980e-01,9.335369467735290527e-01,9.437786936759948730e-01,9.545414447784423828e-01,9.658502340316772461e-01,9.777316451072692871e-01,9.902144074440002441e-01,1.003329277038574219e+00,1.017110705375671387e+00,1.031594276428222656e+00,1.046819806098937988e+00,1.062830328941345215e+00,1.079672217369079590e+00,1.097395539283752441e+00,1.116056442260742188e+00,1.136057257652282715e+00,1.157235860824584961e+00,1.179641962051391602e+00,1.203155994415283203e+00,1.228026032447814941e+00,1.254417657852172852e+00,1.282162785530090332e+00,1.311577320098876953e+00,1.330409526824951172e+00,1.315985202789306641e+00,1.300006389617919922e+00,1.284797430038452148e+00,1.270323038101196289e+00,1.256549596786499023e+00,1.243446350097656250e+00,1.230984568595886230e+00,1.219137668609619141e+00,1.207881212234497070e+00,1.197191834449768066e+00,1.187048673629760742e+00,1.177431583404541016e+00,1.168321967124938965e+00,1.159702777862548828e+00,1.151558160781860352e+00,1.143872976303100586e+00,1.136633634567260742e+00,1.129827380180358887e+00,1.123442411422729492e+00,1.117467522621154785e+00,1.111892938613891602e+00,1.106709003448486328e+00,1.101907372474670410e+00,1.097479820251464844e+00,1.093419909477233887e+00,1.089720249176025391e+00,1.086375355720520020e+00,1.083380341529846191e+00,1.080729603767395020e+00,1.078419685363769531e+00,1.076447010040283203e+00,1.074808001518249512e+00,1.073500633239746094e+00,1.072522759437561035e+00,1.071873188018798828e+00,1.071550130844116211e+00,esquerda
5.969635963439941406e+00,5.971475601196289062e+00,5.975134849548339844e+00,5.980623245239257812e+00,5.987947463989257812e+00,5.997118949890136719e+00,6.008151054382324219e+00,5.893380165100097656e+00,5.427903652191162109e+00,4.857852458953857422e+00,4.396574974060058594e+00,4.015915870666503906e+00,3.697861194610595703e+00,3.426343917846679688e+00,3.192922830581665039e+00,2.990287065505981445e+00,2.812812805175781250e+00,2.656733989715576172e+00,2.517638444900512695e+00,2.392558097839355469e+00,2.279989242553710938e+00,2.178246736526489258e+00,2.085233211517333984e+00,2.000269412994384766e+00,1.923298358917236328e+00,1.852290511131286621e+00,1.786639809608459473e+00,1.725587725639343262e+00,1.669707775115966797e+00,1.617584943771362305e+00,1.568682432174682617e+00,1.523517966270446777e+00,1.481042504310607910e+00,1.441177964210510254e+00,1.404079198837280273e+00,1.368858337402343750e+00,1.336172938346862793e+00,1.305011749267578125e+00,1.275765776634216309e+00,1.248179316520690918e+00,1.221937417984008789e+00,1.197207927703857422e+00,1.173826456069946289e+00,1.151546120643615723e+00,1.130485892295837402e+00,1.110599756240844727e+00,1.092044591903686523e+00,1.074420928955078125e+00,1.057674169540405273e+00,1.041753649711608887e+00,1.026613593101501465e+00,1.012211203575134277e+00,9.985073208808898926e-01,9.854656457901000977e-01,9.730530381202697754e-01,9.612380266189575195e-01,9.499923586845397949e-01,9.392900466918945312e-01,9.291059374809265137e-01,9.194171428680419922e-01,9.102028012275695801e-01,9.014431238174438477e-01,8.931199312210083008e-01,8.852163553237915039e-01,8.777164220809936523e-01,8.706052899360656738e-01,8.638696670532226562e-01,8.574966788291931152e-01,8.514744043350219727e-01,8.457919359207153320e-01,8.404391407966613770e-01,8.354065418243408203e-01,8.306855559349060059e-01,8.262676596641540527e-01,8.221457004547119141e-01,8.183127045631408691e-01,8.147622942924499512e-01,8.114886879920959473e-01,8.084867000579833984e-01,8.057512044906616211e-01,8.032779693603515625e-01,8.010633587837219238e-01,7.991035580635070801e-01,7.973955273628234863e-01,7.959368228912353516e-01,7.947251200675964355e-01,7.937583327293395996e-01,7.930353879928588867e-01,7.925549149513244629e-01,7.923161983489990234e-01,7.923188805580139160e-01,7.925629615783691406e-01,7.930488586425781250e-01,7.937771081924438477e-01,7.947493195533752441e-01,7.959665656089782715e-01,7.974307537078857422e-01,7.991442680358886719e-01,8.011097908020019531e-01,8.033301234245300293e-01,8.058090209960937500e-01,8.085504770278930664e-01,8.115584850311279297e-01,8.148381710052490234e-01,8.183947801589965820e-01,8.222341537475585938e-01,8.263624310493469238e-01,8.307870030403137207e-01,8.355149030685424805e-01,8.405544757843017578e-01,8.459146022796630859e-01,8.516045212745666504e-01,8.576343059539794922e-01,8.640152812004089355e-01,8.707590699195861816e-01,8.778787851333618164e-01,8.853873610496520996e-01,8.933002352714538574e-01,9.016329646110534668e-01,9.104024767875671387e-01,9.196270704269409180e-01,9.293266534805297852e-01,9.395220875740051270e-01,9.502363801002502441e-01,9.614942073822021484e-01,9.733220338821411133e-01,9.857485294342041016e-01,9.988042116165161133e-01,1.012523412704467773e+00,1.026941776275634766e+00,1.042098522186279297e+00,1.058036923408508301e+00,1.074802637100219727e+00,1.092446208000183105e+00,1.111022949218750000e+00,1.130923271179199219e+00,1.152007937431335449e+00,1.174314618110656738e+00,1.197724223136901855e+00,1.222483634948730469e+00,1.248757958412170410e+00,1.276379346847534180e+00,1.305662631988525391e+00,1.327134013175964355e+00,1.315985321998596191e+00,1.300006389617919922e+00,1.284797430038452148e+00,1.270323038101196289e+00,1.256549596786499023e+00,1.243446350097656250e+00,1.230984449386596680e+00,1.219137549400329590e+00,1.207880854606628418e+00,1.197191715240478516e+00,1.187048673629760742e+00,1.177431225776672363e+00,1.168321728706359863e+00,1.159702658653259277e+00,1.151558041572570801e+00,1.143872737884521484e+00,1.136633396148681641e+00,1.129827141761779785e+00,1.123442173004150391e+00,1.117467403411865234e+00,1.111892700195312500e+00,1.106708645820617676e+00,1.101907134056091309e+00,1.097479581832885742e+00,1.093419551849365234e+00,1.089720010757446289e+00,1.086375117301940918e+00,1.083380103111267090e+00,1.080729246139526367e+00,1.078419446945190430e+00,1.076446771621704102e+00,1.074807763099670410e+00,1.073500394821166992e+00,1.072522401809692383e+00,1.071872711181640625e+00,1.071549773216247559e+00,esquerda
5.969636917114257812e+00,5.971476554870605469e+00,5.975135803222656250e+00,5.980624198913574219e+00,5.987948894500732422e+00,5.997119903564453125e+00,6.008152008056640625e+00,5.879743576049804688e+00,5.405391693115234375e+00,4.837524414062500000e+00,4.378043651580810547e+00,3.998887777328491211e+00,3.682103157043457031e+00,3.411679744720458984e+00,3.179206371307373047e+00,2.977399349212646484e+00,2.800654172897338867e+00,2.645220518112182617e+00,2.506701707839965820e+00,2.382143020629882812e+00,2.270044803619384766e+00,2.168729066848754883e+00,2.076105833053588867e+00,1.991500139236450195e+00,1.914854288101196289e+00,1.844147205352783203e+00,1.778774738311767578e+00,1.717981934547424316e+00,1.662339448928833008e+00,1.610438704490661621e+00,1.561744689941406250e+00,1.516772866249084473e+00,1.474478960037231445e+00,1.434784889221191406e+00,1.397844791412353516e+00,1.362774372100830078e+00,1.330229282379150391e+00,1.299201369285583496e+00,1.270080447196960449e+00,1.242612123489379883e+00,1.216482758522033691e+00,1.191859126091003418e+00,1.168577790260314941e+00,1.146392703056335449e+00,1.125422596931457520e+00,1.105568170547485352e+00,1.087096929550170898e+00,1.069553136825561523e+00,1.052882194519042969e+00,1.037033915519714355e+00,1.021962285041809082e+00,1.007625222206115723e+00,9.939833879470825195e-01,9.810009002685546875e-01,9.686444401741027832e-01,9.568830132484436035e-01,9.456883668899536133e-01,9.350344538688659668e-01,9.248964786529541016e-01,9.152514934539794922e-01,9.060791134834289551e-01,8.973590135574340820e-01,8.890735507011413574e-01,8.812057375907897949e-01,8.737398386001586914e-01,8.666610121726989746e-01,8.599558472633361816e-01,8.536116480827331543e-01,8.476167321205139160e-01,8.419599533081054688e-01,8.366314768791198730e-01,8.316217064857482910e-01,8.269220590591430664e-01,8.225241899490356445e-01,8.184208869934082031e-01,8.146052956581115723e-01,8.110709190368652344e-01,8.078122735023498535e-01,8.048237562179565430e-01,8.021007180213928223e-01,7.996387481689453125e-01,7.974340319633483887e-01,7.954831123352050781e-01,7.937829494476318359e-01,7.923308014869689941e-01,7.911244630813598633e-01,7.901622056961059570e-01,7.894424796104431152e-01,7.889642119407653809e-01,7.887266278266906738e-01,7.887292504310607910e-01,7.889721989631652832e-01,7.894559502601623535e-01,7.901809811592102051e-01,7.911486625671386719e-01,7.923603653907775879e-01,7.938179969787597656e-01,7.955237627029418945e-01,7.974802851676940918e-01,7.996907234191894531e-01,8.021582365036010742e-01,8.048872351646423340e-01,8.078817725181579590e-01,8.111464977264404297e-01,8.146868944168090820e-01,8.185089826583862305e-01,8.226185441017150879e-01,8.270229697227478027e-01,8.317295312881469727e-01,8.367463350296020508e-01,8.420820236206054688e-01,8.477462530136108398e-01,8.537486791610717773e-01,8.601007461547851562e-01,8.668141365051269531e-01,8.739014863967895508e-01,8.813760876655578613e-01,8.892531394958496094e-01,8.975480198860168457e-01,9.062778949737548828e-01,9.154605269432067871e-01,9.251163005828857422e-01,9.352655410766601562e-01,9.459312558174133301e-01,9.571380615234375000e-01,9.689123034477233887e-01,9.812825918197631836e-01,9.942790865898132324e-01,1.007936239242553711e+00,1.022289156913757324e+00,1.037377357482910156e+00,1.053243279457092285e+00,1.069933295249938965e+00,1.087496757507324219e+00,1.105989336967468262e+00,1.125857949256896973e+00,1.146850466728210449e+00,1.169059395790100098e+00,1.192366361618041992e+00,1.217017173767089844e+00,1.243176102638244629e+00,1.270676374435424805e+00,1.299830794334411621e+00,1.323904037475585938e+00,1.315984487533569336e+00,1.300005555152893066e+00,1.284796595573425293e+00,1.270322203636169434e+00,1.256548762321472168e+00,1.243445515632629395e+00,1.230983614921569824e+00,1.219136714935302734e+00,1.207880139350891113e+00,1.197191119194030762e+00,1.187047839164733887e+00,1.177430629730224609e+00,1.168321013450622559e+00,1.159701943397521973e+00,1.151557207107543945e+00,1.143872022628784180e+00,1.136632680892944336e+00,1.129826545715332031e+00,1.123441457748413086e+00,1.117466688156127930e+00,1.111891865730285645e+00,1.106708049774169922e+00,1.101906418800354004e+00,1.097478985786437988e+00,1.093418955802917480e+00,1.089719295501708984e+00,1.086374402046203613e+00,1.083379268646240234e+00,1.080728530883789062e+00,1.078418731689453125e+00,1.076446056365966797e+00,1.074807047843933105e+00,1.073499679565429688e+00,1.072521686553955078e+00,1.071871995925903320e+00,1.071549057960510254e+00,esquerda
5.969638824462890625e+00,5.971478462219238281e+00,5.975138187408447266e+00,5.980626583099365234e+00,5.987950801849365234e+00,5.997121334075927734e+00,6.008153438568115234e+00,5.864456176757812500e+00,5.380334377288818359e+00,4.815158367156982422e+00,4.357844829559326172e+00,3.980469465255737305e+00,3.665166378021240234e+00,3.396007061004638672e+00,3.164617538452148438e+00,2.963749647140502930e+00,2.787824869155883789e+00,2.633111476898193359e+00,2.495233535766601562e+00,2.371249675750732422e+00,2.259668588638305664e+00,2.158819675445556641e+00,2.066622734069824219e+00,1.982405543327331543e+00,1.906111717224121094e+00,1.835728883743286133e+00,1.770655870437622070e+00,1.710141301155090332e+00,1.654753565788269043e+00,1.603090047836303711e+00,1.554618358612060547e+00,1.509851694107055664e+00,1.467750430107116699e+00,1.428237199783325195e+00,1.391465425491333008e+00,1.356554388999938965e+00,1.324157238006591797e+00,1.293270111083984375e+00,1.264281511306762695e+00,1.236937642097473145e+00,1.210926532745361328e+00,1.186414241790771484e+00,1.163237929344177246e+00,1.141152977943420410e+00,1.120277404785156250e+00,1.100535869598388672e+00,1.082148671150207520e+00,1.064684867858886719e+00,1.048089742660522461e+00,1.032313466072082520e+00,1.017310738563537598e+00,1.003038883209228516e+00,9.894590973854064941e-01,9.765356183052062988e-01,9.642354249954223633e-01,9.525276422500610352e-01,9.413837790489196777e-01,9.307784438133239746e-01,9.206866025924682617e-01,9.110855460166931152e-01,9.019548892974853516e-01,8.932744860649108887e-01,8.850268125534057617e-01,8.771947026252746582e-01,8.697627782821655273e-01,8.627162575721740723e-01,8.560415506362915039e-01,8.497262597084045410e-01,8.437586426734924316e-01,8.381274938583374023e-01,8.328233361244201660e-01,8.278364539146423340e-01,8.231580853462219238e-01,8.187803030014038086e-01,8.146956562995910645e-01,8.108973503112792969e-01,8.073791861534118652e-01,8.041353225708007812e-01,8.011603951454162598e-01,7.984496951103210449e-01,7.959989905357360840e-01,7.938043475151062012e-01,7.918622493743896484e-01,7.901698350906372070e-01,7.887243032455444336e-01,7.875235080718994141e-01,7.865656018257141113e-01,7.858491539955139160e-01,7.853730320930480957e-01,7.851364612579345703e-01,7.851391434669494629e-01,7.853810191154479980e-01,7.858625054359436035e-01,7.865842580795288086e-01,7.875475287437438965e-01,7.887537479400634766e-01,7.902047634124755859e-01,7.919027209281921387e-01,7.938503623008728027e-01,7.960506677627563477e-01,7.985070943832397461e-01,8.012236952781677246e-01,8.042044043540954590e-01,8.074543476104736328e-01,8.109787106513977051e-01,8.147833347320556641e-01,8.188742995262145996e-01,8.232586383819580078e-01,8.279437422752380371e-01,8.329375982284545898e-01,8.382492065429687500e-01,8.438875675201416016e-01,8.498627543449401855e-01,8.561858534812927246e-01,8.628685474395751953e-01,8.699237704277038574e-01,8.773643374443054199e-01,8.852055072784423828e-01,8.934627175331115723e-01,9.021527171134948730e-01,9.112936258316040039e-01,9.209054708480834961e-01,9.310085177421569824e-01,9.416256546974182129e-01,9.527814388275146484e-01,9.645020365715026855e-01,9.768160581588745117e-01,9.897534847259521484e-01,1.003348350524902344e+00,1.017635941505432129e+00,1.032655596733093262e+00,1.048449397087097168e+00,1.065063238143920898e+00,1.082546830177307129e+00,1.100955247879028320e+00,1.120722651481628418e+00,1.141621351242065430e+00,1.163730859756469727e+00,1.186933279037475586e+00,1.211473464965820312e+00,1.237514734268188477e+00,1.264891266822814941e+00,1.293914556503295898e+00,1.320626735687255859e+00,1.315982699394226074e+00,1.300004005432128906e+00,1.284794926643371582e+00,1.270320653915405273e+00,1.256547212600708008e+00,1.243443965911865234e+00,1.230982065200805664e+00,1.219135284423828125e+00,1.207878708839416504e+00,1.197189569473266602e+00,1.187046408653259277e+00,1.177429318428039551e+00,1.168319702148437500e+00,1.159700632095336914e+00,1.151555895805358887e+00,1.143870830535888672e+00,1.136631488800048828e+00,1.129825234413146973e+00,1.123440265655517578e+00,1.117465376853942871e+00,1.111890912055969238e+00,1.106706857681274414e+00,1.101905465126037598e+00,1.097477793693542480e+00,1.093418002128601074e+00,1.089718222618103027e+00,1.086373448371887207e+00,1.083378195762634277e+00,1.080727577209472656e+00,1.078417778015136719e+00,1.076445102691650391e+00,1.074806094169616699e+00,1.073498725891113281e+00,1.072520732879638672e+00,1.071871161460876465e+00,1.071548104286193848e+00,esquerda
5.969639778137207031e+00,5.971479415893554688e+00,5.975138664245605469e+00,5.980627059936523438e+00,5.987951278686523438e+00,5.997121810913085938e+00,6.008153915405273438e+00,5.849211692810058594e+00,5.355346679687500000e+00,4.792854309082031250e+00,4.337699890136718750e+00,3.962099790573120117e+00,3.648275613784790039e+00,3.380373954772949219e+00,3.150063753128051758e+00,2.950130224227905273e+00,2.775022506713867188e+00,2.621026039123535156e+00,2.483786582946777344e+00,2.360375881195068359e+00,2.249309778213500977e+00,2.148925542831420898e+00,2.057153701782226562e+00,1.973324418067932129e+00,1.897381424903869629e+00,1.827321887016296387e+00,1.762547612190246582e+00,1.702310442924499512e+00,1.647176504135131836e+00,1.595749497413635254e+00,1.547499656677246094e+00,1.502937793731689453e+00,1.461028933525085449e+00,1.421696066856384277e+00,1.385092139244079590e+00,1.350340247154235840e+00,1.318090558052062988e+00,1.287344098091125488e+00,1.258487224578857422e+00,1.231267571449279785e+00,1.205374598503112793e+00,1.180973410606384277e+00,1.157902121543884277e+00,1.135916948318481445e+00,1.115135550498962402e+00,1.095503211021423340e+00,1.077200055122375488e+00,1.059816002845764160e+00,1.043296813964843750e+00,1.027592897415161133e+00,1.012658476829528809e+00,9.984519481658935547e-01,9.849342703819274902e-01,9.720699191093444824e-01,9.598259925842285156e-01,9.481717348098754883e-01,9.370788931846618652e-01,9.265220761299133301e-01,9.164763689041137695e-01,9.069191813468933105e-01,8.978303074836730957e-01,8.891894817352294922e-01,8.809795975685119629e-01,8.731833100318908691e-01,8.657854199409484863e-01,8.587710261344909668e-01,8.521268963813781738e-01,8.458405733108520508e-01,8.399001359939575195e-01,8.342947363853454590e-01,8.290148377418518066e-01,8.240507841110229492e-01,8.193937540054321289e-01,8.150361180305480957e-01,8.109701275825500488e-01,8.071891665458679199e-01,8.036870956420898438e-01,8.004580140113830566e-01,7.974967360496520996e-01,7.947984337806701660e-01,7.923589348793029785e-01,7.901742458343505859e-01,7.882410883903503418e-01,7.865564227104187012e-01,7.851175069808959961e-01,7.839221954345703125e-01,7.829686403274536133e-01,7.822555303573608398e-01,7.817815542221069336e-01,7.815461158752441406e-01,7.815487384796142578e-01,7.817894816398620605e-01,7.822688221931457520e-01,7.829872369766235352e-01,7.839460968971252441e-01,7.851468324661254883e-01,7.865911722183227539e-01,7.882813811302185059e-01,7.902200818061828613e-01,7.924103736877441406e-01,7.948555350303649902e-01,7.975596785545349121e-01,8.005269169807434082e-01,8.037618994712829590e-01,8.072702288627624512e-01,8.110574483871459961e-01,8.151295781135559082e-01,8.194939494132995605e-01,8.241575956344604492e-01,8.291286826133728027e-01,8.344159126281738281e-01,8.400285243988037109e-01,8.459763526916503906e-01,8.522706627845764160e-01,8.589227795600891113e-01,8.659456968307495117e-01,8.733521699905395508e-01,8.811574578285217285e-01,8.893769979476928711e-01,8.980272412300109863e-01,9.071263670921325684e-01,9.166941642761230469e-01,9.267510175704956055e-01,9.373196959495544434e-01,9.484244585037231445e-01,9.600915312767028809e-01,9.723491072654724121e-01,9.852274060249328613e-01,9.987601041793823242e-01,1.012982487678527832e+00,1.027933239936828613e+00,1.043654799461364746e+00,1.060192823410034180e+00,1.077596545219421387e+00,1.095920681953430176e+00,1.115595340728759766e+00,1.136402487754821777e+00,1.158415317535400391e+00,1.181516051292419434e+00,1.205948710441589355e+00,1.231876015663146973e+00,1.259132504463195801e+00,1.288028597831726074e+00,1.317368030548095703e+00,1.315981984138488770e+00,1.300003051757812500e+00,1.284794092178344727e+00,1.270319819450378418e+00,1.256546378135681152e+00,1.243443131446838379e+00,1.230981469154357910e+00,1.219134569168090820e+00,1.207877993583679199e+00,1.197188854217529297e+00,1.187045574188232422e+00,1.177428483963012695e+00,1.168318867683410645e+00,1.159699797630310059e+00,1.151555180549621582e+00,1.143869996070861816e+00,1.136630654335021973e+00,1.129824519157409668e+00,1.123439550399780273e+00,1.117464780807495117e+00,1.111890077590942383e+00,1.106706142425537109e+00,1.101904511451721191e+00,1.097477197647094727e+00,1.093417167663574219e+00,1.089717388153076172e+00,1.086372733116149902e+00,1.083377599716186523e+00,1.080726861953735352e+00,1.078417062759399414e+00,1.076444387435913086e+00,1.074805378913879395e+00,1.073498010635375977e+00,1.072520017623901367e+00,1.071870446205139160e+00,1.071547508239746094e+00,esquerda
5.969639301300048828e+00,5.971478939056396484e+00,5.975138187408447266e+00,5.980626106262207031e+00,5.987950801849365234e+00,5.997121810913085938e+00,6.008153915405273438e+00,5.833951950073242188e+00,5.330340385437011719e+00,4.770538806915283203e+00,4.317550659179687500e+00,3.943729639053344727e+00,3.631383895874023438e+00,3.364740610122680664e+00,3.135508775711059570e+00,2.936509847640991211e+00,2.762219190597534180e+00,2.608939647674560547e+00,2.472338438034057617e+00,2.349500894546508789e+00,2.238950252532958984e+00,2.139031171798706055e+00,2.047683715820312500e+00,1.964242219924926758e+00,1.888649821281433105e+00,1.818913817405700684e+00,1.754438161849975586e+00,1.694478750228881836e+00,1.639598488807678223e+00,1.588408112525939941e+00,1.540380120277404785e+00,1.496022820472717285e+00,1.454306483268737793e+00,1.415154099464416504e+00,1.378717899322509766e+00,1.344125151634216309e+00,1.312022805213928223e+00,1.281417131423950195e+00,1.252692103385925293e+00,1.225596666336059570e+00,1.199821829795837402e+00,1.175531744956970215e+00,1.152565360069274902e+00,1.130680203437805176e+00,1.109993338584899902e+00,1.090471744537353516e+00,1.072252750396728516e+00,1.054948568344116211e+00,1.038505315780639648e+00,1.022873401641845703e+00,1.008007645606994629e+00,9.938663840293884277e-01,9.804108738899230957e-01,9.676055312156677246e-01,9.554178714752197266e-01,9.438169598579406738e-01,9.327752590179443359e-01,9.222667217254638672e-01,9.122672677040100098e-01,9.027540087699890137e-01,8.937067985534667969e-01,8.851058483123779297e-01,8.769334554672241211e-01,8.691730499267578125e-01,8.618091344833374023e-01,8.548268675804138184e-01,8.482133150100708008e-01,8.419558405876159668e-01,8.360427021980285645e-01,8.304631710052490234e-01,8.252074718475341797e-01,8.202661275863647461e-01,8.156306147575378418e-01,8.112927675247192383e-01,8.072455525398254395e-01,8.034820556640625000e-01,7.999959588050842285e-01,7.967817187309265137e-01,7.938340902328491211e-01,7.911481857299804688e-01,7.887198328971862793e-01,7.865452766418457031e-01,7.846210002899169922e-01,7.829440236091613770e-01,7.815117239952087402e-01,7.803218960762023926e-01,7.793727517127990723e-01,7.786628603935241699e-01,7.781910896301269531e-01,7.779566645622253418e-01,7.779593467712402344e-01,7.781990170478820801e-01,7.786760926246643066e-01,7.793911695480346680e-01,7.803457379341125488e-01,7.815408706665039062e-01,7.829785943031311035e-01,7.846611142158508301e-01,7.865909337997436523e-01,7.887710332870483398e-01,7.912049889564514160e-01,7.938967943191528320e-01,7.968503832817077637e-01,8.000705242156982422e-01,8.035627007484436035e-01,8.073324561119079590e-01,8.113859891891479492e-01,8.157302141189575195e-01,8.203724622726440430e-01,8.253207802772521973e-01,8.305836319923400879e-01,8.361704945564270020e-01,8.420910835266113281e-01,8.483563661575317383e-01,8.549780249595642090e-01,8.619686961174011230e-01,8.693411350250244141e-01,8.771107196807861328e-01,8.852923512458801270e-01,8.939028978347778320e-01,9.029602408409118652e-01,9.124841094017028809e-01,9.224947690963745117e-01,9.330147504806518555e-01,9.440686702728271484e-01,9.556820988655090332e-01,9.678834080696105957e-01,9.807025790214538574e-01,9.941731691360473633e-01,1.008330225944519043e+00,1.023212313652038574e+00,1.038861751556396484e+00,1.055323719978332520e+00,1.072647452354431152e+00,1.090887427330017090e+00,1.110461354255676270e+00,1.131174564361572266e+00,1.153088092803955078e+00,1.176084518432617188e+00,1.200406551361083984e+00,1.226216197013854980e+00,1.253349184989929199e+00,1.282114148139953613e+00,1.312764286994934082e+00,1.315936565399169922e+00,1.300002932548522949e+00,1.284793972969055176e+00,1.270319819450378418e+00,1.256546378135681152e+00,1.243443012237548828e+00,1.230981111526489258e+00,1.219134330749511719e+00,1.207877874374389648e+00,1.197188735008239746e+00,1.187045454978942871e+00,1.177428245544433594e+00,1.168318629264831543e+00,1.159699559211730957e+00,1.151555061340332031e+00,1.143869757652282715e+00,1.136630415916442871e+00,1.129824280738830566e+00,1.123439192771911621e+00,1.117464423179626465e+00,1.111889839172363281e+00,1.106705904006958008e+00,1.101904273033142090e+00,1.097476840019226074e+00,1.093416810035705566e+00,1.089717149734497070e+00,1.086372375488281250e+00,1.083377122879028320e+00,1.080726504325866699e+00,1.078416585922241211e+00,1.076443910598754883e+00,1.074804902076721191e+00,1.073497653007507324e+00,1.072519659996032715e+00,1.071869969367980957e+00,1.071546912193298340e+00,esquerda
5.969640731811523438e+00,5.971480369567871094e+00,5.975139617919921875e+00,5.980628013610839844e+00,5.987952232360839844e+00,5.997123241424560547e+00,6.008155345916748047e+00,5.820294857025146484e+00,5.307796478271484375e+00,4.750185012817382812e+00,4.298998832702636719e+00,3.926684379577636719e+00,3.615611553192138672e+00,3.350064754486083984e+00,3.121782541275024414e+00,2.923613071441650391e+00,2.750052928924560547e+00,2.597419738769531250e+00,2.461396217346191406e+00,2.339080333709716797e+00,2.229000568389892578e+00,2.129508733749389648e+00,2.038552999496459961e+00,1.955469846725463867e+00,1.880202770233154297e+00,1.810767412185668945e+00,1.746570348739624023e+00,1.686870574951171875e+00,1.632228136062622070e+00,1.581260204315185547e+00,1.533440589904785156e+00,1.489276409149169922e+00,1.447741389274597168e+00,1.408759474754333496e+00,1.372481822967529297e+00,1.338040113449096680e+00,1.306077957153320312e+00,1.275605559349060059e+00,1.247006058692932129e+00,1.220028758049011230e+00,1.194366335868835449e+00,1.170182108879089355e+00,1.147315979003906250e+00,1.125526309013366699e+00,1.104929327964782715e+00,1.085438847541809082e+00,1.067304015159606934e+00,1.050079703330993652e+00,1.033712267875671387e+00,1.018152475357055664e+00,1.003355383872985840e+00,9.892793297767639160e-01,9.758858680725097656e-01,9.631397724151611328e-01,9.510082602500915527e-01,9.394609928131103516e-01,9.284701347351074219e-01,9.180101752281188965e-01,9.080567955970764160e-01,8.985875248908996582e-01,8.895820379257202148e-01,8.810207843780517578e-01,8.728861212730407715e-01,8.651615977287292480e-01,8.578315973281860352e-01,8.508816957473754883e-01,8.442986607551574707e-01,8.380699157714843750e-01,8.321841359138488770e-01,8.266302943229675293e-01,8.213988542556762695e-01,8.164803385734558105e-01,8.118662238121032715e-01,8.075484633445739746e-01,8.035198450088500977e-01,7.997736930847167969e-01,7.963037490844726562e-01,7.931043505668640137e-01,7.901703715324401855e-01,7.874967455863952637e-01,7.850796580314636230e-01,7.829151749610900879e-01,7.809997200965881348e-01,7.793304920196533203e-01,7.779047489166259766e-01,7.767204642295837402e-01,7.757756710052490234e-01,7.750691175460815430e-01,7.745994925498962402e-01,7.743661999702453613e-01,7.743687629699707031e-01,7.746073603630065918e-01,7.750822305679321289e-01,7.757940888404846191e-01,7.767442464828491211e-01,7.779338359832763672e-01,7.793649435043334961e-01,7.810397148132324219e-01,7.829606533050537109e-01,7.851306796073913574e-01,7.875533699989318848e-01,7.902327775955200195e-01,7.931725978851318359e-01,7.963778972625732422e-01,7.998539805412292480e-01,8.036064505577087402e-01,8.076411485671997070e-01,8.119654059410095215e-01,8.165863156318664551e-01,8.215116262435913086e-01,8.267503976821899414e-01,8.323113918304443359e-01,8.382045626640319824e-01,8.444409966468811035e-01,8.510320782661437988e-01,8.579904437065124512e-01,8.653289079666137695e-01,8.730626106262207031e-01,8.812064528465270996e-01,8.897773623466491699e-01,8.987928628921508789e-01,9.082728028297424316e-01,9.182372689247131348e-01,9.287087321281433105e-01,9.397115111351013184e-01,9.512714147567749023e-01,9.634163975715637207e-01,9.761763811111450195e-01,9.895848035812377930e-01,1.003676414489746094e+00,1.018489956855773926e+00,1.034067034721374512e+00,1.050453066825866699e+00,1.067696928977966309e+00,1.085852742195129395e+00,1.105327367782592773e+00,1.125946760177612305e+00,1.147760510444641113e+00,1.170652389526367188e+00,1.194863915443420410e+00,1.220556139945983887e+00,1.247565388679504395e+00,1.276199102401733398e+00,1.306709170341491699e+00,1.315841078758239746e+00,1.300002098083496094e+00,1.284793138504028320e+00,1.270318984985351562e+00,1.256545543670654297e+00,1.243442177772521973e+00,1.230980515480041504e+00,1.219133615493774414e+00,1.207877039909362793e+00,1.197187900543212891e+00,1.187044620513916016e+00,1.177427530288696289e+00,1.168318033218383789e+00,1.159698843955993652e+00,1.151554226875305176e+00,1.143869042396545410e+00,1.136629700660705566e+00,1.129823565483093262e+00,1.123438596725463867e+00,1.117463707923889160e+00,1.111889123916625977e+00,1.106705188751220703e+00,1.101903557777404785e+00,1.097476124763488770e+00,1.093416094779968262e+00,1.089716434478759766e+00,1.086371660232543945e+00,1.083376407623291016e+00,1.080725789070129395e+00,1.078415870666503906e+00,1.076443195343017578e+00,1.074804186820983887e+00,1.073496937751770020e+00,1.072518944740295410e+00,1.071869254112243652e+00,1.071546196937561035e+00,esquerda
5.969641685485839844e+00,5.971481323242187500e+00,5.975140571594238281e+00,5.980628967285156250e+00,5.987953186035156250e+00,5.997124195098876953e+00,6.008156299591064453e+00,5.805054187774658203e+00,5.282814979553222656e+00,4.727884769439697266e+00,4.278857231140136719e+00,3.908317327499389648e+00,3.598722457885742188e+00,3.334432840347290039e+00,3.107229471206665039e+00,2.909994363784790039e+00,2.737250804901123047e+00,2.585334777832031250e+00,2.449949502944946289e+00,2.328206777572631836e+00,2.218641757965087891e+00,2.119614839553833008e+00,2.029083728790283203e+00,1.946388006210327148e+00,1.871472001075744629e+00,1.802359938621520996e+00,1.738461852073669434e+00,1.679039359092712402e+00,1.624650835990905762e+00,1.573919057846069336e+00,1.526321530342102051e+00,1.482361912727355957e+00,1.441019415855407715e+00,1.402217864990234375e+00,1.366108059883117676e+00,1.331825256347656250e+00,1.300010681152343750e+00,1.269678950309753418e+00,1.241211175918579102e+00,1.214358210563659668e+00,1.188813805580139160e+00,1.164740800857543945e+00,1.141979455947875977e+00,1.120289683341979980e+00,1.099787116050720215e+00,1.080406427383422852e+00,1.062355637550354004e+00,1.045211076736450195e+00,1.028919696807861328e+00,1.013432025909423828e+00,9.987034797668457031e-01,9.846926927566528320e-01,9.713614583015441895e-01,9.586742520332336426e-01,9.465991258621215820e-01,9.351053237915039062e-01,9.241655468940734863e-01,9.137539863586425781e-01,9.038468003273010254e-01,8.944214582443237305e-01,8.854576945304870605e-01,8.769360780715942383e-01,8.688392043113708496e-01,8.611504435539245605e-01,8.538544178009033203e-01,8.469365835189819336e-01,8.403841257095336914e-01,8.341844081878662109e-01,8.283259272575378418e-01,8.227977752685546875e-01,8.175905942916870117e-01,8.126949071884155273e-01,8.081021308898925781e-01,8.038045167922973633e-01,7.997944951057434082e-01,7.960656285285949707e-01,7.926118373870849609e-01,7.894272804260253906e-01,7.865068316459655762e-01,7.838456630706787109e-01,7.814398407936096191e-01,7.792853116989135742e-01,7.773787379264831543e-01,7.757172584533691406e-01,7.742981910705566406e-01,7.731193304061889648e-01,7.721790075302124023e-01,7.714757323265075684e-01,7.710081934928894043e-01,7.707759737968444824e-01,7.707785964012145996e-01,7.710160613059997559e-01,7.714887857437133789e-01,7.721973061561584473e-01,7.731429934501647949e-01,7.743270993232727051e-01,7.757515907287597656e-01,7.774185538291931152e-01,7.793306112289428711e-01,7.814905643463134766e-01,7.839019894599914551e-01,7.865689992904663086e-01,7.894951701164245605e-01,7.926857471466064453e-01,7.961456179618835449e-01,7.998805642127990723e-01,8.038967251777648926e-01,8.082009553909301758e-01,8.128004074096679688e-01,8.177029490470886230e-01,8.229172825813293457e-01,8.284525275230407715e-01,8.343184590339660645e-01,8.405259847640991211e-01,8.470864295959472656e-01,8.540125489234924316e-01,8.613170385360717773e-01,8.690147995948791504e-01,8.771209716796875000e-01,8.856520652770996094e-01,8.946257829666137695e-01,9.040617942810058594e-01,9.139800071716308594e-01,9.244030117988586426e-01,9.353548288345336914e-01,9.468609690666198730e-01,9.589496850967407227e-01,9.716504216194152832e-01,9.849968552589416504e-01,9.990230798721313477e-01,1.013767957687377930e+00,1.029272913932800293e+00,1.045582890510559082e+00,1.062746882438659668e+00,1.080818533897399902e+00,1.100192308425903320e+00,1.120717644691467285e+00,1.142432093620300293e+00,1.165219426155090332e+00,1.189320206642150879e+00,1.214894890785217285e+00,1.241780519485473633e+00,1.270282983779907227e+00,1.300653219223022461e+00,1.315744757652282715e+00,1.300000548362731934e+00,1.284791588783264160e+00,1.270317435264587402e+00,1.256543993949890137e+00,1.243440628051757812e+00,1.230978965759277344e+00,1.219132184982299805e+00,1.207875490188598633e+00,1.197186589241027832e+00,1.187043309211730957e+00,1.177426218986511230e+00,1.168316721916198730e+00,1.159697532653808594e+00,1.151553034782409668e+00,1.143867731094360352e+00,1.136628389358520508e+00,1.129822373390197754e+00,1.123437285423278809e+00,1.117462754249572754e+00,1.111887812614440918e+00,1.106704115867614746e+00,1.101902484893798828e+00,1.097475051879882812e+00,1.093415021896362305e+00,1.089715361595153809e+00,1.086370587348937988e+00,1.083375453948974609e+00,1.080724716186523438e+00,1.078414916992187500e+00,1.076442241668701172e+00,1.074803113937377930e+00,1.073495864868164062e+00,1.072517871856689453e+00,1.071868300437927246e+00,1.071545243263244629e+00,esquerda
5.969641208648681641e+00,5.971480846405029297e+00,5.975140094757080078e+00,5.980628490447998047e+00,5.987952709197998047e+00,5.997124195098876953e+00,6.008156299591064453e+00,5.789777755737304688e+00,5.257775783538818359e+00,4.705534458160400391e+00,4.258671283721923828e+00,3.889909744262695312e+00,3.581795692443847656e+00,3.318768978118896484e+00,3.092648267745971680e+00,2.896351337432861328e+00,2.724427700042724609e+00,2.573230743408203125e+00,2.438485622406005859e+00,2.317317724227905273e+00,2.208269596099853516e+00,2.109709262847900391e+00,2.019603729248046875e+00,1.937296748161315918e+00,1.862732052803039551e+00,1.793944120407104492e+00,1.730345249176025391e+00,1.671201109886169434e+00,1.617066979408264160e+00,1.566572308540344238e+00,1.519196987152099609e+00,1.475442409515380859e+00,1.434292674064636230e+00,1.395671725273132324e+00,1.359730005264282227e+00,1.325606942176818848e+00,1.293939828872680664e+00,1.263749122619628906e+00,1.235413193702697754e+00,1.208684802055358887e+00,1.183258652687072754e+00,1.159296870231628418e+00,1.136640667915344238e+00,1.115051031112670898e+00,1.094642758369445801e+00,1.075374007225036621e+00,1.057407379150390625e+00,1.040342688560485840e+00,1.024127006530761719e+00,1.008711576461791992e+00,9.940516352653503418e-01,9.801061153411865234e-01,9.668368101119995117e-01,9.542089700698852539e-01,9.421899914741516113e-01,9.307498335838317871e-01,9.198608398437500000e-01,9.094979166984558105e-01,8.996368646621704102e-01,8.902552723884582520e-01,8.813334107398986816e-01,8.728515505790710449e-01,8.647922873497009277e-01,8.571393489837646484e-01,8.498772978782653809e-01,8.429918289184570312e-01,8.364698290824890137e-01,8.302988409996032715e-01,8.244675397872924805e-01,8.189653158187866211e-01,8.137823939323425293e-01,8.089094758033752441e-01,8.043380975723266602e-01,8.000604510307312012e-01,7.960690855979919434e-01,7.923578023910522461e-01,7.889199256896972656e-01,7.857502102851867676e-01,7.828434109687805176e-01,7.801946401596069336e-01,7.777999639511108398e-01,7.756555080413818359e-01,7.737578749656677246e-01,7.721041440963745117e-01,7.706916332244873047e-01,7.695183157920837402e-01,7.685822844505310059e-01,7.678822278976440430e-01,7.674170136451721191e-01,7.671858668327331543e-01,7.671884894371032715e-01,7.674248218536376953e-01,7.678952813148498535e-01,7.686005830764770508e-01,7.695418596267700195e-01,7.707205414772033691e-01,7.721382975578308105e-01,7.737974524497985840e-01,7.757005691528320312e-01,7.778505682945251465e-01,7.802507877349853516e-01,7.829052805900573730e-01,7.858179211616516113e-01,7.889935374259948730e-01,7.924373149871826172e-01,7.961549758911132812e-01,8.001523613929748535e-01,8.044365048408508301e-01,8.090144395828247070e-01,8.138942122459411621e-01,8.190842866897583008e-01,8.245937228202819824e-01,8.304322957992553711e-01,8.366108536720275879e-01,8.431408405303955078e-01,8.500347137451171875e-01,8.573051095008850098e-01,8.649670481681823730e-01,8.730354905128479004e-01,8.815268874168395996e-01,8.904587626457214355e-01,8.998507261276245117e-01,9.097228646278381348e-01,9.200972914695739746e-01,9.309980869293212891e-01,9.424507021903991699e-01,9.544831514358520508e-01,9.671247601509094238e-01,9.804088473320007324e-01,9.943699240684509277e-01,1.009045958518981934e+00,1.024478673934936523e+00,1.040712833404541016e+00,1.057796716690063477e+00,1.075784325599670410e+00,1.095058560371398926e+00,1.115490078926086426e+00,1.137105226516723633e+00,1.159788012504577637e+00,1.183778285980224609e+00,1.209235548973083496e+00,1.235997676849365234e+00,1.264369130134582520e+00,1.294599413871765137e+00,1.315650105476379395e+00,1.300000548362731934e+00,1.284791588783264160e+00,1.270317435264587402e+00,1.256543993949890137e+00,1.243440628051757812e+00,1.230978846549987793e+00,1.219131946563720703e+00,1.207875490188598633e+00,1.197186470031738281e+00,1.187043190002441406e+00,1.177425980567932129e+00,1.168316483497619629e+00,1.159697413444519043e+00,1.151552915573120117e+00,1.143867611885070801e+00,1.136628270149230957e+00,1.129822134971618652e+00,1.123437047004699707e+00,1.117462277412414551e+00,1.111887693405151367e+00,1.106703758239746094e+00,1.101902246475219727e+00,1.097474694252014160e+00,1.093414783477783203e+00,1.089715123176574707e+00,1.086370468139648438e+00,1.083375215530395508e+00,1.080724477767944336e+00,1.078414678573608398e+00,1.076441884040832520e+00,1.074802875518798828e+00,1.073495626449584961e+00,1.072517633438110352e+00,1.071867942810058594e+00,1.071544885635375977e+00,esquerda
5.969642639160156250e+00,5.971482276916503906e+00,5.975142002105712891e+00,5.980629920959472656e+00,5.987954616546630859e+00,5.997125148773193359e+00,6.008157253265380859e+00,5.775002002716064453e+00,5.233422756195068359e+00,4.683600425720214844e+00,4.238717079162597656e+00,3.871605873107910156e+00,3.564919471740722656e+00,3.303143501281738281e+00,3.078100919723510742e+00,2.882737398147583008e+00,2.711629867553710938e+00,2.561149597167968750e+00,2.427042007446289062e+00,2.306447267532348633e+00,2.197913885116577148e+00,2.099817991256713867e+00,2.010137319564819336e+00,1.928217530250549316e+00,1.854003429412841797e+00,1.785538554191589355e+00,1.722238302230834961e+00,1.663371562957763672e+00,1.609491109848022461e+00,1.559232950210571289e+00,1.512079477310180664e+00,1.468529224395751953e+00,1.427571773529052734e+00,1.389131307601928711e+00,1.353357315063476562e+00,1.319393157958984375e+00,1.287873864173889160e+00,1.257823467254638672e+00,1.229619503021240234e+00,1.203015089035034180e+00,1.177706956863403320e+00,1.153856277465820312e+00,1.131305217742919922e+00,1.109815359115600586e+00,1.089501380920410156e+00,1.070342183113098145e+00,1.052459597587585449e+00,1.035474777221679688e+00,1.019335031509399414e+00,1.003991723060607910e+00,9.894003272056579590e-01,9.755200743675231934e-01,9.623128771781921387e-01,9.497439861297607422e-01,9.377812743186950684e-01,9.263945817947387695e-01,9.155566096305847168e-01,9.052422046661376953e-01,8.954272866249084473e-01,8.860896229743957520e-01,8.772093653678894043e-01,8.687672019004821777e-01,8.607456684112548828e-01,8.531284332275390625e-01,8.459005355834960938e-01,8.390471339225769043e-01,8.325557708740234375e-01,8.264137506484985352e-01,8.206097483634948730e-01,8.151332139968872070e-01,8.099744915962219238e-01,8.051243424415588379e-01,8.005743622779846191e-01,7.963167428970336914e-01,7.923441529273986816e-01,7.886500954627990723e-01,7.852283716201782227e-01,7.820735573768615723e-01,7.791802287101745605e-01,7.765439152717590332e-01,7.741603851318359375e-01,7.720260024070739746e-01,7.701371312141418457e-01,7.684911489486694336e-01,7.670853734016418457e-01,7.659174203872680664e-01,7.649857997894287109e-01,7.642890810966491699e-01,7.638260126113891602e-01,7.635959386825561523e-01,7.635985016822814941e-01,7.638337612152099609e-01,7.643019556999206543e-01,7.650039196014404297e-01,7.659409046173095703e-01,7.671139240264892578e-01,7.685251235961914062e-01,7.701765894889831543e-01,7.720708250999450684e-01,7.742106318473815918e-01,7.765996456146240234e-01,7.792417407035827637e-01,7.821407318115234375e-01,7.853014469146728516e-01,7.887291908264160156e-01,7.924293875694274902e-01,7.964079976081848145e-01,8.006721735000610352e-01,8.052287697792053223e-01,8.100856542587280273e-01,8.152513504028320312e-01,8.207350969314575195e-01,8.265462517738342285e-01,8.326960802078247070e-01,8.391954302787780762e-01,8.460569977760314941e-01,8.532934188842773438e-01,8.609194755554199219e-01,8.689501285552978516e-01,8.774017691612243652e-01,8.862918615341186523e-01,8.956398963928222656e-01,9.054657816886901855e-01,9.157917499542236328e-01,9.266414642333984375e-01,9.380405545234680176e-01,9.500166177749633789e-01,9.625990390777587891e-01,9.758209586143493652e-01,9.897167086601257324e-01,1.004324197769165039e+00,1.019684553146362305e+00,1.035842776298522949e+00,1.052846550941467285e+00,1.070750117301940918e+00,1.089992880821228027e+00,1.110332369804382324e+00,1.131849765777587891e+00,1.154430150985717773e+00,1.178311705589294434e+00,1.203653573989868164e+00,1.230294346809387207e+00,1.258536934852600098e+00,1.288630008697509766e+00,1.315555930137634277e+00,1.299999713897705078e+00,1.284790635108947754e+00,1.270316600799560547e+00,1.256543159484863281e+00,1.243439793586730957e+00,1.230978131294250488e+00,1.219131350517272949e+00,1.207874774932861328e+00,1.197185635566711426e+00,1.187042474746704102e+00,1.177425265312194824e+00,1.168315768241882324e+00,1.159696578979492188e+00,1.151552081108093262e+00,1.143866777420043945e+00,1.136627554893493652e+00,1.129821419715881348e+00,1.123436450958251953e+00,1.117461562156677246e+00,1.111886978149414062e+00,1.106703042984008789e+00,1.101901531219482422e+00,1.097473978996276855e+00,1.093413949012756348e+00,1.089714407920837402e+00,1.086369633674621582e+00,1.083374381065368652e+00,1.080723762512207031e+00,1.078413963317871094e+00,1.076441168785095215e+00,1.074802160263061523e+00,1.073494911193847656e+00,1.072516918182373047e+00,1.071867227554321289e+00,1.071544289588928223e+00,esquerda
5.969643592834472656e+00,5.971483230590820312e+00,5.975142955780029297e+00,5.980631351470947266e+00,5.987955570220947266e+00,5.997126102447509766e+00,6.008158206939697266e+00,5.760851383209228516e+00,5.210208892822265625e+00,4.662851333618164062e+00,4.219957828521728516e+00,3.854484319686889648e+00,3.549122810363769531e+00,3.288450956344604492e+00,3.064359903335571289e+00,2.869827508926391602e+00,2.699452161788940430e+00,2.549619197845458984e+00,2.416090488433837891e+00,2.296017885208129883e+00,2.187956333160400391e+00,2.090288400650024414e+00,2.000999689102172852e+00,1.919438719749450684e+00,1.845550656318664551e+00,1.777387022972106934e+00,1.714365482330322266e+00,1.655758500099182129e+00,1.602116227149963379e+00,1.552080631256103516e+00,1.505135774612426758e+00,1.461778879165649414e+00,1.421003103256225586e+00,1.382733464241027832e+00,1.347118139266967773e+00,1.313305139541625977e+00,1.281925916671752930e+00,1.252009034156799316e+00,1.223930716514587402e+00,1.197444438934326172e+00,1.172248840332031250e+00,1.148504376411437988e+00,1.126053452491760254e+00,1.104659080505371094e+00,1.084435224533081055e+00,1.065307974815368652e+00,1.047509312629699707e+00,1.030604481697082520e+00,1.014540672302246094e+00,9.992694258689880371e-01,9.847466349601745605e-01,9.709317684173583984e-01,9.577866792678833008e-01,9.452769756317138672e-01,9.333704113960266113e-01,9.220373630523681641e-01,9.112502932548522949e-01,9.009843468666076660e-01,8.912156224250793457e-01,8.819218873977661133e-01,8.730835318565368652e-01,8.646809458732604980e-01,8.566971421241760254e-01,8.491159081459045410e-01,8.419218659400939941e-01,8.351007699966430664e-01,8.286398649215698242e-01,8.225266933441162109e-01,8.167499899864196777e-01,8.112993240356445312e-01,8.061648011207580566e-01,8.013375401496887207e-01,7.968089580535888672e-01,7.925713658332824707e-01,7.886173129081726074e-01,7.849407196044921875e-01,7.815350890159606934e-01,7.783949971199035645e-01,7.755154371261596680e-01,7.728915214538574219e-01,7.705192565917968750e-01,7.683947682380676270e-01,7.665148973464965820e-01,7.648766040802001953e-01,7.634773850440979004e-01,7.623149752616882324e-01,7.613877654075622559e-01,7.606942653656005859e-01,7.602333426475524902e-01,7.600044012069702148e-01,7.600069642066955566e-01,7.602410912513732910e-01,7.607071995735168457e-01,7.614058256149291992e-01,7.623383402824401855e-01,7.635058760643005371e-01,7.649104595184326172e-01,7.665541172027587891e-01,7.684393525123596191e-01,7.705691456794738770e-01,7.729469537734985352e-01,7.755765914916992188e-01,7.784619927406311035e-01,7.816079258918762207e-01,7.850193977355957031e-01,7.887022495269775391e-01,7.926622033119201660e-01,7.969062924385070801e-01,8.014414310455322266e-01,8.062754869461059570e-01,8.114169836044311523e-01,8.168748617172241211e-01,8.226587176322937012e-01,8.287795186042785645e-01,8.352482914924621582e-01,8.420776128768920898e-01,8.492799997329711914e-01,8.568701148033142090e-01,8.648630380630493164e-01,8.732749819755554199e-01,8.821232914924621582e-01,8.914273381233215332e-01,9.012070298194885254e-01,9.114843606948852539e-01,9.222830533981323242e-01,9.336284399032592773e-01,9.455482959747314453e-01,9.580715298652648926e-01,9.712313413619995117e-01,9.850615859031677246e-01,9.996004104614257812e-01,1.014888525009155273e+00,1.030970692634582520e+00,1.047894597053527832e+00,1.065713763236999512e+00,1.084858417510986328e+00,1.105103850364685059e+00,1.126521706581115723e+00,1.148997545242309570e+00,1.172768473625183105e+00,1.197992920875549316e+00,1.224510073661804199e+00,1.252621531486511230e+00,1.282574653625488281e+00,1.313992261886596680e+00,1.299998044967651367e+00,1.284789085388183594e+00,1.270315051078796387e+00,1.256541609764099121e+00,1.243438243865966797e+00,1.230976819992065430e+00,1.219129920005798340e+00,1.207873225212097168e+00,1.197184324264526367e+00,1.187041163444519043e+00,1.177423954010009766e+00,1.168314456939697266e+00,1.159695267677307129e+00,1.151550769805908203e+00,1.143865585327148438e+00,1.136626243591308594e+00,1.129820227622985840e+00,1.123435139656066895e+00,1.117460489273071289e+00,1.111885905265808105e+00,1.106701970100402832e+00,1.101900339126586914e+00,1.097472906112670898e+00,1.093412995338439941e+00,1.089713335037231445e+00,1.086368560791015625e+00,1.083373427391052246e+00,1.080722689628601074e+00,1.078412771224975586e+00,1.076440215110778809e+00,1.074801087379455566e+00,1.073493838310241699e+00,1.072515845298767090e+00,1.071866273880004883e+00,1.071543335914611816e+00,esquerda
5.969642639160156250e+00,5.971482276916503906e+00,5.975142002105712891e+00,5.980629920959472656e+00,5.987954616546630859e+00,5.997125625610351562e+00,6.008157730102539062e+00,5.745618820190429688e+00,5.185241222381591797e+00,4.640563011169433594e+00,4.199826717376708984e+00,3.836126089096069336e+00,3.532242298126220703e+00,3.272827386856079102e+00,3.049813747406005859e+00,2.856215000152587891e+00,2.686655998229980469e+00,2.537539482116699219e+00,2.404648542404174805e+00,2.285148620605468750e+00,2.177601575851440430e+00,2.080398559570312500e+00,1.991534233093261719e+00,1.910360813140869141e+00,1.836823344230651855e+00,1.768982768058776855e+00,1.706259846687316895e+00,1.647930383682250977e+00,1.594541668891906738e+00,1.544742465019226074e+00,1.498019337654113770e+00,1.454867124557495117e+00,1.414283514022827148e+00,1.376194000244140625e+00,1.340746760368347168e+00,1.307092785835266113e+00,1.275860905647277832e+00,1.246084690093994141e+00,1.218137860298156738e+00,1.191776037216186523e+00,1.166698336601257324e+00,1.143064975738525391e+00,1.120718955993652344e+00,1.099424362182617188e+00,1.079294800758361816e+00,1.060277700424194336e+00,1.042563199996948242e+00,1.025738239288330078e+00,1.009750127792358398e+00,9.945510029792785645e-01,9.800969362258911133e-01,9.663471579551696777e-01,9.532642364501953125e-01,9.408135414123535156e-01,9.289633035659790039e-01,9.176836609840393066e-01,9.069475531578063965e-01,8.967301249504089355e-01,8.870075345039367676e-01,8.777576088905334473e-01,8.689609766006469727e-01,8.605980873107910156e-01,8.526520729064941406e-01,8.451064825057983398e-01,8.379464745521545410e-01,8.311575651168823242e-01,8.247271180152893066e-01,8.186429142951965332e-01,8.128935098648071289e-01,8.074684143066406250e-01,8.023582696914672852e-01,7.975537776947021484e-01,7.930466532707214355e-01,7.888289093971252441e-01,7.848936319351196289e-01,7.812343835830688477e-01,7.778447866439819336e-01,7.747195959091186523e-01,7.718535661697387695e-01,7.692419886589050293e-01,7.668809890747070312e-01,7.647665739059448242e-01,7.628955841064453125e-01,7.612650394439697266e-01,7.598724365234375000e-01,7.587154507637023926e-01,7.577925920486450195e-01,7.571024298667907715e-01,7.566437125205993652e-01,7.564157843589782715e-01,7.564183473587036133e-01,7.566514015197753906e-01,7.571152448654174805e-01,7.578105926513671875e-01,7.587386965751647949e-01,7.599007487297058105e-01,7.612986564636230469e-01,7.629345655441284180e-01,7.648109197616577148e-01,7.669306993484497070e-01,7.692973017692565918e-01,7.719145417213439941e-01,7.747862339019775391e-01,7.779172658920288086e-01,7.813127636909484863e-01,7.849781513214111328e-01,7.889193892478942871e-01,7.931434512138366699e-01,7.976571917533874512e-01,8.024684190750122070e-01,8.075855970382690430e-01,8.130176663398742676e-01,8.187742829322814941e-01,8.248661160469055176e-01,8.313044905662536621e-01,8.381015062332153320e-01,8.452699184417724609e-01,8.528242707252502441e-01,8.607793450355529785e-01,8.691515326499938965e-01,8.779580593109130859e-01,8.872182369232177734e-01,8.969517350196838379e-01,9.071804881095886230e-01,9.179282188415527344e-01,9.292200803756713867e-01,9.410836100578308105e-01,9.535477161407470703e-01,9.666453599929809570e-01,9.804103970527648926e-01,9.948804378509521484e-01,1.010096549987792969e+00,1.026102662086486816e+00,1.042946696281433105e+00,1.060681819915771484e+00,1.079732656478881836e+00,1.099886655807495117e+00,1.121207833290100098e+00,1.143581986427307129e+00,1.167245507240295410e+00,1.192355632781982422e+00,1.218752622604370117e+00,1.246737003326416016e+00,1.276554703712463379e+00,1.307830095291137695e+00,1.299998283386230469e+00,1.284789443016052246e+00,1.270315170288085938e+00,1.256541848182678223e+00,1.243438601493835449e+00,1.230976939201354980e+00,1.219130158424377441e+00,1.207873463630676270e+00,1.197184443473815918e+00,1.187041401863098145e+00,1.177424192428588867e+00,1.168314576148986816e+00,1.159695625305175781e+00,1.151551127433776855e+00,1.143865823745727539e+00,1.136626482009887695e+00,1.129820466041564941e+00,1.123435378074645996e+00,1.117460727691650391e+00,1.111886024475097656e+00,1.106702208518981934e+00,1.101900458335876465e+00,1.097473144531250000e+00,1.093413114547729492e+00,1.089713573455810547e+00,1.086368799209594727e+00,1.083373665809631348e+00,1.080722928047180176e+00,1.078413009643554688e+00,1.076440453529357910e+00,1.074801445007324219e+00,1.073494076728820801e+00,1.072516202926635742e+00,1.071866512298583984e+00,1.071543574333190918e+00,esquerda
5.969644069671630859e+00,5.971483707427978516e+00,5.975142955780029297e+00,5.980630874633789062e+00,5.987955570220947266e+00,5.997126579284667969e+00,6.008158683776855469e+00,5.730391025543212891e+00,5.160278797149658203e+00,4.618278026580810547e+00,4.179697990417480469e+00,3.817769765853881836e+00,3.515360116958618164e+00,3.257201433181762695e+00,3.035265684127807617e+00,2.842600822448730469e+00,2.673858165740966797e+00,2.525457620620727539e+00,2.393204689025878906e+00,2.274277687072753906e+00,2.167245864868164062e+00,2.070507049560546875e+00,1.982067108154296875e+00,1.901281118392944336e+00,1.828094124794006348e+00,1.760576725006103516e+00,1.698152542114257812e+00,1.640100359916687012e+00,1.586965322494506836e+00,1.537402629852294922e+00,1.490901231765747070e+00,1.447953701019287109e+00,1.407562375068664551e+00,1.369653224945068359e+00,1.334373593330383301e+00,1.300878643989562988e+00,1.269794464111328125e+00,1.240158677101135254e+00,1.212343573570251465e+00,1.186105966567993164e+00,1.161146402359008789e+00,1.137624025344848633e+00,1.115382909774780273e+00,1.094188213348388672e+00,1.074153065681457520e+00,1.055245280265808105e+00,1.037614822387695312e+00,1.020869612693786621e+00,1.004957437515258789e+00,9.898304939270019531e-01,9.754450321197509766e-01,9.617604613304138184e-01,9.487396478652954102e-01,9.363480210304260254e-01,9.245541095733642578e-01,9.133280515670776367e-01,9.026428461074829102e-01,8.924739360809326172e-01,8.827974200248718262e-01,8.735914826393127441e-01,8.648365139961242676e-01,8.565135002136230469e-01,8.486050963401794434e-01,8.410953283309936523e-01,8.339692950248718262e-01,8.272126317024230957e-01,8.208127021789550781e-01,8.147573471069335938e-01,8.090353012084960938e-01,8.036360144615173340e-01,7.985500097274780273e-01,7.937683463096618652e-01,7.892825603485107422e-01,7.850849032402038574e-01,7.811682820320129395e-01,7.775263786315917969e-01,7.741529345512390137e-01,7.710425257682800293e-01,7.681900858879089355e-01,7.655910253524780273e-01,7.632411122322082520e-01,7.611367106437683105e-01,7.592746019363403320e-01,7.576518058776855469e-01,7.562657594680786133e-01,7.551143765449523926e-01,7.541958689689636230e-01,7.535089850425720215e-01,7.530524134635925293e-01,7.528256177902221680e-01,7.528281807899475098e-01,7.530600428581237793e-01,7.535217404365539551e-01,7.542138099670410156e-01,7.551374435424804688e-01,7.562940120697021484e-01,7.576853036880493164e-01,7.593134045600891113e-01,7.611808776855468750e-01,7.632905840873718262e-01,7.656459212303161621e-01,7.682507038116455078e-01,7.711088061332702637e-01,7.742250561714172363e-01,7.776044011116027832e-01,7.812523841857910156e-01,7.851749062538146973e-01,7.893789410591125488e-01,7.938712239265441895e-01,7.986596226692199707e-01,8.037525415420532227e-01,8.091588616371154785e-01,8.148881793022155762e-01,8.209511041641235352e-01,8.273588418960571289e-01,8.341236114501953125e-01,8.412579894065856934e-01,8.487764596939086914e-01,8.566938042640686035e-01,8.650262951850891113e-01,8.737910389900207520e-01,8.830072283744812012e-01,8.926945328712463379e-01,9.028747081756591797e-01,9.135714769363403320e-01,9.248097538948059082e-01,9.366169571876525879e-01,9.490219354629516602e-01,9.620573520660400391e-01,9.757570028305053711e-01,9.901584386825561523e-01,1.005302309989929199e+00,1.021232604980468750e+00,1.037996530532836914e+00,1.055647373199462891e+00,1.074598312377929688e+00,1.094658613204956055e+00,1.115880250930786133e+00,1.138149857521057129e+00,1.161702632904052734e+00,1.186695337295532227e+00,1.212969064712524414e+00,1.240822076797485352e+00,1.270499825477600098e+00,1.301628470420837402e+00,1.299997210502624512e+00,1.284788250923156738e+00,1.270314097404479980e+00,1.256540656089782715e+00,1.243437409400939941e+00,1.230975627899169922e+00,1.219128847122192383e+00,1.207872271537780762e+00,1.197183370590209961e+00,1.187040209770202637e+00,1.177423000335693359e+00,1.168313503265380859e+00,1.159694433212280273e+00,1.151549816131591797e+00,1.143864631652832031e+00,1.136625409126281738e+00,1.129819273948669434e+00,1.123434185981750488e+00,1.117459416389465332e+00,1.111884713172912598e+00,1.106700897216796875e+00,1.101899385452270508e+00,1.097471952438354492e+00,1.093411922454833984e+00,1.089712381362915039e+00,1.086367607116699219e+00,1.083372354507446289e+00,1.080721735954284668e+00,1.078411698341369629e+00,1.076439142227172852e+00,1.074800014495849609e+00,1.073492765426635742e+00,1.072514772415161133e+00,1.071865081787109375e+00,1.071542143821716309e+00,esquerda
5.969645500183105469e+00,5.971485137939453125e+00,5.975144386291503906e+00,5.980632781982421875e+00,5.987957000732421875e+00,5.997128009796142578e+00,6.008160114288330078e+00,5.716655731201171875e+00,5.137610912322998047e+00,4.597819328308105469e+00,4.161056041717529297e+00,3.800645351409912109e+00,3.499518871307373047e+00,3.242465496063232422e+00,3.021486759185791016e+00,2.829658031463623047e+00,2.661651134490966797e+00,2.513901472091674805e+00,2.382230043411254883e+00,2.263827562332153320e+00,2.157269239425659180e+00,2.060960292816162109e+00,1.972913861274719238e+00,1.892487764358520508e+00,1.819628119468688965e+00,1.752412915229797363e+00,1.690268397331237793e+00,1.632476925849914551e+00,1.579580783843994141e+00,1.530241012573242188e+00,1.483948945999145508e+00,1.441195130348205566e+00,1.400986194610595703e+00,1.363247990608215332e+00,1.328127741813659668e+00,1.294783949851989746e+00,1.263840556144714355e+00,1.234338641166687012e+00,1.206649303436279297e+00,1.180530309677124023e+00,1.155683636665344238e+00,1.132267475128173828e+00,1.110126733779907227e+00,1.089027762413024902e+00,1.069082975387573242e+00,1.050211906433105469e+00,1.032665610313415527e+00,1.016000270843505859e+00,1.000164031982421875e+00,9.851092100143432617e-01,9.707922935485839844e-01,9.571731090545654297e-01,9.442142844200134277e-01,9.318818449974060059e-01,9.201442599296569824e-01,9.089715480804443359e-01,8.983374238014221191e-01,8.882169723510742188e-01,8.785866498947143555e-01,8.694246411323547363e-01,8.607114553451538086e-01,8.524280786514282227e-01,8.445575237274169922e-01,8.370834589004516602e-01,8.299914002418518066e-01,8.232670426368713379e-01,8.168975114822387695e-01,8.108710646629333496e-01,8.051763176918029785e-01,7.998027801513671875e-01,7.947410345077514648e-01,7.899821996688842773e-01,7.855178117752075195e-01,7.813401222229003906e-01,7.774423360824584961e-01,7.738176584243774414e-01,7.704603075981140137e-01,7.673648595809936523e-01,7.645259499549865723e-01,7.619392871856689453e-01,7.596004605293273926e-01,7.575062513351440430e-01,7.556530237197875977e-01,7.540379762649536133e-01,7.526585459709167480e-01,7.515126466751098633e-01,7.505985498428344727e-01,7.499148845672607422e-01,7.494604587554931641e-01,7.492347955703735352e-01,7.492372989654541016e-01,7.494680881500244141e-01,7.499275803565979004e-01,7.506163716316223145e-01,7.515355944633483887e-01,7.526866197586059570e-01,7.540712952613830566e-01,7.556917071342468262e-01,7.575502395629882812e-01,7.596498727798461914e-01,7.619939446449279785e-01,7.645863294601440430e-01,7.674308419227600098e-01,7.705321311950683594e-01,7.738953828811645508e-01,7.775259613990783691e-01,7.814298272132873535e-01,7.856137752532958984e-01,7.900846600532531738e-01,7.948501706123352051e-01,7.999188303947448730e-01,8.052993416786193848e-01,8.110013604164123535e-01,8.170353174209594727e-01,8.234124779701232910e-01,8.301450014114379883e-01,8.372454047203063965e-01,8.447279930114746094e-01,8.526076078414916992e-01,8.609002828598022461e-01,8.696233630180358887e-01,8.787954449653625488e-01,8.884366154670715332e-01,8.985682129859924316e-01,9.092139601707458496e-01,9.203986525535583496e-01,9.321494698524475098e-01,9.444953799247741699e-01,9.574685692787170410e-01,9.711028933525085449e-01,9.854356646537780762e-01,1.000507235527038574e+00,1.016361594200134277e+00,1.033045649528503418e+00,1.050612211227416992e+00,1.069463491439819336e+00,1.089429736137390137e+00,1.110551953315734863e+00,1.132717251777648926e+00,1.156159281730651855e+00,1.181034564971923828e+00,1.207184433937072754e+00,1.234906435012817383e+00,1.264444351196289062e+00,1.295425891876220703e+00,1.299995541572570801e+00,1.284786701202392578e+00,1.270312547683715820e+00,1.256539106369018555e+00,1.243435978889465332e+00,1.230974316596984863e+00,1.219127535820007324e+00,1.207870960235595703e+00,1.197181940078735352e+00,1.187038779258728027e+00,1.177421689033508301e+00,1.168312191963195801e+00,1.159693121910095215e+00,1.151548504829406738e+00,1.143863439559936523e+00,1.136624097824096680e+00,1.129817962646484375e+00,1.123432993888854980e+00,1.117458343505859375e+00,1.111883759498596191e+00,1.106699705123901367e+00,1.101898312568664551e+00,1.097470879554748535e+00,1.093410968780517578e+00,1.089711189270019531e+00,1.086366415023803711e+00,1.083371400833129883e+00,1.080720663070678711e+00,1.078410744667053223e+00,1.076438188552856445e+00,1.074799060821533203e+00,1.073491811752319336e+00,1.072513818740844727e+00,1.071864247322082520e+00,1.071541190147399902e+00,esquerda
5.969646453857421875e+00,5.971486091613769531e+00,5.975145339965820312e+00,5.980633735656738281e+00,5.987957954406738281e+00,5.997128963470458984e+00,6.008161067962646484e+00,5.701428890228271484e+00,5.112650871276855469e+00,4.575537204742431641e+00,4.140929222106933594e+00,3.782290697097778320e+00,3.482639789581298828e+00,3.226843118667602539e+00,3.006941556930541992e+00,2.816046237945556641e+00,2.648855209350585938e+00,2.501821994781494141e+00,2.370788097381591797e+00,2.252958297729492188e+00,2.146914482116699219e+00,2.051070213317871094e+00,1.963448166847229004e+00,1.883409857749938965e+00,1.810900568962097168e+00,1.744008421897888184e+00,1.682162523269653320e+00,1.624648213386535645e+00,1.572005867958068848e+00,1.522902488708496094e+00,1.476832389831542969e+00,1.434283018112182617e+00,1.394266009330749512e+00,1.356708526611328125e+00,1.321755766868591309e+00,1.288571238517761230e+00,1.257775068283081055e+00,1.228413701057434082e+00,1.200856208801269531e+00,1.174861073493957520e+00,1.150132536888122559e+00,1.126827597618103027e+00,1.104791760444641113e+00,1.083792567253112793e+00,1.063941955566406250e+00,1.045179247856140137e+00,1.027716994285583496e+00,1.011131525039672852e+00,9.953711628913879395e-01,9.803885221481323242e-01,9.661402106285095215e-01,9.525862336158752441e-01,9.396895170211791992e-01,9.274162054061889648e-01,9.157347679138183594e-01,9.046156406402587891e-01,8.940325379371643066e-01,8.839606046676635742e-01,8.743763566017150879e-01,8.652583360671997070e-01,8.565868735313415527e-01,8.483430743217468262e-01,8.405102491378784180e-01,8.330721855163574219e-01,8.260139822959899902e-01,8.193218111991882324e-01,8.129829764366149902e-01,8.069853186607360840e-01,8.013178110122680664e-01,7.959700822830200195e-01,7.909326553344726562e-01,7.861965298652648926e-01,7.817535400390625000e-01,7.775959968566894531e-01,7.737167477607727051e-01,7.701095938682556152e-01,7.667683362960815430e-01,7.636876106262207031e-01,7.608624100685119629e-01,7.582880258560180664e-01,7.559605836868286133e-01,7.538763284683227539e-01,7.520319223403930664e-01,7.504245638847351074e-01,7.490518093109130859e-01,7.479113936424255371e-01,7.470017075538635254e-01,7.463213205337524414e-01,7.458690404891967773e-01,7.456443905830383301e-01,7.456469535827636719e-01,7.458766698837280273e-01,7.463338375091552734e-01,7.470192909240722656e-01,7.479342818260192871e-01,7.490797638893127441e-01,7.504577040672302246e-01,7.520703673362731934e-01,7.539200186729431152e-01,7.560095787048339844e-01,7.583424448966979980e-01,7.609224319458007812e-01,7.637532353401184082e-01,7.668397426605224609e-01,7.701868414878845215e-01,7.738000750541687012e-01,7.776852250099182129e-01,7.818490862846374512e-01,7.862985730171203613e-01,7.910412549972534180e-01,7.960855960845947266e-01,8.014403581619262695e-01,8.071148991584777832e-01,8.131201267242431641e-01,8.194667100906372070e-01,8.261669278144836426e-01,8.332332968711853027e-01,8.406801223754882812e-01,8.485219478607177734e-01,8.567748665809631348e-01,8.654560446739196777e-01,8.745843768119812012e-01,8.841791749000549316e-01,8.942623138427734375e-01,9.048569798469543457e-01,9.159881472587585449e-01,9.276826381683349609e-01,9.399693012237548828e-01,9.528804421424865723e-01,9.664493203163146973e-01,9.807134866714477539e-01,9.957128167152404785e-01,1.011491060256958008e+00,1.028095245361328125e+00,1.045577764511108398e+00,1.064329862594604492e+00,1.084202289581298828e+00,1.105224967002868652e+00,1.127285599708557129e+00,1.150617241859436035e+00,1.175374984741210938e+00,1.201401233673095703e+00,1.228991985321044922e+00,1.258389949798583984e+00,1.289224982261657715e+00,1.299994707107543945e+00,1.284785866737365723e+00,1.270311594009399414e+00,1.256538271903991699e+00,1.243435144424438477e+00,1.230973482131958008e+00,1.219126701354980469e+00,1.207870125770568848e+00,1.197181105613708496e+00,1.187037944793701172e+00,1.177420973777770996e+00,1.168311357498168945e+00,1.159692406654357910e+00,1.151547789573669434e+00,1.143862605094909668e+00,1.136623382568359375e+00,1.129817366600036621e+00,1.123432159423828125e+00,1.117457628250122070e+00,1.111882925033569336e+00,1.106699109077453613e+00,1.101897478103637695e+00,1.097470164299011230e+00,1.093410134315490723e+00,1.089710354804992676e+00,1.086365699768066406e+00,1.083370685577392578e+00,1.080719947814941406e+00,1.078410029411315918e+00,1.076437354087829590e+00,1.074798464775085449e+00,1.073491096496582031e+00,1.072513103485107422e+00,1.071863532066345215e+00,1.071540594100952148e+00,esquerda
5.969645977020263672e+00,5.971485614776611328e+00,5.975144863128662109e+00,5.980633258819580078e+00,5.987957477569580078e+00,5.997128963470458984e+00,6.008161067962646484e+00,5.686188697814941406e+00,5.087674617767333984e+00,4.553245544433593750e+00,4.120800018310546875e+00,3.763937234878540039e+00,3.465762615203857422e+00,3.211221933364868164e+00,2.992398262023925781e+00,2.802435636520385742e+00,2.636060953140258789e+00,2.489743471145629883e+00,2.359347105026245117e+00,2.242089986801147461e+00,2.136561155319213867e+00,2.041181564331054688e+00,1.953983783721923828e+00,1.874332427978515625e+00,1.802173495292663574e+00,1.735604524612426758e+00,1.674057006835937500e+00,1.616820216178894043e+00,1.564431428909301758e+00,1.515564680099487305e+00,1.469716072082519531e+00,1.427371025085449219e+00,1.387546539306640625e+00,1.350169181823730469e+00,1.315384268760681152e+00,1.282358527183532715e+00,1.251709818840026855e+00,1.222489237785339355e+00,1.195063471794128418e+00,1.169192552566528320e+00,1.144581675529479980e+00,1.121387839317321777e+00,1.099457025527954102e+00,1.078557729721069336e+00,1.058801412582397461e+00,1.040148258209228516e+00,1.022770166397094727e+00,1.006264448165893555e+00,9.905800819396972656e-01,9.756695628166198730e-01,9.614897966384887695e-01,9.480010867118835449e-01,9.351664781570434570e-01,9.229521751403808594e-01,9.113268852233886719e-01,9.002614021301269531e-01,8.897292613983154297e-01,8.797056674957275391e-01,8.701676726341247559e-01,8.610934019088745117e-01,8.524636626243591309e-01,8.442597985267639160e-01,8.364645242691040039e-01,8.290621042251586914e-01,8.220380544662475586e-01,8.153780698776245117e-01,8.090697526931762695e-01,8.031010627746582031e-01,7.974607348442077637e-01,7.921386957168579102e-01,7.871255278587341309e-01,7.824122309684753418e-01,7.779906988143920898e-01,7.738531231880187988e-01,7.699925303459167480e-01,7.664026618003845215e-01,7.630774378776550293e-01,7.600116133689880371e-01,7.572000622749328613e-01,7.546380758285522461e-01,7.523217797279357910e-01,7.502475380897521973e-01,7.484120726585388184e-01,7.468124628067016602e-01,7.454462647438049316e-01,7.443113923072814941e-01,7.434059977531433105e-01,7.427288889884948730e-01,7.422788739204406738e-01,7.420553565025329590e-01,7.420578598976135254e-01,7.422864437103271484e-01,7.427415251731872559e-01,7.434237003326416016e-01,7.443341016769409180e-01,7.454740405082702637e-01,7.468454837799072266e-01,7.484503388404846191e-01,7.502911090850830078e-01,7.523706555366516113e-01,7.546922564506530762e-01,7.572597861289978027e-01,7.600769996643066406e-01,7.631486654281616211e-01,7.664796710014343262e-01,7.700755000114440918e-01,7.739419341087341309e-01,7.780857682228088379e-01,7.825138568878173828e-01,7.872336506843566895e-01,7.922536730766296387e-01,7.975826859474182129e-01,8.032299876213073730e-01,8.092062473297119141e-01,8.155223727226257324e-01,8.221902847290039062e-01,8.292225599288940430e-01,8.366335034370422363e-01,8.444375991821289062e-01,8.526508808135986328e-01,8.612903356552124023e-01,8.703745603561401367e-01,8.799232840538024902e-01,8.899578452110290527e-01,9.005016088485717773e-01,9.115791320800781250e-01,9.232172369956970215e-01,9.354447722434997559e-01,9.482938647270202637e-01,9.617975354194641113e-01,9.759929180145263672e-01,9.909201264381408691e-01,1.006622433662414551e+00,1.023146629333496094e+00,1.040544986724853516e+00,1.059196352958679199e+00,1.078974962234497070e+00,1.099898219108581543e+00,1.121854662895202637e+00,1.145075678825378418e+00,1.169716000556945801e+00,1.195618629455566406e+00,1.223078489303588867e+00,1.252336621284484863e+00,1.283024907112121582e+00,1.299960136413574219e+00,1.284785866737365723e+00,1.270311594009399414e+00,1.256538271903991699e+00,1.243435144424438477e+00,1.230973362922668457e+00,1.219126582145690918e+00,1.207870006561279297e+00,1.197181105613708496e+00,1.187037944793701172e+00,1.177420735359191895e+00,1.168311238288879395e+00,1.159692168235778809e+00,1.151547670364379883e+00,1.143862485885620117e+00,1.136623263359069824e+00,1.129817128181457520e+00,1.123432040214538574e+00,1.117457389831542969e+00,1.111882686614990234e+00,1.106698870658874512e+00,1.101897358894348145e+00,1.097469925880432129e+00,1.093409895896911621e+00,1.089710235595703125e+00,1.086365461349487305e+00,1.083370327949523926e+00,1.080719709396362305e+00,1.078409671783447266e+00,1.076436996459960938e+00,1.074797987937927246e+00,1.073490738868713379e+00,1.072512745857238770e+00,1.071863055229187012e+00,1.071540117263793945e+00,esquerda
5.969647407531738281e+00,5.971487045288085938e+00,5.975146770477294922e+00,5.980634689331054688e+00,5.987958908081054688e+00,5.997129917144775391e+00,6.008162021636962891e+00,5.670971393585205078e+00,5.062727928161621094e+00,4.530974388122558594e+00,4.100682258605957031e+00,3.745589017868041992e+00,3.448888778686523438e+00,3.195604085922241211e+00,2.977857112884521484e+00,2.788827657699584961e+00,2.623268127441406250e+00,2.477667093276977539e+00,2.347908020019531250e+00,2.231223344802856445e+00,2.126208782196044922e+00,2.031293392181396484e+00,1.944520115852355957e+00,1.865255951881408691e+00,1.793447494506835938e+00,1.727201581001281738e+00,1.665952324867248535e+00,1.608992815017700195e+00,1.556857585906982422e+00,1.508226990699768066e+00,1.462600111961364746e+00,1.420459747314453125e+00,1.380827426910400391e+00,1.343630313873291016e+00,1.309012889862060547e+00,1.276146173477172852e+00,1.245645046234130859e+00,1.216564893722534180e+00,1.189270734786987305e+00,1.163524031639099121e+00,1.139031291007995605e+00,1.115948557853698730e+00,1.094122529029846191e+00,1.073323011398315430e+00,1.053660869598388672e+00,1.035116434097290039e+00,1.017822265625000000e+00,1.001396536827087402e+00,9.857879281044006348e-01,9.709495902061462402e-01,9.568384289741516113e-01,9.434151053428649902e-01,9.306424260139465332e-01,9.184872508049011230e-01,9.069182276725769043e-01,8.959063291549682617e-01,8.854250311851501465e-01,8.754499554634094238e-01,8.659580349922180176e-01,8.569277524948120117e-01,8.483397960662841797e-01,8.401755094528198242e-01,8.324180245399475098e-01,8.250514864921569824e-01,8.180614113807678223e-01,8.114336133003234863e-01,8.051558136940002441e-01,7.992158532142639160e-01,7.936030030250549316e-01,7.883067131042480469e-01,7.833176851272583008e-01,7.786272764205932617e-01,7.742270827293395996e-01,7.701093554496765137e-01,7.662675976753234863e-01,7.626950740814208984e-01,7.593860030174255371e-01,7.563349604606628418e-01,7.535369396209716797e-01,7.509874105453491211e-01,7.486823201179504395e-01,7.466180920600891113e-01,7.447915673255920410e-01,7.431997060775756836e-01,7.418401241302490234e-01,7.407106757164001465e-01,7.398097515106201172e-01,7.391359210014343262e-01,7.386880517005920410e-01,7.384656071662902832e-01,7.384681105613708496e-01,7.386956214904785156e-01,7.391483783721923828e-01,7.398272752761840820e-01,7.407333254814147949e-01,7.418678402900695801e-01,7.432325482368469238e-01,7.448297142982482910e-01,7.466614842414855957e-01,7.487310171127319336e-01,7.510413527488708496e-01,7.535964250564575195e-01,7.564001083374023438e-01,7.594568133354187012e-01,7.627716660499572754e-01,7.663501501083374023e-01,7.701979279518127441e-01,7.743216753005981445e-01,7.787283658981323242e-01,7.834253311157226562e-01,7.884210944175720215e-01,7.937243580818176270e-01,7.993443012237548828e-01,8.052917122840881348e-01,8.115771412849426270e-01,8.182129263877868652e-01,8.252111673355102539e-01,8.325862288475036621e-01,8.403526544570922852e-01,8.485261797904968262e-01,8.571236729621887207e-01,8.661640882492065430e-01,8.756666779518127441e-01,8.856525421142578125e-01,8.961453437805175781e-01,9.071692824363708496e-01,9.187512397766113281e-01,9.309195876121520996e-01,9.437063932418823242e-01,9.571447968482971191e-01,9.712714552879333496e-01,9.861264824867248535e-01,1.001752853393554688e+00,1.018197178840637207e+00,1.035511374473571777e+00,1.054130911827087402e+00,1.073817133903503418e+00,1.094642639160156250e+00,1.116496324539184570e+00,1.139608621597290039e+00,1.164133429527282715e+00,1.189914584159851074e+00,1.217245578765869141e+00,1.246366381645202637e+00,1.276910543441772461e+00,1.296741962432861328e+00,1.284784913063049316e+00,1.270310759544372559e+00,1.256537556648254395e+00,1.243434309959411621e+00,1.230972528457641602e+00,1.219125747680664062e+00,1.207869172096252441e+00,1.197180271148681641e+00,1.187037110328674316e+00,1.177420020103454590e+00,1.168310523033142090e+00,1.159691452980041504e+00,1.151546835899353027e+00,1.143861770629882812e+00,1.136622428894042969e+00,1.129816293716430664e+00,1.123431324958801270e+00,1.117456555366516113e+00,1.111881971359252930e+00,1.106698155403137207e+00,1.101896524429321289e+00,1.097469091415405273e+00,1.093409180641174316e+00,1.089709520339965820e+00,1.086364746093750000e+00,1.083369612693786621e+00,1.080718994140625000e+00,1.078408956527709961e+00,1.076436281204223633e+00,1.074797272682189941e+00,1.073490023612976074e+00,1.072512149810791016e+00,1.071862459182739258e+00,1.071539402008056641e+00,esquerda
5.969648838043212891e+00,5.971488475799560547e+00,5.975147724151611328e+00,5.980636119842529297e+00,5.987960338592529297e+00,5.997130870819091797e+00,6.008162975311279297e+00,5.657255649566650391e+00,5.040093898773193359e+00,4.510547637939453125e+00,4.082070350646972656e+00,3.728492975234985352e+00,3.433072805404663086e+00,3.180889606475830078e+00,2.964097261428833008e+00,2.775901556015014648e+00,2.611076116561889648e+00,2.466123819351196289e+00,2.336945295333862305e+00,2.220783948898315430e+00,2.116242408752441406e+00,2.021755695343017578e+00,1.935374855995178223e+00,1.856470227241516113e+00,1.784988284111022949e+00,1.719044089317321777e+00,1.658074378967285156e+00,1.601374864578247070e+00,1.549478292465209961e+00,1.501070380210876465e+00,1.455652475357055664e+00,1.413705587387084961e+00,1.374255418777465820e+00,1.337229013442993164e+00,1.302770853042602539e+00,1.270055413246154785e+00,1.239694356918334961e+00,1.210747957229614258e+00,1.183579444885253906e+00,1.157951354980468750e+00,1.133571147918701172e+00,1.110594511032104492e+00,1.088868856430053711e+00,1.068164944648742676e+00,1.048593044281005859e+00,1.030082821846008301e+00,1.012872695922851562e+00,9.965268969535827637e-01,9.809941053390502930e-01,9.662280082702636719e-01,9.521853923797607422e-01,9.388272166252136230e-01,9.261167645454406738e-01,9.140207171440124512e-01,9.025080800056457520e-01,8.915495872497558594e-01,8.811192512512207031e-01,8.711928129196166992e-01,8.617469668388366699e-01,8.527605533599853516e-01,8.442144393920898438e-01,8.360896706581115723e-01,8.283699750900268555e-01,8.210393190383911133e-01,8.140831589698791504e-01,8.074876666069030762e-01,8.012403249740600586e-01,7.953293323516845703e-01,7.897436618804931641e-01,7.844731807708740234e-01,7.795084714889526367e-01,7.748407125473022461e-01,7.704620361328125000e-01,7.663644552230834961e-01,7.625412940979003906e-01,7.589861154556274414e-01,7.556931972503662109e-01,7.526568770408630371e-01,7.498724460601806641e-01,7.473352551460266113e-01,7.450414896011352539e-01,7.429873347282409668e-01,7.411695718765258789e-01,7.395855188369750977e-01,7.382325530052185059e-01,7.371086478233337402e-01,7.362119555473327637e-01,7.355414628982543945e-01,7.350957989692687988e-01,7.348743677139282227e-01,7.348768115043640137e-01,7.351031899452209473e-01,7.355539202690124512e-01,7.362294793128967285e-01,7.371310591697692871e-01,7.382600307464599609e-01,7.396181821823120117e-01,7.412074804306030273e-01,7.430303692817687988e-01,7.450898289680480957e-01,7.473889589309692383e-01,7.499316334724426270e-01,7.527216076850891113e-01,7.557635307312011719e-01,7.590622901916503906e-01,7.626233100891113281e-01,7.664523124694824219e-01,7.705560326576232910e-01,7.749412059783935547e-01,7.796154618263244629e-01,7.845869064331054688e-01,7.898643612861633301e-01,7.954570055007934570e-01,8.013753890991210938e-01,8.076303005218505859e-01,8.142337203025817871e-01,8.211979866027832031e-01,8.285371661186218262e-01,8.362658023834228516e-01,8.443995714187622070e-01,8.529553413391113281e-01,8.619517683982849121e-01,8.714080452919006348e-01,8.813454508781433105e-01,8.917871117591857910e-01,9.027574658393859863e-01,9.142831563949584961e-01,9.263923168182373047e-01,9.391168951988220215e-01,9.524898529052734375e-01,9.665478467941284180e-01,9.813305735588073730e-01,9.968810081481933594e-01,1.013245344161987305e+00,1.030475258827209473e+00,1.048996448516845703e+00,1.068588852882385254e+00,1.089314937591552734e+00,1.111064076423645020e+00,1.134065866470336914e+00,1.158473134040832520e+00,1.184130668640136719e+00,1.211330533027648926e+00,1.240311264991760254e+00,1.270708560943603516e+00,1.293477296829223633e+00,1.284783244132995605e+00,1.270309209823608398e+00,1.256535887718200684e+00,1.243432641029357910e+00,1.230970978736877441e+00,1.219124317169189453e+00,1.207867741584777832e+00,1.197178840637207031e+00,1.187035679817199707e+00,1.177418589591979980e+00,1.168309330940246582e+00,1.159690141677856445e+00,1.151545524597167969e+00,1.143860459327697754e+00,1.136621236801147461e+00,1.129815220832824707e+00,1.123430013656616211e+00,1.117455482482910156e+00,1.111880779266357422e+00,1.106696963310241699e+00,1.101895332336425781e+00,1.097468018531799316e+00,1.093407988548278809e+00,1.089708328247070312e+00,1.086363554000854492e+00,1.083368420600891113e+00,1.080717802047729492e+00,1.078407883644104004e+00,1.076435208320617676e+00,1.074796199798583984e+00,1.073488950729370117e+00,1.072510957717895508e+00,1.071861386299133301e+00,1.071538329124450684e+00,esquerda
5.969647407531738281e+00,5.971487045288085938e+00,5.975146770477294922e+00,5.980635166168212891e+00,5.987959861755371094e+00,5.997130393981933594e+00,6.008162498474121094e+00,5.642033576965332031e+00,5.015141963958740234e+00,4.488271713256835938e+00,4.061948299407958984e+00,3.710143089294433594e+00,3.416198492050170898e+00,3.165271282196044922e+00,2.949555397033691406e+00,2.762292861938476562e+00,2.598283052444458008e+00,2.454046487808227539e+00,2.325505256652832031e+00,2.209916353225708008e+00,2.105889320373535156e+00,2.011867046356201172e+00,1.925910711288452148e+00,1.847393393516540527e+00,1.776261806488037109e+00,1.710640430450439453e+00,1.649969220161437988e+00,1.593546986579895020e+00,1.541903853416442871e+00,1.493732571601867676e+00,1.448536276817321777e+00,1.406793832778930664e+00,1.367535829544067383e+00,1.330689787864685059e+00,1.296399235725402832e+00,1.263842701911926270e+00,1.233629345893859863e+00,1.204823374748229980e+00,1.177786588668823242e+00,1.152282476425170898e+00,1.128020405769348145e+00,1.105154633522033691e+00,1.083534002304077148e+00,1.062929868698120117e+00,1.043452382087707520e+00,1.025051116943359375e+00,1.007925152778625488e+00,9.916591048240661621e-01,9.762022495269775391e-01,9.615082144737243652e-01,9.475343227386474609e-01,9.342413544654846191e-01,9.215930104255676270e-01,9.095560312271118164e-01,8.980996012687683105e-01,8.871946334838867188e-01,8.768153786659240723e-01,8.669372797012329102e-01,8.575376868247985840e-01,8.485952615737915039e-01,8.400906920433044434e-01,8.320057988166809082e-01,8.243237137794494629e-01,8.170288205146789551e-01,8.101066946983337402e-01,8.035434484481811523e-01,7.973265647888183594e-01,7.914444804191589355e-01,7.858861088752746582e-01,7.806413769721984863e-01,7.757009267807006836e-01,7.710559368133544922e-01,7.666985988616943359e-01,7.626211047172546387e-01,7.588165998458862305e-01,7.552788257598876953e-01,7.520020008087158203e-01,7.489805221557617188e-01,7.462096810340881348e-01,7.436850070953369141e-01,7.414023280143737793e-01,7.393581867218017578e-01,7.375493645668029785e-01,7.359730005264282227e-01,7.346266508102416992e-01,7.335081696510314941e-01,7.326159477233886719e-01,7.319487333297729492e-01,7.315052151679992676e-01,7.312848567962646484e-01,7.312873601913452148e-01,7.315126657485961914e-01,7.319611310958862305e-01,7.326333522796630859e-01,7.335305809974670410e-01,7.346540689468383789e-01,7.360055446624755859e-01,7.375870347023010254e-01,7.394011020660400391e-01,7.414504885673522949e-01,7.437384128570556641e-01,7.462686896324157715e-01,7.490450143814086914e-01,7.520720958709716797e-01,7.553547024726867676e-01,7.588983178138732910e-01,7.627086639404296875e-01,7.667923569679260254e-01,7.711561322212219238e-01,7.758074998855590820e-01,7.807546854019165039e-01,7.860063910484313965e-01,7.915716171264648438e-01,7.974611520767211914e-01,8.036855459213256836e-01,8.102567791938781738e-01,8.171869516372680664e-01,8.244904279708862305e-01,8.321813344955444336e-01,8.402752876281738281e-01,8.487892746925354004e-01,8.577417731285095215e-01,8.671517968177795410e-01,8.770408034324645996e-01,8.874314427375793457e-01,8.983481526374816895e-01,9.098175764083862305e-01,9.218675494194030762e-01,9.345301389694213867e-01,9.478377103805541992e-01,9.618270397186279297e-01,9.765376448631286621e-01,9.920120835304260254e-01,1.008296489715576172e+00,1.025442242622375488e+00,1.043868541717529297e+00,1.063369393348693848e+00,1.083998680114746094e+00,1.105646014213562012e+00,1.128540277481079102e+00,1.152833342552185059e+00,1.178370714187622070e+00,1.205443024635314941e+00,1.234288454055786133e+00,1.264543414115905762e+00,1.290234088897705078e+00,1.284783720970153809e+00,1.270309567451477051e+00,1.256536126136779785e+00,1.243432998657226562e+00,1.230971336364746094e+00,1.219124555587768555e+00,1.207868099212646484e+00,1.197179079055786133e+00,1.187035918235778809e+00,1.177418947219848633e+00,1.168309569358825684e+00,1.159690380096435547e+00,1.151546001434326172e+00,1.143860816955566406e+00,1.136621475219726562e+00,1.129815459251403809e+00,1.123430490493774414e+00,1.117455720901489258e+00,1.111881017684936523e+00,1.106697082519531250e+00,1.101895570755004883e+00,1.097468256950378418e+00,1.093408226966857910e+00,1.089708566665649414e+00,1.086363911628723145e+00,1.083368778228759766e+00,1.080718159675598145e+00,1.078408122062683105e+00,1.076435446739196777e+00,1.074796557426452637e+00,1.073489189147949219e+00,1.072511315345764160e+00,1.071861624717712402e+00,1.071538686752319336e+00,esquerda
5.969649791717529297e+00,5.971489429473876953e+00,5.975148677825927734e+00,5.980637073516845703e+00,5.987961292266845703e+00,5.997132301330566406e+00,6.008164405822753906e+00,5.626780033111572266e+00,4.990137100219726562e+00,4.465948104858398438e+00,4.041784286499023438e+00,3.691752910614013672e+00,3.399288177490234375e+00,3.149621486663818359e+00,2.934987068176269531e+00,2.748660326004028320e+00,2.585469007492065430e+00,2.441951274871826172e+00,2.314048767089843750e+00,2.199034214019775391e+00,2.095522880554199219e+00,2.001966714859008789e+00,1.916435360908508301e+00,1.838306427001953125e+00,1.767525911331176758e+00,1.702228426933288574e+00,1.641856193542480469e+00,1.585711956024169922e+00,1.534322977066040039e+00,1.486388325691223145e+00,1.441414117813110352e+00,1.399876594543457031e+00,1.360810995101928711e+00,1.324145555496215820e+00,1.290022850036621094e+00,1.257625818252563477e+00,1.227560162544250488e+00,1.198894858360290527e+00,1.171990036964416504e+00,1.146610379219055176e+00,1.122466206550598145e+00,1.099711894989013672e+00,1.078196287155151367e+00,1.057692050933837891e+00,1.038308978080749512e+00,1.020017623901367188e+00,1.002975821495056152e+00,9.867897629737854004e-01,9.714086651802062988e-01,9.567868709564208984e-01,9.428815245628356934e-01,9.296539425849914551e-01,9.170677065849304199e-01,9.050897955894470215e-01,8.936896324157714844e-01,8.828381299972534180e-01,8.725097775459289551e-01,8.626803159713745117e-01,8.533267974853515625e-01,8.444282412528991699e-01,8.359656333923339844e-01,8.279203176498413086e-01,8.202759623527526855e-01,8.130170106887817383e-01,8.061287999153137207e-01,7.995976805686950684e-01,7.934114933013916016e-01,7.875581979751586914e-01,7.820271253585815430e-01,7.768081426620483398e-01,7.718918919563293457e-01,7.672698497772216797e-01,7.629338502883911133e-01,7.588763236999511719e-01,7.550905346870422363e-01,7.515701055526733398e-01,7.483093738555908203e-01,7.453027963638305664e-01,7.425456047058105469e-01,7.400332689285278320e-01,7.377617955207824707e-01,7.357276678085327148e-01,7.339277267456054688e-01,7.323590517044067383e-01,7.310193777084350586e-01,7.299064397811889648e-01,7.290185689926147461e-01,7.283546328544616699e-01,7.279133200645446777e-01,7.276940345764160156e-01,7.276964783668518066e-01,7.279207110404968262e-01,7.283669114112854004e-01,7.290359139442443848e-01,7.299287319183349609e-01,7.310466766357421875e-01,7.323915362358093262e-01,7.339652776718139648e-01,7.357704043388366699e-01,7.378097176551818848e-01,7.400863766670227051e-01,7.426042556762695312e-01,7.453669309616088867e-01,7.483791112899780273e-01,7.516456842422485352e-01,7.551719546318054199e-01,7.589635252952575684e-01,7.630271315574645996e-01,7.673695683479309082e-01,7.719980478286743164e-01,7.769209146499633789e-01,7.821468114852905273e-01,7.876847386360168457e-01,7.935454249382019043e-01,7.997391819953918457e-01,8.062781691551208496e-01,8.131743669509887695e-01,8.204417824745178223e-01,8.280949592590332031e-01,8.361492156982421875e-01,8.446214199066162109e-01,8.535299301147460938e-01,8.628938794136047363e-01,8.727341890335083008e-01,8.830739259719848633e-01,8.939369320869445801e-01,9.053499698638916016e-01,9.173408746719360352e-01,9.299411773681640625e-01,9.431835412979125977e-01,9.571042060852050781e-01,9.717425107955932617e-01,9.871408939361572266e-01,1.003345370292663574e+00,1.020407080650329590e+00,1.038734555244445801e+00,1.058141589164733887e+00,1.078671336174011230e+00,1.100214362144470215e+00,1.122997879981994629e+00,1.147173523902893066e+00,1.172587275505065918e+00,1.199528574943542480e+00,1.228234052658081055e+00,1.258342266082763672e+00,1.286969900131225586e+00,1.284782409667968750e+00,1.270308375358581543e+00,1.256535053253173828e+00,1.243431806564331055e+00,1.230970144271850586e+00,1.219123482704162598e+00,1.207866907119750977e+00,1.197177886962890625e+00,1.187034845352172852e+00,1.177417635917663574e+00,1.168308258056640625e+00,1.159689307212829590e+00,1.151544690132141113e+00,1.143859505653381348e+00,1.136620283126831055e+00,1.129814028739929199e+00,1.123429179191589355e+00,1.117454528808593750e+00,1.111879825592041016e+00,1.106695890426635742e+00,1.101894378662109375e+00,1.097466945648193359e+00,1.093406915664672852e+00,1.089707374572753906e+00,1.086362600326538086e+00,1.083367347717285156e+00,1.080716729164123535e+00,1.078406929969787598e+00,1.076434135437011719e+00,1.074795246124267578e+00,1.073487997055053711e+00,1.072510004043579102e+00,1.071860313415527344e+00,1.071537375450134277e+00,esquerda
5.969650745391845703e+00,5.971490383148193359e+00,5.975150108337402344e+00,5.980638027191162109e+00,5.987962245941162109e+00,5.997133255004882812e+00,6.008165359497070312e+00,5.611940860748291016e+00,4.965688705444335938e+00,4.443943023681640625e+00,4.021776676177978516e+00,3.673429489135742188e+00,3.382420539855957031e+00,3.134008884429931641e+00,2.920450448989868164e+00,2.735056161880493164e+00,2.572679996490478516e+00,2.429877758026123047e+00,2.302612543106079102e+00,2.188169717788696289e+00,2.085172891616821289e+00,1.992080688476562500e+00,1.906973600387573242e+00,1.829231381416320801e+00,1.758801341056823730e+00,1.693826675415039062e+00,1.633752703666687012e+00,1.577885627746582031e+00,1.526750087738037109e+00,1.479051828384399414e+00,1.434299349784851074e+00,1.392966032028198242e+00,1.354092597961425781e+00,1.317607522010803223e+00,1.283652186393737793e+00,1.251414179801940918e+00,1.221495985984802246e+00,1.192971110343933105e+00,1.166197896003723145e+00,1.140942335128784180e+00,1.116916298866271973e+00,1.094272851943969727e+00,1.072862029075622559e+00,1.052457809448242188e+00,1.033168792724609375e+00,1.014985084533691406e+00,9.980273842811584473e-01,9.819210171699523926e-01,9.666159749031066895e-01,9.520663022994995117e-01,9.382295608520507812e-01,9.250671863555908203e-01,9.125429987907409668e-01,9.006242752075195312e-01,8.892803192138671875e-01,8.784824609756469727e-01,8.682051301002502441e-01,8.584240674972534180e-01,8.491166830062866211e-01,8.402619957923889160e-01,8.318411111831665039e-01,8.238354921340942383e-01,8.162289857864379883e-01,8.090057373046875000e-01,8.021515607833862305e-01,7.956526875495910645e-01,7.894969582557678223e-01,7.836725115776062012e-01,7.781687378883361816e-01,7.729755043983459473e-01,7.680835127830505371e-01,7.634842991828918457e-01,7.591697573661804199e-01,7.551322579383850098e-01,7.513651251792907715e-01,7.478620409965515137e-01,7.446173429489135742e-01,7.416256070137023926e-01,7.388820052146911621e-01,7.363820075988769531e-01,7.341218590736389160e-01,7.320978045463562012e-01,7.303067445755004883e-01,7.287458181381225586e-01,7.274126410484313965e-01,7.263052463531494141e-01,7.254217267036437988e-01,7.247610092163085938e-01,7.243219017982482910e-01,7.241037487983703613e-01,7.241061925888061523e-01,7.243292331695556641e-01,7.247732877731323242e-01,7.254390120506286621e-01,7.263274192810058594e-01,7.274398803710937500e-01,7.287780642509460449e-01,7.303440570831298828e-01,7.321403026580810547e-01,7.341695427894592285e-01,7.364349961280822754e-01,7.389404773712158203e-01,7.416895627975463867e-01,7.446867227554321289e-01,7.479372024536132812e-01,7.514460682868957520e-01,7.552189826965332031e-01,7.592624425888061523e-01,7.635834813117980957e-01,7.681891918182373047e-01,7.730877995491027832e-01,7.782878875732421875e-01,7.837985157966613770e-01,7.896302342414855957e-01,7.957934737205505371e-01,8.023002147674560547e-01,8.091623783111572266e-01,8.163940310478210449e-01,8.240093588829040527e-01,8.320239186286926270e-01,8.404542803764343262e-01,8.493188619613647461e-01,8.586366176605224609e-01,8.684284090995788574e-01,8.787170052528381348e-01,8.895265460014343262e-01,9.008831977844238281e-01,9.128149747848510742e-01,9.253530502319335938e-01,9.385301470756530762e-01,9.523820877075195312e-01,9.669482707977294922e-01,9.822706580162048340e-01,9.983952045440673828e-01,1.015372633934020996e+00,1.033600687980651855e+00,1.052913904190063477e+00,1.073344230651855469e+00,1.094782710075378418e+00,1.117455482482910156e+00,1.141513586044311523e+00,1.166803956031799316e+00,1.193614006042480469e+00,1.222179412841796875e+00,1.252140760421752930e+00,1.283705472946166992e+00,1.284780859947204590e+00,1.270306825637817383e+00,1.256533503532409668e+00,1.243430256843566895e+00,1.230968713760375977e+00,1.219121932983398438e+00,1.207865476608276367e+00,1.197176575660705566e+00,1.187033414840698242e+00,1.177416324615478516e+00,1.168306946754455566e+00,1.159687995910644531e+00,1.151543378829956055e+00,1.143858194351196289e+00,1.136619091033935547e+00,1.129812955856323242e+00,1.123427987098693848e+00,1.117453217506408691e+00,1.111878633499145508e+00,1.106694817543029785e+00,1.101893305778503418e+00,1.097465872764587402e+00,1.093405961990356445e+00,1.089706301689147949e+00,1.086361646652221680e+00,1.083366394042968750e+00,1.080715775489807129e+00,1.078405857086181641e+00,1.076433181762695312e+00,1.074794292449951172e+00,1.073487043380737305e+00,1.072509050369262695e+00,1.071859359741210938e+00,1.071536421775817871e+00,esquerda
5.969649791717529297e+00,5.971489429473876953e+00,5.975148677825927734e+00,5.980637073516845703e+00,5.987961769104003906e+00,5.997132778167724609e+00,6.008164882659912109e+00,5.597816944122314453e+00,4.942515373229980469e+00,4.423221588134765625e+00,4.003036499023437500e+00,3.656297206878662109e+00,3.366589546203613281e+00,3.119282007217407227e+00,2.906679868698120117e+00,2.722120523452758789e+00,2.560479402542114258e+00,2.418326854705810547e+00,2.291642904281616211e+00,2.177724599838256836e+00,2.075201272964477539e+00,1.982537984848022461e+00,1.897824168205261230e+00,1.820441603660583496e+00,1.750338435173034668e+00,1.685665845870971680e+00,1.625871539115905762e+00,1.570264935493469238e+00,1.519368052482604980e+00,1.471892595291137695e+00,1.427349448204040527e+00,1.386209726333618164e+00,1.347518563270568848e+00,1.311204314231872559e+00,1.277408480644226074e+00,1.245321631431579590e+00,1.215543746948242188e+00,1.187152862548828125e+00,1.160505294799804688e+00,1.135368227958679199e+00,1.111454963684082031e+00,1.088917732238769531e+00,1.067607283592224121e+00,1.047298669815063477e+00,1.028100013732910156e+00,1.009953975677490234e+00,9.930802583694458008e-01,9.770538806915283203e-01,9.618245959281921387e-01,9.473470449447631836e-01,9.335788488388061523e-01,9.204816818237304688e-01,9.080196619033813477e-01,8.961598873138427734e-01,8.848722577095031738e-01,8.741279244422912598e-01,8.639014959335327148e-01,8.541688919067382812e-01,8.449077606201171875e-01,8.360969424247741699e-01,8.277178406715393066e-01,8.197518587112426758e-01,8.121829628944396973e-01,8.049955368041992188e-01,7.981753349304199219e-01,7.917087078094482422e-01,7.855835556983947754e-01,7.797880172729492188e-01,7.743114829063415527e-01,7.691439390182495117e-01,7.642762660980224609e-01,7.596998214721679688e-01,7.554065585136413574e-01,7.513891458511352539e-01,7.476406693458557129e-01,7.441549897193908691e-01,7.409263849258422852e-01,7.379494309425354004e-01,7.352194786071777344e-01,7.327318191528320312e-01,7.304828763008117676e-01,7.284688949584960938e-01,7.266866564750671387e-01,7.251335382461547852e-01,7.238069772720336914e-01,7.227050065994262695e-01,7.218258976936340332e-01,7.211685180664062500e-01,7.207314968109130859e-01,7.205144762992858887e-01,7.205169200897216797e-01,7.207388877868652344e-01,7.211806774139404297e-01,7.218431234359741211e-01,7.227271199226379395e-01,7.238340377807617188e-01,7.251656055450439453e-01,7.267238497734069824e-01,7.285111546516418457e-01,7.305303812026977539e-01,7.327846288681030273e-01,7.352775931358337402e-01,7.380130887031555176e-01,7.409954071044921875e-01,7.442298531532287598e-01,7.477212548255920410e-01,7.514754533767700195e-01,7.554990053176879883e-01,7.597985267639160156e-01,7.643814086914062500e-01,7.692557573318481445e-01,7.744300365447998047e-01,7.799133658409118652e-01,7.857161760330200195e-01,7.918487787246704102e-01,7.983232736587524414e-01,8.051514625549316406e-01,8.123472332954406738e-01,8.199248313903808594e-01,8.278996944427490234e-01,8.362883329391479492e-01,8.451088666915893555e-01,8.543803691864013672e-01,8.641237020492553711e-01,8.743613958358764648e-01,8.851172924041748047e-01,8.964176774024963379e-01,9.082903265953063965e-01,9.207663536071777344e-01,9.338779449462890625e-01,9.476612806320190430e-01,9.621553421020507812e-01,9.774016737937927246e-01,9.934463500976562500e-01,1.010339498519897461e+00,1.028467535972595215e+00,1.047686934471130371e+00,1.068017840385437012e+00,1.089351892471313477e+00,1.111914277076721191e+00,1.135854959487915039e+00,1.161021590232849121e+00,1.187700629234313965e+00,1.216126441955566406e+00,1.245941042900085449e+00,1.278068900108337402e+00,1.284495234489440918e+00,1.270307183265686035e+00,1.256533741950988770e+00,1.243430614471435547e+00,1.230969071388244629e+00,1.219122409820556641e+00,1.207865834236145020e+00,1.197176814079284668e+00,1.187033772468566895e+00,1.177416682243347168e+00,1.168307185173034668e+00,1.159688234329223633e+00,1.151543617248535156e+00,1.143858551979064941e+00,1.136619329452514648e+00,1.129813194274902344e+00,1.123428344726562500e+00,1.117453575134277344e+00,1.111878871917724609e+00,1.106695055961608887e+00,1.101893544197082520e+00,1.097466230392456055e+00,1.093406200408935547e+00,1.089706540107727051e+00,1.086361885070800781e+00,1.083366751670837402e+00,1.080716013908386230e+00,1.078406214714050293e+00,1.076433539390563965e+00,1.074794530868530273e+00,1.073487281799316406e+00,1.072509288787841797e+00,1.071859717369079590e+00,1.071536660194396973e+00,esquerda
5.969650745391845703e+00,5.971490383148193359e+00,5.975149631500244141e+00,5.980638027191162109e+00,5.987962722778320312e+00,5.997133731842041016e+00,5.998128890991210938e+00,5.574760437011718750e+00,4.917581081390380859e+00,4.400959014892578125e+00,3.982925653457641602e+00,3.637955665588378906e+00,3.349721193313598633e+00,3.103668689727783203e+00,2.892142534255981445e+00,2.708515644073486328e+00,2.547689676284790039e+00,2.406253099441528320e+00,2.280205965042114258e+00,2.166859626770019531e+00,2.064850330352783203e+00,1.972651600837707520e+00,1.888361930847167969e+00,1.811366558074951172e+00,1.741613507270812988e+00,1.677263855934143066e+00,1.617767691612243652e+00,1.562438368797302246e+00,1.511795043945312500e+00,1.464555859565734863e+00,1.420234084129333496e+00,1.379298925399780273e+00,1.340799808502197266e+00,1.304665923118591309e+00,1.271037459373474121e+00,1.239109873771667480e+00,1.209479212760925293e+00,1.181228756904602051e+00,1.154712915420532227e+00,1.129699945449829102e+00,1.105904698371887207e+00,1.083478569984436035e+00,1.062273025512695312e+00,1.042064189910888672e+00,1.022959828376770020e+00,1.004921317100524902e+00,9.881317615509033203e-01,9.721851944923400879e-01,9.570318460464477539e-01,9.426263570785522461e-01,9.289269447326660156e-01,9.158949851989746094e-01,9.034949541091918945e-01,8.916945457458496094e-01,8.804629445075988770e-01,8.697721958160400391e-01,8.595967292785644531e-01,8.499125838279724121e-01,8.406975865364074707e-01,8.319306969642639160e-01,8.235932588577270508e-01,8.156670331954956055e-01,8.081359863281250000e-01,8.009843230247497559e-01,7.941980957984924316e-01,7.877637147903442383e-01,7.816689014434814453e-01,7.759023308753967285e-01,7.704531550407409668e-01,7.653113603591918945e-01,7.604678869247436523e-01,7.559142112731933594e-01,7.516424059867858887e-01,7.476450204849243164e-01,7.439152598381042480e-01,7.404468655586242676e-01,7.372343540191650391e-01,7.342723608016967773e-01,7.315559983253479004e-01,7.290807366371154785e-01,7.268429398536682129e-01,7.248390316963195801e-01,7.230656743049621582e-01,7.215201258659362793e-01,7.202003002166748047e-01,7.191038727760314941e-01,7.182290554046630859e-01,7.175749540328979492e-01,7.171401977539062500e-01,7.169242501258850098e-01,7.169266939163208008e-01,7.171475291252136230e-01,7.175871133804321289e-01,7.182461619377136230e-01,7.191258072853088379e-01,7.202271819114685059e-01,7.215521931648254395e-01,7.231026291847229004e-01,7.248810529708862305e-01,7.268901467323303223e-01,7.291331887245178223e-01,7.316138148307800293e-01,7.343356609344482422e-01,7.373031973838806152e-01,7.405213117599487305e-01,7.439954280853271484e-01,7.477309703826904297e-01,7.517344355583190918e-01,7.560124397277832031e-01,7.605725526809692383e-01,7.654225826263427734e-01,7.705711126327514648e-01,7.760271430015563965e-01,7.818009853363037109e-01,7.879031300544738770e-01,7.943453192710876465e-01,8.011394739151000977e-01,8.082994818687438965e-01,8.158392906188964844e-01,8.237743377685546875e-01,8.321211934089660645e-01,8.408977985382080078e-01,8.501231074333190918e-01,8.598178029060363770e-01,8.700045347213745117e-01,8.807068467140197754e-01,8.919509053230285645e-01,9.037643671035766602e-01,9.161782264709472656e-01,9.292246103286743164e-01,9.429391622543334961e-01,9.573609828948974609e-01,9.725314378738403320e-01,9.884960651397705078e-01,1.005305171012878418e+00,1.023334264755249023e+00,1.042459607124328613e+00,1.062691092491149902e+00,1.083920836448669434e+00,1.106372594833374023e+00,1.130195856094360352e+00,1.155238986015319824e+00,1.181786894798278809e+00,1.210072755813598633e+00,1.239740610122680664e+00,1.271710276603698730e+00,1.284121036529541016e+00,1.270305991172790527e+00,1.256532669067382812e+00,1.243429541587829590e+00,1.230967879295349121e+00,1.219121098518371582e+00,1.207864642143249512e+00,1.197175621986389160e+00,1.187032699584960938e+00,1.177415370941162109e+00,1.168306112289428711e+00,1.159687042236328125e+00,1.151542544364929199e+00,1.143857240676879883e+00,1.136618137359619141e+00,1.129812002182006836e+00,1.123427033424377441e+00,1.117452383041381836e+00,1.111877679824829102e+00,1.106693744659423828e+00,1.101892232894897461e+00,1.097464919090270996e+00,1.093404889106750488e+00,1.089705348014831543e+00,1.086360573768615723e+00,1.083365321159362793e+00,1.080714702606201172e+00,1.078404903411865234e+00,1.076432228088378906e+00,1.074793219566345215e+00,1.073485970497131348e+00,1.072507977485656738e+00,1.071858286857604980e+00,1.071535348892211914e+00,esquerda
5.969652175903320312e+00,5.971491813659667969e+00,5.975151538848876953e+00,5.980639457702636719e+00,5.987963676452636719e+00,5.997134685516357422e+00,5.981323242187500000e+00,5.546413898468017578e+00,4.892652034759521484e+00,4.378701210021972656e+00,3.962818861007690430e+00,3.619616985321044922e+00,3.332856178283691406e+00,3.088057756423950195e+00,2.877607583999633789e+00,2.694912910461425781e+00,2.534902334213256836e+00,2.394180536270141602e+00,2.268770456314086914e+00,2.155996084213256836e+00,2.054501056671142578e+00,1.962766408920288086e+00,1.878900527954101562e+00,1.802292227745056152e+00,1.732889413833618164e+00,1.668862462043762207e+00,1.609664559364318848e+00,1.554612398147583008e+00,1.504222631454467773e+00,1.457219719886779785e+00,1.413119673728942871e+00,1.372388720512390137e+00,1.334081768989562988e+00,1.298128247261047363e+00,1.264667391777038574e+00,1.232898473739624023e+00,1.203415393829345703e+00,1.175305247306823730e+00,1.148921132087707520e+00,1.124032139778137207e+00,1.100354790687561035e+00,1.078039765357971191e+00,1.056939005851745605e+00,1.036830067634582520e+00,1.017819762229919434e+00,9.998891353607177734e-01,9.831836819648742676e-01,9.673169255256652832e-01,9.522393941879272461e-01,9.379060864448547363e-01,9.242751598358154297e-01,9.113085269927978516e-01,8.989706635475158691e-01,8.872291445732116699e-01,8.760539293289184570e-01,8.654167056083679199e-01,8.552920818328857422e-01,8.456565737724304199e-01,8.364876508712768555e-01,8.277646303176879883e-01,8.194690346717834473e-01,8.115824460983276367e-01,8.040890097618103027e-01,7.969732284545898438e-01,7.902209758758544922e-01,7.838188409805297852e-01,7.777545452117919922e-01,7.720168232917785645e-01,7.665948867797851562e-01,7.614788413047790527e-01,7.566597461700439453e-01,7.521288990974426270e-01,7.478784322738647461e-01,7.439009547233581543e-01,7.401898503303527832e-01,7.367389798164367676e-01,7.335425019264221191e-01,7.305952906608581543e-01,7.278924584388732910e-01,7.254297137260437012e-01,7.232031226158142090e-01,7.212091684341430664e-01,7.194446921348571777e-01,7.179070115089416504e-01,7.165937423706054688e-01,7.155026793479919434e-01,7.146323919296264648e-01,7.139815092086791992e-01,7.135488986968994141e-01,7.133340239524841309e-01,7.133364081382751465e-01,7.135561704635620117e-01,7.139936685562133789e-01,7.146493196487426758e-01,7.155245542526245117e-01,7.166204452514648438e-01,7.179387807846069336e-01,7.194814682006835938e-01,7.212510108947753906e-01,7.232500314712524414e-01,7.254818081855773926e-01,7.279499769210815430e-01,7.306582331657409668e-01,7.336108088493347168e-01,7.368129491806030273e-01,7.402696609497070312e-01,7.439864277839660645e-01,7.479698061943054199e-01,7.522265315055847168e-01,7.567636966705322266e-01,7.615894675254821777e-01,7.667121887207031250e-01,7.721409201622009277e-01,7.778857946395874023e-01,7.839574217796325684e-01,7.903672456741333008e-01,7.971274256706237793e-01,8.042514920234680176e-01,8.117536306381225586e-01,8.196489214897155762e-01,8.279539346694946289e-01,8.366866707801818848e-01,8.458657264709472656e-01,8.555118441581726074e-01,8.656475543975830078e-01,8.762963414192199707e-01,8.874840736389160156e-01,8.992384076118469238e-01,9.115899801254272461e-01,9.245709776878356934e-01,9.382169246673583984e-01,9.525663852691650391e-01,9.676609635353088379e-01,9.835457801818847656e-01,1.000270605087280273e+00,1.018268823623657227e+00,1.037302017211914062e+00,1.057435870170593262e+00,1.078562855720520020e+00,1.100906014442443848e+00,1.124614000320434570e+00,1.149535655975341797e+00,1.175954937934875488e+00,1.204103708267211914e+00,1.233627557754516602e+00,1.265441775321960449e+00,1.283752441406250000e+00,1.270305156707763672e+00,1.256531834602355957e+00,1.243428707122802734e+00,1.230967044830322266e+00,1.219120383262634277e+00,1.207863807678222656e+00,1.197175025939941406e+00,1.187031865119934082e+00,1.177414774894714355e+00,1.168305277824401855e+00,1.159686326980590820e+00,1.151541709899902344e+00,1.143856644630432129e+00,1.136617422103881836e+00,1.129811286926269531e+00,1.123426318168640137e+00,1.117451667785644531e+00,1.111876964569091797e+00,1.106693148612976074e+00,1.101891517639160156e+00,1.097464203834533691e+00,1.093404293060302734e+00,1.089704632759094238e+00,1.086359858512878418e+00,1.083364725112915039e+00,1.080713987350463867e+00,1.078404188156127930e+00,1.076431512832641602e+00,1.074792504310607910e+00,1.073485255241394043e+00,1.072507262229919434e+00,1.071857571601867676e+00,1.071534633636474609e+00,esquerda
5.969651699066162109e+00,5.971491336822509766e+00,5.975151062011718750e+00,5.980638980865478516e+00,5.987963676452636719e+00,5.997134685516357422e+00,5.966300010681152344e+00,5.520873069763183594e+00,4.869892120361328125e+00,4.358169078826904297e+00,3.944116830825805664e+00,3.602443695068359375e+00,3.316973924636840820e+00,3.073287248611450195e+00,2.863798856735229492e+00,2.681943655014038086e+00,2.522671699523925781e+00,2.382603406906127930e+00,2.257776975631713867e+00,2.145529270172119141e+00,2.044509649276733398e+00,1.953205823898315430e+00,1.869734644889831543e+00,1.793487668037414551e+00,1.724412798881530762e+00,1.660688996315002441e+00,1.601771712303161621e+00,1.546980619430541992e+00,1.496830224990844727e+00,1.450050950050354004e+00,1.406160593032836914e+00,1.365623950958251953e+00,1.327499628067016602e+00,1.291717290878295898e+00,1.258416295051574707e+00,1.226799130439758301e+00,1.197456836700439453e+00,1.169480919837951660e+00,1.143222808837890625e+00,1.118452787399291992e+00,1.094888329505920410e+00,1.072679638862609863e+00,1.051679611206054688e+00,1.031666398048400879e+00,1.012746810913085938e+00,9.948566555976867676e-01,9.782350659370422363e-01,9.624482989311218262e-01,9.474467039108276367e-01,9.331854581832885742e-01,9.196231961250305176e-01,9.067217707633972168e-01,8.944460153579711914e-01,8.827636837959289551e-01,8.716444969177246094e-01,8.610609769821166992e-01,8.509873747825622559e-01,8.414002060890197754e-01,8.322775363922119141e-01,8.235983848571777344e-01,8.153444528579711914e-01,8.074976801872253418e-01,8.000419735908508301e-01,7.929620146751403809e-01,7.862436771392822266e-01,7.798737287521362305e-01,7.738401293754577637e-01,7.681311368942260742e-01,7.627365589141845703e-01,7.576462626457214355e-01,7.528513669967651367e-01,7.483432888984680176e-01,7.441143393516540527e-01,7.401568293571472168e-01,7.364644408226013184e-01,7.330307960510253906e-01,7.298505306243896484e-01,7.269181013107299805e-01,7.242288589477539062e-01,7.217784523963928223e-01,7.195631265640258789e-01,7.175792455673217773e-01,7.158236503601074219e-01,7.142937183380126953e-01,7.129869461059570312e-01,7.119015455245971680e-01,7.110355496406555176e-01,7.103879451751708984e-01,7.099574804306030273e-01,7.097436785697937012e-01,7.097460627555847168e-01,7.099647521972656250e-01,7.103999853134155273e-01,7.110524773597717285e-01,7.119232416152954102e-01,7.130135893821716309e-01,7.143252491950988770e-01,7.158601880073547363e-01,7.176209092140197754e-01,7.196098566055297852e-01,7.218303084373474121e-01,7.242861390113830566e-01,7.269806861877441406e-01,7.299185991287231445e-01,7.331045269966125488e-01,7.365437150001525879e-01,7.402418851852416992e-01,7.442051768302917480e-01,7.484405636787414551e-01,7.529548406600952148e-01,7.577562928199768066e-01,7.628532648086547852e-01,7.682546973228454590e-01,7.739706635475158691e-01,7.800116539001464844e-01,7.863893508911132812e-01,7.931154370307922363e-01,8.002036809921264648e-01,8.076680302619934082e-01,8.155235648155212402e-01,8.237867355346679688e-01,8.324755430221557617e-01,8.416085243225097656e-01,8.512060046195983887e-01,8.612906932830810547e-01,8.718858957290649414e-01,8.830173015594482422e-01,8.947123885154724121e-01,9.070019721984863281e-01,9.199176430702209473e-01,9.334948062896728516e-01,9.477720856666564941e-01,9.627907276153564453e-01,9.785954952239990234e-01,9.952362179756164551e-01,1.013132691383361816e+00,1.032071948051452637e+00,1.052106380462646484e+00,1.073129057884216309e+00,1.095361471176147461e+00,1.118952035903930664e+00,1.143750190734863281e+00,1.170038104057312012e+00,1.198046922683715820e+00,1.227424025535583496e+00,1.259079694747924805e+00,1.283378720283508301e+00,1.270304679870605469e+00,1.256531357765197754e+00,1.243428230285644531e+00,1.230966687202453613e+00,1.219119906425476074e+00,1.207863450050354004e+00,1.197174549102783203e+00,1.187031507492065430e+00,1.177414417266845703e+00,1.168305039405822754e+00,1.159685850143432617e+00,1.151541471481323242e+00,1.143856287002563477e+00,1.136617064476013184e+00,1.129811048507690430e+00,1.123426198959350586e+00,1.117451429367065430e+00,1.111876845359802246e+00,1.106692910194396973e+00,1.101891517639160156e+00,1.097463965415954590e+00,1.093404173851013184e+00,1.089704394340515137e+00,1.086359858512878418e+00,1.083364486694335938e+00,1.080713868141174316e+00,1.078404068946838379e+00,1.076431393623352051e+00,1.074792385101318359e+00,1.073485136032104492e+00,1.072507143020629883e+00,1.071857571601867676e+00,1.071534514427185059e+00,esquerda
5.969653129577636719e+00,5.971492767333984375e+00,5.975152015686035156e+00,5.980640411376953125e+00,5.987965106964111328e+00,5.997135639190673828e+00,5.949473857879638672e+00,5.492498397827148438e+00,4.844948291778564453e+00,4.335904121398925781e+00,3.924009323120117188e+00,3.584107398986816406e+00,3.300110816955566406e+00,3.057678461074829102e+00,2.849265575408935547e+00,2.668342828750610352e+00,2.509885787963867188e+00,2.370532512664794922e+00,2.246343135833740234e+00,2.134667158126831055e+00,2.034161567687988281e+00,1.943322062492370605e+00,1.860274910926818848e+00,1.784414529800415039e+00,1.715690016746520996e+00,1.652288794517517090e+00,1.593669772148132324e+00,1.539155840873718262e+00,1.489259123802185059e+00,1.442715883255004883e+00,1.399047017097473145e+00,1.358714699745178223e+00,1.320782542228698730e+00,1.285180330276489258e+00,1.252046942710876465e+00,1.220588684082031250e+00,1.191393733024597168e+00,1.163558244705200195e+00,1.137431621551513672e+00,1.112785577774047852e+00,1.089339137077331543e+00,1.067241668701171875e+00,1.046346306800842285e+00,1.026432991027832031e+00,1.007607460021972656e+00,9.898245334625244141e-01,9.732871651649475098e-01,9.575800895690917969e-01,9.426544904708862305e-01,9.284653663635253906e-01,9.149717092514038086e-01,9.021355509757995605e-01,8.899218440055847168e-01,8.782985806465148926e-01,8.672357797622680664e-01,8.567056059837341309e-01,8.466830253601074219e-01,8.371443748474121094e-01,8.280678391456604004e-01,8.194326758384704590e-01,8.112205266952514648e-01,8.034132719039916992e-01,7.959952354431152344e-01,7.889511585235595703e-01,7.822667956352233887e-01,7.759289741516113281e-01,7.699258923530578613e-01,7.642458677291870117e-01,7.588785886764526367e-01,7.538140416145324707e-01,7.490433454513549805e-01,7.445580959320068359e-01,7.403504848480224609e-01,7.364130020141601562e-01,7.327393293380737305e-01,7.293231487274169922e-01,7.261588573455810547e-01,7.232412099838256836e-01,7.205656766891479492e-01,7.181277275085449219e-01,7.159234881401062012e-01,7.139496207237243652e-01,7.122029662132263184e-01,7.106807231903076172e-01,7.093806862831115723e-01,7.083006501197814941e-01,7.074390649795532227e-01,7.067947983741760254e-01,7.063665390014648438e-01,7.061538100242614746e-01,7.061561942100524902e-01,7.063737511634826660e-01,7.068067789077758789e-01,7.074559330940246582e-01,7.083223462104797363e-01,7.094072103500366211e-01,7.107122540473937988e-01,7.122394442558288574e-01,7.139911651611328125e-01,7.159700989723205566e-01,7.181793451309204102e-01,7.206226587295532227e-01,7.233036160469055176e-01,7.262265682220458984e-01,7.293964624404907227e-01,7.328183054924011230e-01,7.364977002143859863e-01,7.404410243034362793e-01,7.446548938751220703e-01,7.491464018821716309e-01,7.539235353469848633e-01,7.589946985244750977e-01,7.643688321113586426e-01,7.700558900833129883e-01,7.760663032531738281e-01,7.824117541313171387e-01,7.891038656234741211e-01,7.961561679840087891e-01,8.035827875137329102e-01,8.113986253738403320e-01,8.196200132369995117e-01,8.282648324966430664e-01,8.373515605926513672e-01,8.469006419181823730e-01,8.569342494010925293e-01,8.674758076667785645e-01,8.785510063171386719e-01,8.901869654655456543e-01,9.024143218994140625e-01,9.152646064758300781e-01,9.287731647491455078e-01,9.429782032966613770e-01,9.579208493232727051e-01,9.736456871032714844e-01,9.902021884918212891e-01,1.008002400398254395e+00,1.026850104331970215e+00,1.046787381172180176e+00,1.067708134651184082e+00,1.089832901954650879e+00,1.113308906555175781e+00,1.137986779212951660e+00,1.164147257804870605e+00,1.192020177841186523e+00,1.221254706382751465e+00,1.252757072448730469e+00,1.283006668090820312e+00,1.270303487777709961e+00,1.256530284881591797e+00,1.243427038192749023e+00,1.230965375900268555e+00,1.219118714332580566e+00,1.207862257957458496e+00,1.197173237800598145e+00,1.187030315399169922e+00,1.177413225173950195e+00,1.168303728103637695e+00,1.159684777259826660e+00,1.151540160179138184e+00,1.143855094909667969e+00,1.136615872383117676e+00,1.129809856414794922e+00,1.123424768447875977e+00,1.117450118064880371e+00,1.111875414848327637e+00,1.106691718101501465e+00,1.101890206336975098e+00,1.097462773323059082e+00,1.093402862548828125e+00,1.089703083038330078e+00,1.086358428001403809e+00,1.083363294601440430e+00,1.080712676048278809e+00,1.078402757644653320e+00,1.076430082321166992e+00,1.074791073799133301e+00,1.073483824729919434e+00,1.072505950927734375e+00,1.071856260299682617e+00,1.071533203125000000e+00,esquerda
5.969654560089111328e+00,5.971494197845458984e+00,5.975153446197509766e+00,5.980641841888427734e+00,5.987966060638427734e+00,5.997137069702148438e+00,5.932675361633300781e+00,5.464162349700927734e+00,4.820026397705078125e+00,4.313652038574218750e+00,3.903907299041748047e+00,3.565772533416748047e+00,3.283248186111450195e+00,3.042069673538208008e+00,2.834732770919799805e+00,2.654741287231445312e+00,2.497098922729492188e+00,2.358461380004882812e+00,2.234908819198608398e+00,2.123804807662963867e+00,2.023813009262084961e+00,1.933437466621398926e+00,1.850814223289489746e+00,1.775340914726257324e+00,1.706966400146484375e+00,1.643888115882873535e+00,1.585567235946655273e+00,1.531330466270446777e+00,1.481686949729919434e+00,1.435380220413208008e+00,1.391932845115661621e+00,1.351804852485656738e+00,1.314064741134643555e+00,1.278642892837524414e+00,1.245676755905151367e+00,1.214377522468566895e+00,1.185329914093017578e+00,1.157634854316711426e+00,1.131639957427978516e+00,1.107118129730224609e+00,1.083789467811584473e+00,1.061803102493286133e+00,1.041012406349182129e+00,1.021198868751525879e+00,1.002467632293701172e+00,9.847917556762695312e-01,9.683383703231811523e-01,9.527112841606140137e-01,9.378614425659179688e-01,9.237444996833801270e-01,9.103194475173950195e-01,8.975485563278198242e-01,8.853971362113952637e-01,8.738327622413635254e-01,8.628261685371398926e-01,8.523496985435485840e-01,8.423779606819152832e-01,8.328878879547119141e-01,8.238575458526611328e-01,8.152661919593811035e-01,8.070957660675048828e-01,7.993282675743103027e-01,7.919480800628662109e-01,7.849397063255310059e-01,7.782893776893615723e-01,7.719839215278625488e-01,7.660112977027893066e-01,7.603600621223449707e-01,7.550200223922729492e-01,7.499813437461853027e-01,7.452349066734313965e-01,7.407724261283874512e-01,7.365861535072326660e-01,7.326688170433044434e-01,7.290138006210327148e-01,7.256149053573608398e-01,7.224666476249694824e-01,7.195640206336975098e-01,7.169020771980285645e-01,7.144764065742492676e-01,7.122833728790283203e-01,7.103195786476135254e-01,7.085818052291870117e-01,7.070673704147338867e-01,7.057738304138183594e-01,7.046993374824523926e-01,7.038421034812927246e-01,7.032011151313781738e-01,7.027750015258789062e-01,7.025633454322814941e-01,7.025657296180725098e-01,7.027822136878967285e-01,7.032130360603332520e-01,7.038588523864746094e-01,7.047208547592163086e-01,7.058002352714538574e-01,7.070986628532409668e-01,7.086180448532104492e-01,7.103608250617980957e-01,7.123296856880187988e-01,7.145277857780456543e-01,7.169587016105651855e-01,7.196258902549743652e-01,7.225340604782104492e-01,7.256879210472106934e-01,7.290923595428466797e-01,7.327529788017272949e-01,7.366761565208435059e-01,7.408686876296997070e-01,7.453374266624450684e-01,7.500902414321899414e-01,7.551355361938476562e-01,7.604824304580688477e-01,7.661406397819519043e-01,7.721204161643981934e-01,7.784336209297180176e-01,7.850916385650634766e-01,7.921082377433776855e-01,7.994969487190246582e-01,8.072731494903564453e-01,8.154527544975280762e-01,8.240535855293273926e-01,8.330940604209899902e-01,8.425946235656738281e-01,8.525772690773010254e-01,8.630651235580444336e-01,8.740841746330261230e-01,8.856608867645263672e-01,8.978260159492492676e-01,9.106110930442810059e-01,9.240509271621704102e-01,9.381837844848632812e-01,9.530504941940307617e-01,9.686952233314514160e-01,9.851676225662231445e-01,1.002869129180908203e+00,1.021623015403747559e+00,1.041460871696472168e+00,1.062277317047119141e+00,1.084291458129882812e+00,1.107649922370910645e+00,1.132204294204711914e+00,1.158233642578125000e+00,1.185966730117797852e+00,1.215054512023925781e+00,1.246398687362670898e+00,1.279412508010864258e+00,1.270302772521972656e+00,1.256529450416564941e+00,1.243426203727722168e+00,1.230964541435241699e+00,1.219117879867553711e+00,1.207861542701721191e+00,1.197172403335571289e+00,1.187029480934143066e+00,1.177412390708923340e+00,1.168302893638610840e+00,1.159683942794799805e+00,1.151539564132690430e+00,1.143854379653930664e+00,1.136615157127380371e+00,1.129809021949768066e+00,1.123424053192138672e+00,1.117449402809143066e+00,1.111874818801879883e+00,1.106691002845764160e+00,1.101889491081237793e+00,1.097462058067321777e+00,1.093402028083801270e+00,1.089702367782592773e+00,1.086357712745666504e+00,1.083362579345703125e+00,1.080711960792541504e+00,1.078402042388916016e+00,1.076429367065429688e+00,1.074790477752685547e+00,1.073483228683471680e+00,1.072505235671997070e+00,1.071855545043945312e+00,1.071532487869262695e+00,esquerda
5.969655513763427734e+00,5.971495151519775391e+00,5.975154876708984375e+00,5.980642795562744141e+00,5.987967014312744141e+00,5.997138023376464844e+00,5.915880203247070312e+00,5.435832023620605469e+00,4.795109748840332031e+00,4.291403770446777344e+00,3.883808135986328125e+00,3.547440052032470703e+00,3.266388177871704102e+00,3.026463031768798828e+00,2.820200920104980469e+00,2.641141891479492188e+00,2.484313726425170898e+00,2.346390962600708008e+00,2.223474740982055664e+00,2.112942457199096680e+00,2.013464927673339844e+00,1.923553466796875000e+00,1.841353893280029297e+00,1.766267299652099609e+00,1.698242902755737305e+00,1.635487318038940430e+00,1.577464699745178223e+00,1.523504853248596191e+00,1.474114775657653809e+00,1.428044199943542480e+00,1.384818315505981445e+00,1.344894886016845703e+00,1.307346701622009277e+00,1.272104859352111816e+00,1.239306449890136719e+00,1.208166122436523438e+00,1.179265856742858887e+00,1.151711106300354004e+00,1.125847935676574707e+00,1.101450085639953613e+00,1.078239440917968750e+00,1.056363940238952637e+00,1.035678386688232422e+00,1.015964508056640625e+00,9.973273277282714844e-01,9.797598123550415039e-01,9.633905887603759766e-01,9.478433132171630859e-01,9.330693483352661133e-01,9.190246462821960449e-01,9.056680202484130859e-01,8.929625153541564941e-01,8.808730244636535645e-01,8.693678975105285645e-01,8.584176301956176758e-01,8.479945659637451172e-01,8.380737900733947754e-01,8.286321759223937988e-01,8.196479082107543945e-01,8.111006021499633789e-01,8.029717803001403809e-01,7.952440977096557617e-01,7.879014611244201660e-01,7.809289693832397461e-01,7.743127346038818359e-01,7.680393457412719727e-01,7.620972394943237305e-01,7.564749717712402344e-01,7.511622309684753418e-01,7.461492419242858887e-01,7.414270639419555664e-01,7.369873523712158203e-01,7.328225970268249512e-01,7.289251685142517090e-01,7.252888083457946777e-01,7.219073176383972168e-01,7.187751531600952148e-01,7.158873677253723145e-01,7.132390141487121582e-01,7.108256816864013672e-01,7.086439132690429688e-01,7.066901922225952148e-01,7.049612998962402344e-01,7.034545540809631348e-01,7.021676301956176758e-01,7.010985612869262695e-01,7.002458572387695312e-01,6.996080875396728516e-01,6.991841197013854980e-01,6.989735364913940430e-01,6.989758610725402832e-01,6.991912722587585449e-01,6.996199488639831543e-01,7.002624273300170898e-01,7.011200785636901855e-01,7.021939158439636230e-01,7.034856677055358887e-01,7.049973011016845703e-01,7.067312002182006836e-01,7.086899876594543457e-01,7.108768224716186523e-01,7.132954001426696777e-01,7.159489989280700684e-01,7.188422679901123047e-01,7.219799160957336426e-01,7.253669500350952148e-01,7.290089726448059082e-01,7.329121232032775879e-01,7.370831370353698730e-01,7.415290474891662598e-01,7.462576031684875488e-01,7.512772083282470703e-01,7.565966844558715820e-01,7.622259855270385742e-01,7.681752443313598633e-01,7.744562029838562012e-01,7.810801863670349121e-01,7.880609035491943359e-01,7.954119443893432617e-01,8.031483888626098633e-01,8.112860918045043945e-01,8.198430538177490234e-01,8.288373947143554688e-01,8.382893800735473633e-01,8.482209444046020508e-01,8.586552739143371582e-01,8.696178793907165527e-01,8.811355829238891602e-01,8.932384848594665527e-01,9.059582948684692383e-01,9.193294644355773926e-01,9.333900809288024902e-01,9.481807351112365723e-01,9.637456536293029785e-01,9.801339507102966309e-01,9.977349042892456055e-01,1.016394853591918945e+00,1.036133527755737305e+00,1.056845426559448242e+00,1.078748941421508789e+00,1.101990103721618652e+00,1.126420617103576660e+00,1.152318954467773438e+00,1.179912209510803223e+00,1.208853244781494141e+00,1.240039110183715820e+00,1.272886276245117188e+00,1.270301103591918945e+00,1.256527900695800781e+00,1.243424773216247559e+00,1.230963230133056641e+00,1.219116568565368652e+00,1.207860112190246582e+00,1.197171092033386230e+00,1.187028169631958008e+00,1.177411079406738281e+00,1.168301820755004883e+00,1.159682631492614746e+00,1.151538252830505371e+00,1.143853187561035156e+00,1.136613845825195312e+00,1.129807949066162109e+00,1.123422861099243164e+00,1.117448449134826660e+00,1.111873626708984375e+00,1.106689810752868652e+00,1.101888418197631836e+00,1.097460985183715820e+00,1.093400955200195312e+00,1.089701414108276367e+00,1.086356639862060547e+00,1.083361506462097168e+00,1.080710887908935547e+00,1.078401088714599609e+00,1.076428413391113281e+00,1.074789404869079590e+00,1.073482155799865723e+00,1.072504162788391113e+00,1.071854591369628906e+00,1.071531534194946289e+00,esquerda
5.969654560089111328e+00,5.971494197845458984e+00,5.975153446197509766e+00,5.980641841888427734e+00,5.987966537475585938e+00,5.997137546539306641e+00,5.900876522064208984e+00,5.410326957702636719e+00,4.772384643554687500e+00,4.270905017852783203e+00,3.865137577056884766e+00,3.530296087265014648e+00,3.250531673431396484e+00,3.011714220046997070e+00,2.806411743164062500e+00,2.628189563751220703e+00,2.472098827362060547e+00,2.334827661514282227e+00,2.212493658065795898e+00,2.102486848831176758e+00,2.003483772277832031e+00,1.914002060890197754e+00,1.832196831703186035e+00,1.757470726966857910e+00,1.689773797988891602e+00,1.627320647239685059e+00,1.569578051567077637e+00,1.515879034996032715e+00,1.466728091239929199e+00,1.420880794525146484e+00,1.377864241600036621e+00,1.338134646415710449e+00,1.300769090652465820e+00,1.265698432922363281e+00,1.233059406280517578e+00,1.202070593833923340e+00,1.173310995101928711e+00,1.145890235900878906e+00,1.120152831077575684e+00,1.095873713493347168e+00,1.072775959968566895e+00,1.051006793975830078e+00,1.030421733856201172e+00,1.010803580284118652e+00,9.922569394111633301e-01,9.747276902198791504e-01,9.584425091743469238e-01,9.429750442504882812e-01,9.282770752906799316e-01,9.143043756484985352e-01,9.010164141654968262e-01,8.883760571479797363e-01,8.763487339019775391e-01,8.649027347564697266e-01,8.540086150169372559e-01,8.436390757560729980e-01,8.337693810462951660e-01,8.243762254714965820e-01,8.154380321502685547e-01,8.069345951080322266e-01,7.988476157188415527e-01,7.911595702171325684e-01,7.838546633720397949e-01,7.769179940223693848e-01,7.703356146812438965e-01,7.640944719314575195e-01,7.581829428672790527e-01,7.525895833969116211e-01,7.473041415214538574e-01,7.423167824745178223e-01,7.376188635826110840e-01,7.332020998001098633e-01,7.290586233139038086e-01,7.251812219619750977e-01,7.215635180473327637e-01,7.181994318962097168e-01,7.150834202766418457e-01,7.122102975845336914e-01,7.095755934715270996e-01,7.071747779846191406e-01,7.050041556358337402e-01,7.030603885650634766e-01,7.013403177261352539e-01,6.998413205146789551e-01,6.985611319541931152e-01,6.974976062774658203e-01,6.966491341590881348e-01,6.960146427154541016e-01,6.955929398536682129e-01,6.953834295272827148e-01,6.953858137130737305e-01,6.956000328063964844e-01,6.960264444351196289e-01,6.966657042503356934e-01,6.975188851356506348e-01,6.985872387886047363e-01,6.998723149299621582e-01,7.013761997222900391e-01,7.031012177467346191e-01,7.050499320030212402e-01,7.072255015373229980e-01,7.096316218376159668e-01,7.122716307640075684e-01,7.151500582695007324e-01,7.182715535163879395e-01,7.216412425041198730e-01,7.252644300460815430e-01,7.291476130485534668e-01,7.332972884178161621e-01,7.377203106880187988e-01,7.424245476722717285e-01,7.474183440208435059e-01,7.527105212211608887e-01,7.583108544349670410e-01,7.642296552658081055e-01,7.704782485961914062e-01,7.770681977272033691e-01,7.840130329132080078e-01,7.913263440132141113e-01,7.990230321884155273e-01,8.071189522743225098e-01,8.156319856643676758e-01,8.245800733566284180e-01,8.339836001396179199e-01,8.438641428947448730e-01,8.542448878288269043e-01,8.651511073112487793e-01,8.766096234321594238e-01,8.886504769325256348e-01,9.013048410415649414e-01,9.146072864532470703e-01,9.285957217216491699e-01,9.433103799819946289e-01,9.587953686714172363e-01,9.750995039939880371e-01,9.926024079322814941e-01,1.011168599128723145e+00,1.030807852745056152e+00,1.051415324211120605e+00,1.073208212852478027e+00,1.096332073211669922e+00,1.120639204978942871e+00,1.146406292915344238e+00,1.173859953880310059e+00,1.202654480934143066e+00,1.233681917190551758e+00,1.266362428665161133e+00,1.270301461219787598e+00,1.256528139114379883e+00,1.243425011634826660e+00,1.230963468551635742e+00,1.219116806983947754e+00,1.207860350608825684e+00,1.197171449661254883e+00,1.187028408050537109e+00,1.177411317825317383e+00,1.168302178382873535e+00,1.159683108329772949e+00,1.151538491249084473e+00,1.143853425979614258e+00,1.136614203453063965e+00,1.129808187484741211e+00,1.123423218727111816e+00,1.117448568344116211e+00,1.111873984336853027e+00,1.106690049171447754e+00,1.101888656616210938e+00,1.097461223602294922e+00,1.093401312828063965e+00,1.089701652526855469e+00,1.086356878280639648e+00,1.083361864089965820e+00,1.080711126327514648e+00,1.078401327133178711e+00,1.076428651809692383e+00,1.074789643287658691e+00,1.073482394218444824e+00,1.072504520416259766e+00,1.071854829788208008e+00,1.071531772613525391e+00,esquerda
5.969656467437744141e+00,5.971496105194091797e+00,5.975155830383300781e+00,5.980643749237060547e+00,5.987967967987060547e+00,5.997138977050781250e+00,5.884037971496582031e+00,5.381923675537109375e+00,4.747404098510742188e+00,4.248600482940673828e+00,3.844988584518432617e+00,3.511920213699340820e+00,3.233634233474731445e+00,2.996075868606567383e+00,2.791852474212646484e+00,2.614565610885620117e+00,2.459292411804199219e+00,2.322738647460937500e+00,2.201043367385864258e+00,2.091609954833984375e+00,1.993122339248657227e+00,1.904105901718139648e+00,1.822725534439086914e+00,1.748387217521667480e+00,1.681041359901428223e+00,1.618911504745483398e+00,1.561467885971069336e+00,1.508046627044677734e+00,1.459149599075317383e+00,1.413538813591003418e+00,1.370744466781616211e+00,1.331219553947448730e+00,1.294046163558959961e+00,1.259155988693237305e+00,1.226684927940368652e+00,1.195855259895324707e+00,1.167243242263793945e+00,1.139963269233703613e+00,1.114357709884643555e+00,1.090202808380126953e+00,1.067223072052001953e+00,1.045565009117126465e+00,1.025084853172302246e+00,1.005566835403442383e+00,9.871144294738769531e-01,9.696955084800720215e-01,9.534944891929626465e-01,9.381068944931030273e-01,9.234846830368041992e-01,9.095842242240905762e-01,8.963649272918701172e-01,8.837897777557373047e-01,8.718245625495910645e-01,8.604375720024108887e-01,8.495997190475463867e-01,8.392838239669799805e-01,8.294649720191955566e-01,8.201202750205993652e-01,8.112283945083618164e-01,8.027687668800354004e-01,7.947235703468322754e-01,7.870751619338989258e-01,7.798080444335937500e-01,7.729071378707885742e-01,7.663586735725402832e-01,7.601498365402221680e-01,7.542688250541687012e-01,7.487043142318725586e-01,7.434461116790771484e-01,7.384846210479736328e-01,7.338109612464904785e-01,7.294169068336486816e-01,7.252947688102722168e-01,7.214374542236328125e-01,7.178384661674499512e-01,7.144917249679565430e-01,7.113917469978332520e-01,7.085334658622741699e-01,7.059124112129211426e-01,7.035239338874816895e-01,7.013645768165588379e-01,6.994307637214660645e-01,6.977196335792541504e-01,6.962284445762634277e-01,6.949547529220581055e-01,6.938967704772949219e-01,6.930527091026306152e-01,6.924214363098144531e-01,6.920019388198852539e-01,6.917935013771057129e-01,6.917958259582519531e-01,6.920089721679687500e-01,6.924331784248352051e-01,6.930691599845886230e-01,6.939179301261901855e-01,6.949806809425354004e-01,6.962592005729675293e-01,6.977553367614746094e-01,6.994714736938476562e-01,7.014101147651672363e-01,7.035744786262512207e-01,7.059681415557861328e-01,7.085945010185241699e-01,7.114580273628234863e-01,7.145634293556213379e-01,7.179157137870788574e-01,7.215203046798706055e-01,7.253834009170532227e-01,7.295115590095520020e-01,7.339117527008056641e-01,7.385917901992797852e-01,7.435598373413085938e-01,7.488246560096740723e-01,7.543960213661193848e-01,7.602842450141906738e-01,7.665006518363952637e-01,7.730566263198852539e-01,7.799655795097351074e-01,7.872411608695983887e-01,7.948980331420898438e-01,8.029522895812988281e-01,8.114212751388549805e-01,8.203231692314147949e-01,8.296779990196228027e-01,8.395076394081115723e-01,8.498348593711853027e-01,8.606848120689392090e-01,8.720841407775878906e-01,8.840628862380981445e-01,8.966518044471740723e-01,9.098857045173645020e-01,9.238018989562988281e-01,9.384405612945556641e-01,9.538456201553344727e-01,9.700654745101928711e-01,9.874690771102905273e-01,1.005941390991210938e+00,1.025481224060058594e+00,1.045984268188476562e+00,1.067666769027709961e+00,1.090673089027404785e+00,1.114856719970703125e+00,1.140492796897888184e+00,1.167806625366210938e+00,1.196454405784606934e+00,1.227323651313781738e+00,1.259837627410888672e+00,1.270300388336181641e+00,1.256527066230773926e+00,1.243423938751220703e+00,1.230962276458740234e+00,1.219115614891052246e+00,1.207859277725219727e+00,1.197170138359069824e+00,1.187027215957641602e+00,1.177410125732421875e+00,1.168300747871398926e+00,1.159681797027587891e+00,1.151537418365478516e+00,1.143852233886718750e+00,1.136613011360168457e+00,1.129806876182556152e+00,1.123421907424926758e+00,1.117447257041931152e+00,1.111872792243957520e+00,1.106688857078552246e+00,1.101887345314025879e+00,1.097460031509399414e+00,1.093400001525878906e+00,1.089700460433959961e+00,1.086355686187744141e+00,1.083360552787780762e+00,1.080709934234619141e+00,1.078400015830993652e+00,1.076427340507507324e+00,1.074788451194763184e+00,1.073481202125549316e+00,1.072503209114074707e+00,1.071853518486022949e+00,1.071530461311340332e+00,esquerda
5.969656944274902344e+00,5.971496582031250000e+00,5.975156307220458984e+00,5.980644702911376953e+00,5.987968921661376953e+00,5.997139453887939453e+00,5.867228031158447266e+00,5.353575706481933594e+00,4.722480297088623047e+00,4.226352214813232422e+00,3.824894666671752930e+00,3.493593931198120117e+00,3.216779232025146484e+00,2.980474233627319336e+00,2.777325868606567383e+00,2.600970268249511719e+00,2.446511030197143555e+00,2.310672283172607422e+00,2.189613342285156250e+00,2.080751657485961914e+00,1.982777833938598633e+00,1.894225358963012695e+00,1.813268542289733887e+00,1.739317059516906738e+00,1.672320961952209473e+00,1.610513687133789062e+00,1.553368091583251953e+00,1.500223875045776367e+00,1.451580047607421875e+00,1.406205415725708008e+00,1.363632440567016602e+00,1.324311852455139160e+00,1.287330627441406250e+00,1.252620577812194824e+00,1.220316886901855469e+00,1.189646124839782715e+00,1.161181330680847168e+00,1.134041666984558105e+00,1.108567714691162109e+00,1.084536910057067871e+00,1.061675071716308594e+00,1.040127992630004883e+00,1.019752621650695801e+00,1.000334262847900391e+00,9.819762110710144043e-01,9.646636843681335449e-01,9.485467076301574707e-01,9.332388639450073242e-01,9.186926484107971191e-01,9.048642516136169434e-01,8.917135000228881836e-01,8.792036771774291992e-01,8.673005104064941406e-01,8.559727072715759277e-01,8.451911211013793945e-01,8.349286913871765137e-01,8.251608014106750488e-01,8.158646821975708008e-01,8.070189356803894043e-01,7.986031174659729004e-01,7.905997037887573242e-01,7.829910516738891602e-01,7.757616043090820312e-01,7.688964605331420898e-01,7.623820900917053223e-01,7.562053799629211426e-01,7.503548264503479004e-01,7.448192238807678223e-01,7.395883202552795410e-01,7.346525192260742188e-01,7.300032377243041992e-01,7.256319522857666016e-01,7.215312719345092773e-01,7.176939249038696289e-01,7.141136527061462402e-01,7.107843160629272461e-01,7.077003717422485352e-01,7.048569917678833008e-01,7.022494077682495117e-01,6.998733878135681152e-01,6.977252364158630371e-01,6.958015561103820801e-01,6.940992474555969238e-01,6.926157474517822266e-01,6.913487315177917480e-01,6.902961730957031250e-01,6.894564628601074219e-01,6.888285279273986816e-01,6.884111762046813965e-01,6.882038712501525879e-01,6.882061958312988281e-01,6.884182095527648926e-01,6.888402700424194336e-01,6.894729733467102051e-01,6.903173327445983887e-01,6.913745999336242676e-01,6.926463842391967773e-01,6.941347718238830566e-01,6.958420276641845703e-01,6.977706551551818848e-01,6.999237537384033203e-01,7.023049592971801758e-01,7.049177885055541992e-01,7.077664732933044434e-01,7.108557224273681641e-01,7.141906023025512695e-01,7.177764773368835449e-01,7.216196060180664062e-01,7.257263064384460449e-01,7.301036715507507324e-01,7.347594499588012695e-01,7.397017478942871094e-01,7.449392676353454590e-01,7.504817843437194824e-01,7.563393712043762207e-01,7.625235319137573242e-01,7.690455317497253418e-01,7.759186029434204102e-01,7.831563949584960938e-01,7.907735705375671387e-01,7.987860441207885742e-01,8.072111010551452637e-01,8.160668015480041504e-01,8.253731727600097656e-01,8.351517319679260254e-01,8.454253077507019043e-01,8.562190532684326172e-01,8.675593137741088867e-01,8.794757723808288574e-01,8.919994831085205078e-01,9.051647186279296875e-01,9.190085530281066895e-01,9.335714578628540039e-01,9.488965868949890137e-01,9.650322198867797852e-01,9.824038743972778320e-01,1.000784158706665039e+00,1.020226240158081055e+00,1.040626525878906250e+00,1.062200546264648438e+00,1.085091352462768555e+00,1.109153747558593750e+00,1.134661078453063965e+00,1.161837577819824219e+00,1.190341114997863770e+00,1.221055269241333008e+00,1.253405451774597168e+00,1.270299434661865234e+00,1.256526231765747070e+00,1.243423104286193848e+00,1.230961561203002930e+00,1.219114899635314941e+00,1.207858443260192871e+00,1.197169542312622070e+00,1.187026500701904297e+00,1.177409410476684570e+00,1.168300032615661621e+00,1.159680962562561035e+00,1.151536583900451660e+00,1.143851399421691895e+00,1.136612176895141602e+00,1.129806160926818848e+00,1.123421311378479004e+00,1.117446541786193848e+00,1.111871957778930664e+00,1.106688141822814941e+00,1.101886630058288574e+00,1.097459197044372559e+00,1.093399286270141602e+00,1.089699745178222656e+00,1.086354970932006836e+00,1.083359837532043457e+00,1.080709218978881836e+00,1.078399419784545898e+00,1.076426625251770020e+00,1.074787735939025879e+00,1.073480367660522461e+00,1.072502493858337402e+00,1.071852803230285645e+00,1.071529746055603027e+00,esquerda
5.969656467437744141e+00,5.971496105194091797e+00,5.975155830383300781e+00,5.980644226074218750e+00,5.987968921661376953e+00,5.997139453887939453e+00,5.850976467132568359e+00,5.325995445251464844e+00,4.697975635528564453e+00,4.204297065734863281e+00,3.804842710494995117e+00,3.475267410278320312e+00,3.199924230575561523e+00,2.964871883392333984e+00,2.762797832489013672e+00,2.587373495101928711e+00,2.433728218078613281e+00,2.298604488372802734e+00,2.178181886672973633e+00,2.069891452789306641e+00,1.972431182861328125e+00,1.884342551231384277e+00,1.803809523582458496e+00,1.730244755744934082e+00,1.663598537445068359e+00,1.602114200592041016e+00,1.545266628265380859e+00,1.492399215698242188e+00,1.444008708000183105e+00,1.398870468139648438e+00,1.356518745422363281e+00,1.317402362823486328e+00,1.280613183975219727e+00,1.246083378791809082e+00,1.213947176933288574e+00,1.183435201644897461e+00,1.155117750167846680e+00,1.128118395805358887e+00,1.102776050567626953e+00,1.078869342803955078e+00,1.056125402450561523e+00,1.034689307212829590e+00,1.014418721199035645e+00,9.951002001762390137e-01,9.768362045288085938e-01,9.596308469772338867e-01,9.435978531837463379e-01,9.283699393272399902e-01,9.138996601104736328e-01,9.001432657241821289e-01,8.870611786842346191e-01,8.746167421340942383e-01,8.627755641937255859e-01,8.515068292617797852e-01,8.407815098762512207e-01,8.305725455284118652e-01,8.208556175231933594e-01,8.116080760955810547e-01,8.028083443641662598e-01,7.944365143775939941e-01,7.864748239517211914e-01,7.789059281349182129e-01,7.717141509056091309e-01,7.648848891258239746e-01,7.584044933319091797e-01,7.522600293159484863e-01,7.464400529861450195e-01,7.409332990646362305e-01,7.357296943664550781e-01,7.308196425437927246e-01,7.261945605278015137e-01,7.218461036682128906e-01,7.177667617797851562e-01,7.139495015144348145e-01,7.103877663612365723e-01,7.070758342742919922e-01,7.040080428123474121e-01,7.011795043945312500e-01,6.985855102539062500e-01,6.962218880653381348e-01,6.940848827362060547e-01,6.921712756156921387e-01,6.904778480529785156e-01,6.890020966529846191e-01,6.877416372299194336e-01,6.866946816444396973e-01,6.858593821525573730e-01,6.852346658706665039e-01,6.848194599151611328e-01,6.846131682395935059e-01,6.846154928207397461e-01,6.848264336585998535e-01,6.852462887763977051e-01,6.858755946159362793e-01,6.867156028747558594e-01,6.877673268318176270e-01,6.890326142311096191e-01,6.905131340026855469e-01,6.922114491462707520e-01,6.941300034523010254e-01,6.962718963623046875e-01,6.986407637596130371e-01,7.012398838996887207e-01,7.040736675262451172e-01,7.071468234062194824e-01,7.104643583297729492e-01,7.140314579010009766e-01,7.178544998168945312e-01,7.219398021697998047e-01,7.262943387031555176e-01,7.309257984161376953e-01,7.358422279357910156e-01,7.410523891448974609e-01,7.465660572052001953e-01,7.523931860923767090e-01,7.585450410842895508e-01,7.650328874588012695e-01,7.718701958656311035e-01,7.790701985359191895e-01,7.866476774215698242e-01,7.946181893348693848e-01,8.029993772506713867e-01,8.118089437484741211e-01,8.210666775703430176e-01,8.307942748069763184e-01,8.410142660140991211e-01,8.517515659332275391e-01,8.630326390266418457e-01,8.748869299888610840e-01,8.873453140258789062e-01,9.004418253898620605e-01,9.142135381698608398e-01,9.287003874778747559e-01,9.439455270767211914e-01,9.599969983100891113e-01,9.772711992263793945e-01,9.955574870109558105e-01,1.014900207519531250e+00,1.035196185111999512e+00,1.056659460067749023e+00,1.079432964324951172e+00,1.103371739387512207e+00,1.128747940063476562e+00,1.155784845352172852e+00,1.184141635894775391e+00,1.214697837829589844e+00,1.246881008148193359e+00,1.269098997116088867e+00,1.256525635719299316e+00,1.243422627449035645e+00,1.230961203575134277e+00,1.219114542007446289e+00,1.207858085632324219e+00,1.197169065475463867e+00,1.187026023864746094e+00,1.177409172058105469e+00,1.168299674987792969e+00,1.159680724143981934e+00,1.151536226272583008e+00,1.143851161003112793e+00,1.136611938476562500e+00,1.129805922508239746e+00,1.123421072959899902e+00,1.117446422576904297e+00,1.111871719360351562e+00,1.106687903404235840e+00,1.101886391639709473e+00,1.097459077835083008e+00,1.093399167060852051e+00,1.089699506759643555e+00,1.086354851722717285e+00,1.083359837532043457e+00,1.080709099769592285e+00,1.078399300575256348e+00,1.076426625251770020e+00,1.074787735939025879e+00,1.073480248451232910e+00,1.072502374649047852e+00,1.071852803230285645e+00,1.071529865264892578e+00,esquerda
5.969658851623535156e+00,5.971498489379882812e+00,5.975157737731933594e+00,5.980646133422851562e+00,5.987970352172851562e+00,5.997141361236572266e+00,5.835413932800292969e+00,5.299715042114257812e+00,4.674818038940429688e+00,4.183588027954101562e+00,3.786109447479248047e+00,3.458104372024536133e+00,3.184051752090454102e+00,2.950109481811523438e+00,2.748996257781982422e+00,2.574410676956176758e+00,2.421503543853759766e+00,2.287032127380371094e+00,2.167192697525024414e+00,2.059428691864013672e+00,1.962443470954895020e+00,1.874785304069519043e+00,1.794646620750427246e+00,1.721442818641662598e+00,1.655124306678771973e+00,1.593942880630493164e+00,1.537375688552856445e+00,1.484769344329833984e+00,1.436618089675903320e+00,1.391703128814697266e+00,1.349561333656311035e+00,1.310639023780822754e+00,1.274032473564147949e+00,1.239673852920532227e+00,1.207697272300720215e+00,1.177336931228637695e+00,1.149160265922546387e+00,1.122295022010803223e+00,1.097078800201416016e+00,1.073290586471557617e+00,1.050659656524658203e+00,1.029330015182495117e+00,1.009160041809082031e+00,9.899373054504394531e-01,9.717637896537780762e-01,9.545980691909790039e-01,9.386491179466247559e-01,9.235011339187622070e-01,9.091066122055053711e-01,8.954225778579711914e-01,8.824090361595153809e-01,8.700297474861145020e-01,8.582507371902465820e-01,8.470411300659179688e-01,8.363720178604125977e-01,8.262166380882263184e-01,8.165506124496459961e-01,8.073515892028808594e-01,7.985980510711669922e-01,7.902701497077941895e-01,7.823501825332641602e-01,7.748209238052368164e-01,7.676669359207153320e-01,7.608734369277954102e-01,7.544269561767578125e-01,7.483147382736206055e-01,7.425253987312316895e-01,7.370474934577941895e-01,7.318711280822753906e-01,7.269868254661560059e-01,7.223860025405883789e-01,7.180603146553039551e-01,7.140024900436401367e-01,7.102051377296447754e-01,7.066621780395507812e-01,7.033675909042358398e-01,7.003158330917358398e-01,6.975021362304687500e-01,6.949217915534973145e-01,6.925705671310424805e-01,6.904447674751281738e-01,6.885411739349365234e-01,6.868566870689392090e-01,6.853886842727661133e-01,6.841348409652709961e-01,6.830932497978210449e-01,6.822623014450073242e-01,6.816409230232238770e-01,6.812278628349304199e-01,6.810227632522583008e-01,6.810251474380493164e-01,6.812348961830139160e-01,6.816524863243103027e-01,6.822785735130310059e-01,6.831141114234924316e-01,6.841604709625244141e-01,6.854189634323120117e-01,6.868917942047119141e-01,6.885811686515808105e-01,6.904897093772888184e-01,6.926203966140747070e-01,6.949767470359802246e-01,6.975622177124023438e-01,7.003812193870544434e-01,7.034382820129394531e-01,7.067383527755737305e-01,7.102867960929870605e-01,7.140897512435913086e-01,7.181535959243774414e-01,7.224853634834289551e-01,7.270924448966979980e-01,7.319831252098083496e-01,7.371659874916076660e-01,7.426507472991943359e-01,7.484472393989562988e-01,7.545668482780456543e-01,7.610207200050354004e-01,7.678220868110656738e-01,7.749843597412109375e-01,7.825220227241516113e-01,7.904509305953979492e-01,7.987880706787109375e-01,8.075513839721679688e-01,8.167605400085449219e-01,8.264371156692504883e-01,8.366037011146545410e-01,8.472846746444702148e-01,8.585064411163330078e-01,8.702987432479858398e-01,8.826916813850402832e-01,8.957194685935974121e-01,9.094190597534179688e-01,9.238298535346984863e-01,9.389950037002563477e-01,9.549624323844909668e-01,9.721381664276123047e-01,9.903327822685241699e-01,1.009578466415405273e+00,1.029772520065307617e+00,1.051128029823303223e+00,1.073787093162536621e+00,1.097605466842651367e+00,1.122853994369506836e+00,1.149754762649536133e+00,1.177968978881835938e+00,1.208371400833129883e+00,1.240393042564392090e+00,1.264924883842468262e+00,1.256524562835693359e+00,1.243421554565429688e+00,1.230959892272949219e+00,1.219113230705261230e+00,1.207856893539428711e+00,1.197167873382568359e+00,1.187024950981140137e+00,1.177407979965209961e+00,1.168298482894897461e+00,1.159679532051086426e+00,1.151535034179687500e+00,1.143850088119506836e+00,1.136610865592956543e+00,1.129804730415344238e+00,1.123419761657714844e+00,1.117445111274719238e+00,1.111870527267456055e+00,1.106686830520629883e+00,1.101885199546813965e+00,1.097457885742187500e+00,1.093397974967956543e+00,1.089698314666748047e+00,1.086353540420532227e+00,1.083358526229858398e+00,1.080707788467407227e+00,1.078397989273071289e+00,1.076425313949584961e+00,1.074786305427551270e+00,1.073478937149047852e+00,1.072501063346862793e+00,1.071851372718811035e+00,1.071528434753417969e+00,esquerda
5.969659328460693359e+00,5.971498966217041016e+00,5.975158691406250000e+00,5.980646610260009766e+00,5.987970829010009766e+00,5.997141838073730469e+00,5.818630218505859375e+00,5.271403312683105469e+00,4.649916172027587891e+00,4.161352157592773438e+00,3.766021013259887695e+00,3.439781665802001953e+00,3.167199611663818359e+00,2.934510231018066406e+00,2.734471321105957031e+00,2.560816526412963867e+00,2.408724308013916016e+00,2.274966955184936523e+00,2.155763864517211914e+00,2.048571109771728516e+00,1.952099323272705078e+00,1.864904999732971191e+00,1.785189747810363770e+00,1.712372660636901855e+00,1.646404147148132324e+00,1.585545182228088379e+00,1.529275894165039062e+00,1.476946711540222168e+00,1.429048776626586914e+00,1.384369969367980957e+00,1.342449545860290527e+00,1.303731203079223633e+00,1.267316579818725586e+00,1.233138084411621094e+00,1.201329112052917480e+00,1.171127438545227051e+00,1.143098115921020508e+00,1.116373300552368164e+00,1.091288447380065918e+00,1.067624449729919434e+00,1.045111536979675293e+00,1.023892760276794434e+00,1.003827571868896484e+00,9.847044348716735840e-01,9.666251540184020996e-01,9.495649933815002441e-01,9.337001442909240723e-01,9.186320900917053223e-01,9.043133854866027832e-01,8.907015323638916016e-01,8.777565956115722656e-01,8.654426932334899902e-01,8.537257313728332520e-01,8.425751328468322754e-01,8.319624066352844238e-01,8.218604326248168945e-01,8.122454881668090820e-01,8.030949234962463379e-01,7.943874597549438477e-01,7.861034870147705078e-01,7.782253623008728027e-01,7.707357406616210938e-01,7.636194825172424316e-01,7.568618059158325195e-01,7.504494190216064453e-01,7.443694472312927246e-01,7.386105060577392578e-01,7.331615090370178223e-01,7.280124425888061523e-01,7.231538891792297363e-01,7.185773253440856934e-01,7.142744660377502441e-01,7.102378606796264648e-01,7.064606547355651855e-01,7.029364705085754395e-01,6.996591687202453613e-01,6.966235637664794922e-01,6.938247084617614746e-01,6.912578940391540527e-01,6.889190673828125000e-01,6.868045330047607422e-01,6.849109530448913574e-01,6.832352876663208008e-01,6.817750334739685059e-01,6.805278062820434570e-01,6.794917583465576172e-01,6.786651611328125000e-01,6.780470609664916992e-01,6.776362061500549316e-01,6.774322390556335449e-01,6.774345040321350098e-01,6.776431202888488770e-01,6.780585646629333496e-01,6.786813139915466309e-01,6.795125007629394531e-01,6.805532574653625488e-01,6.818051934242248535e-01,6.832702755928039551e-01,6.849507093429565430e-01,6.868491172790527344e-01,6.889685988426208496e-01,6.913126111030578613e-01,6.938844323158264160e-01,6.966885328292846680e-01,6.997295022010803223e-01,7.030121684074401855e-01,7.065419554710388184e-01,7.103248238563537598e-01,7.143672704696655273e-01,7.186761498451232910e-01,7.232589721679687500e-01,7.281239032745361328e-01,7.332794070243835449e-01,7.387351989746093750e-01,7.445011734962463379e-01,7.505885362625122070e-01,7.570084333419799805e-01,7.637739181518554688e-01,7.708984613418579102e-01,7.783964276313781738e-01,7.862834334373474121e-01,7.945765852928161621e-01,8.032938241958618164e-01,8.124544620513916016e-01,8.220799565315246582e-01,8.321927785873413086e-01,8.428175449371337891e-01,8.539801836013793945e-01,8.657101392745971680e-01,8.780378699302673340e-01,8.909969925880432129e-01,9.046243429183959961e-01,9.189591407775878906e-01,9.340444207191467285e-01,9.499275684356689453e-01,9.670053720474243164e-01,9.851061105728149414e-01,1.004252314567565918e+00,1.024342060089111328e+00,1.045586943626403809e+00,1.068128466606140137e+00,1.091823339462280273e+00,1.116940736770629883e+00,1.143701791763305664e+00,1.171769380569458008e+00,1.202013492584228516e+00,1.233868360519409180e+00,1.260725140571594238e+00,1.256523847579956055e+00,1.243420720100402832e+00,1.230959296226501465e+00,1.219112634658813477e+00,1.207856178283691406e+00,1.197167277336120605e+00,1.187024235725402832e+00,1.177407145500183105e+00,1.168297886848449707e+00,1.159678816795349121e+00,1.151534438133239746e+00,1.143849253654479980e+00,1.136610031127929688e+00,1.129804015159606934e+00,1.123419165611267090e+00,1.117444396018981934e+00,1.111869931221008301e+00,1.106685996055603027e+00,1.101884603500366211e+00,1.097457170486450195e+00,1.093397259712219238e+00,1.089697718620300293e+00,1.086352944374084473e+00,1.083357810974121094e+00,1.080707192420959473e+00,1.078397393226623535e+00,1.076424598693847656e+00,1.074785709381103516e+00,1.073478341102600098e+00,1.072500467300415039e+00,1.071850776672363281e+00,1.071527719497680664e+00,esquerda
5.969658851623535156e+00,5.971498489379882812e+00,5.975157737731933594e+00,5.980646133422851562e+00,5.987970829010009766e+00,5.997141838073730469e+00,5.801805496215820312e+00,5.243023395538330078e+00,4.624953746795654297e+00,4.139062404632568359e+00,3.745883703231811523e+00,3.421416759490966797e+00,3.150311946868896484e+00,2.918879985809326172e+00,2.719919681549072266e+00,2.547199010848999023e+00,2.395922899246215820e+00,2.262882947921752930e+00,2.144317626953125000e+00,2.037698030471801758e+00,1.941741466522216797e+00,1.855012059211730957e+00,1.775721430778503418e+00,1.703291893005371094e+00,1.637674093246459961e+00,1.577138423919677734e+00,1.521167755126953125e+00,1.469116091728210449e+00,1.421471953392028809e+00,1.377029657363891602e+00,1.335330963134765625e+00,1.296817541122436523e+00,1.260595202445983887e+00,1.226597070693969727e+00,1.194955587387084961e+00,1.164913415908813477e+00,1.137031435966491699e+00,1.110447287559509277e+00,1.085494279861450195e+00,1.061954379081726074e+00,1.039559364318847656e+00,1.018451690673828125e+00,9.984914660453796387e-01,9.794684052467346191e-01,9.614832997322082520e-01,9.445329308509826660e-01,9.287522435188293457e-01,9.137639999389648438e-01,8.995211720466613770e-01,8.859814405441284180e-01,8.731051087379455566e-01,8.608564138412475586e-01,8.492015600204467773e-01,8.381100893020629883e-01,8.275535106658935547e-01,8.175051808357238770e-01,8.079412579536437988e-01,7.988390326499938965e-01,7.901778221130371094e-01,7.819377183914184570e-01,7.741013169288635254e-01,7.666515111923217773e-01,7.595727443695068359e-01,7.528510093688964844e-01,7.464725375175476074e-01,7.404248118400573730e-01,7.346963882446289062e-01,7.292762398719787598e-01,7.241545319557189941e-01,7.193217277526855469e-01,7.147693634033203125e-01,7.104893326759338379e-01,7.064741849899291992e-01,7.027170062065124512e-01,6.992113590240478516e-01,6.959514021873474121e-01,6.929318904876708984e-01,6.901478767395019531e-01,6.875947117805480957e-01,6.852682828903198242e-01,6.831649541854858398e-01,6.812813878059387207e-01,6.796146035194396973e-01,6.781620383262634277e-01,6.769215464591979980e-01,6.758909821510314941e-01,6.750687360763549805e-01,6.744539141654968262e-01,6.740452647209167480e-01,6.738422513008117676e-01,6.738445162773132324e-01,6.740521192550659180e-01,6.744653582572937012e-01,6.750848293304443359e-01,6.759116053581237793e-01,6.769468784332275391e-01,6.781920790672302246e-01,6.796494126319885254e-01,6.813209652900695801e-01,6.832094192504882812e-01,6.853176355361938477e-01,6.876491904258728027e-01,6.902073621749877930e-01,6.929965615272521973e-01,6.960214376449584961e-01,6.992867588996887207e-01,7.027977108955383301e-01,7.065606713294982910e-01,7.105816602706909180e-01,7.148676514625549316e-01,7.194262742996215820e-01,7.242654561996459961e-01,7.293936014175415039e-01,7.348204255104064941e-01,7.405559420585632324e-01,7.466109395027160645e-01,7.529968023300170898e-01,7.597264647483825684e-01,7.668132185935974121e-01,7.742715477943420410e-01,7.821166515350341797e-01,7.903659343719482422e-01,7.990369200706481934e-01,8.081490993499755859e-01,8.177235126495361328e-01,8.277828097343444824e-01,8.383511900901794434e-01,8.494547009468078613e-01,8.611225485801696777e-01,8.733849525451660156e-01,8.862755298614501953e-01,8.998303413391113281e-01,9.140893816947937012e-01,9.290947318077087402e-01,9.448935985565185547e-01,9.618729352951049805e-01,9.798798561096191406e-01,9.989266395568847656e-01,1.018911838531494141e+00,1.040046215057373047e+00,1.062470436096191406e+00,1.086041688919067383e+00,1.111028075218200684e+00,1.137649178504943848e+00,1.165570020675659180e+00,1.195655941963195801e+00,1.227343916893005371e+00,1.256525635719299316e+00,1.256523251533508301e+00,1.243420124053955078e+00,1.230958700180053711e+00,1.219112038612365723e+00,1.207855701446533203e+00,1.197166800498962402e+00,1.187023758888244629e+00,1.177406787872314453e+00,1.168297529220581055e+00,1.159678578376770020e+00,1.151534080505371094e+00,1.143848896026611328e+00,1.136609792709350586e+00,1.129803776741027832e+00,1.123418927192687988e+00,1.117444157600402832e+00,1.111869812011718750e+00,1.106685757637023926e+00,1.101884484291076660e+00,1.097456932067871094e+00,1.093397140502929688e+00,1.089697480201721191e+00,1.086352705955505371e+00,1.083357572555541992e+00,1.080706954002380371e+00,1.078397154808044434e+00,1.076424479484558105e+00,1.074785470962524414e+00,1.073478102684020996e+00,1.072500228881835938e+00,1.071850657463073730e+00,1.071527600288391113e+00,esquerda
5.969659328460693359e+00,5.971498966217041016e+00,5.975158214569091797e+00,5.980646610260009766e+00,5.987971305847167969e+00,5.997142314910888672e+00,5.786736488342285156e+00,5.217419147491455078e+00,4.602158546447753906e+00,4.118513107299804688e+00,3.727175235748291016e+00,3.404242038726806641e+00,3.134430170059204102e+00,2.904109716415405273e+00,2.706111669540405273e+00,2.534230947494506836e+00,2.383693695068359375e+00,2.251306772232055664e+00,2.133325576782226562e+00,2.027232408523559570e+00,1.931751251220703125e+00,1.845452666282653809e+00,1.766556978225708008e+00,1.694488525390625000e+00,1.629198789596557617e+00,1.568966031074523926e+00,1.513276100158691406e+00,1.461485624313354492e+00,1.414080977439880371e+00,1.369861960411071777e+00,1.328373312950134277e+00,1.290053963661193848e+00,1.254014253616333008e+00,1.220187664031982422e+00,1.188705921173095703e+00,1.158815383911132812e+00,1.131074190139770508e+00,1.104624152183532715e+00,1.079797029495239258e+00,1.056376099586486816e+00,1.034094095230102539e+00,1.013092994689941406e+00,9.932333827018737793e-01,9.743060469627380371e-01,9.564114809036254883e-01,9.395022988319396973e-01,9.238057136535644531e-01,9.088971614837646484e-01,8.947303295135498047e-01,8.812626004219055176e-01,8.684549331665039062e-01,8.562713265419006348e-01,8.446786999702453613e-01,8.336462378501892090e-01,8.231458663940429688e-01,8.131511807441711426e-01,8.036381006240844727e-01,7.945843935012817383e-01,7.859692573547363281e-01,7.777730822563171387e-01,7.699784040451049805e-01,7.625682353973388672e-01,7.555273175239562988e-01,7.488413453102111816e-01,7.424967885017395020e-01,7.364812493324279785e-01,7.307833433151245117e-01,7.253921031951904297e-01,7.202976942062377930e-01,7.154905200004577637e-01,7.109624147415161133e-01,7.067052125930786133e-01,7.027115225791931152e-01,6.989743113517761230e-01,6.954872608184814453e-01,6.922447681427001953e-01,6.892413496971130371e-01,6.864721775054931641e-01,6.839326024055480957e-01,6.816185712814331055e-01,6.795263290405273438e-01,6.776528358459472656e-01,6.759950518608093262e-01,6.745502352714538574e-01,6.733162403106689453e-01,6.722911596298217773e-01,6.714732646942138672e-01,6.708617806434631348e-01,6.704553365707397461e-01,6.702533960342407227e-01,6.702556610107421875e-01,6.704621315002441406e-01,6.708731055259704590e-01,6.714892983436584473e-01,6.723117232322692871e-01,6.733413934707641602e-01,6.745800375938415527e-01,6.760296225547790527e-01,6.776922345161437988e-01,6.795706152915954590e-01,6.816675662994384766e-01,6.839867234230041504e-01,6.865313053131103516e-01,6.893056631088256836e-01,6.923144459724426270e-01,6.955623030662536621e-01,6.990547180175781250e-01,7.027974724769592285e-01,7.067970633506774902e-01,7.110602855682373047e-01,7.155945897102355957e-01,7.204079627990722656e-01,7.255087494850158691e-01,7.309067845344543457e-01,7.366117238998413086e-01,7.426345348358154297e-01,7.489863038063049316e-01,7.556802034378051758e-01,7.627292275428771973e-01,7.701478004455566406e-01,7.779511213302612305e-01,7.861564159393310547e-01,7.947812080383300781e-01,8.038448095321655273e-01,8.133683800697326660e-01,8.233740329742431641e-01,8.338862061500549316e-01,8.449306488037109375e-01,8.565362691879272461e-01,8.687333464622497559e-01,8.815551400184631348e-01,8.950378894805908203e-01,9.092209339141845703e-01,9.241464138031005859e-01,9.398611783981323242e-01,9.567403197288513184e-01,9.746533036231994629e-01,9.936006665229797363e-01,1.013481616973876953e+00,1.034505367279052734e+00,1.056812167167663574e+00,1.080259799957275391e+00,1.105115175247192383e+00,1.131596565246582031e+00,1.159370779991149902e+00,1.189298391342163086e+00,1.220819830894470215e+00,1.252326488494873047e+00,1.256522536277770996e+00,1.243419408798217773e+00,1.230957984924316406e+00,1.219111442565917969e+00,1.207854986190795898e+00,1.197166085243225098e+00,1.187023162841796875e+00,1.177406072616577148e+00,1.168296694755554199e+00,1.159677743911743164e+00,1.151533365249633789e+00,1.143848299980163574e+00,1.136609077453613281e+00,1.129803180694580078e+00,1.123418331146240234e+00,1.117443561553955078e+00,1.111868977546691895e+00,1.106685161590576172e+00,1.101883888244628906e+00,1.097456336021423340e+00,1.093396425247192383e+00,1.089696764945983887e+00,1.086352229118347168e+00,1.083356976509094238e+00,1.080706357955932617e+00,1.078396558761596680e+00,1.076423883438110352e+00,1.074784994125366211e+00,1.073477506637573242e+00,1.072499632835388184e+00,1.071850061416625977e+00,1.071527004241943359e+00,esquerda
5.969661235809326172e+00,5.971500873565673828e+00,5.975160598754882812e+00,5.980648517608642578e+00,5.987972736358642578e+00,5.997143745422363281e+00,5.769958019256591797e+00,5.189114570617675781e+00,4.577261447906494141e+00,4.096280097961425781e+00,3.707089424133300781e+00,3.385921716690063477e+00,3.117580413818359375e+00,2.888511896133422852e+00,2.691587686538696289e+00,2.520637512207031250e+00,2.370914459228515625e+00,2.239241838455200195e+00,2.121896266937255859e+00,2.016374826431274414e+00,1.921407222747802734e+00,1.835572361946105957e+00,1.757100224494934082e+00,1.685418367385864258e+00,1.620478272438049316e+00,1.560568213462829590e+00,1.505176186561584473e+00,1.453662514686584473e+00,1.406511306762695312e+00,1.362528324127197266e+00,1.321261048316955566e+00,1.283145904541015625e+00,1.247298121452331543e+00,1.213651657104492188e+00,1.182337403297424316e+00,1.152605414390563965e+00,1.125011563301086426e+00,1.098701834678649902e+00,1.074006438255310059e+00,1.050709605216979980e+00,1.028545379638671875e+00,1.007655143737792969e+00,9.879003167152404785e-01,9.690726399421691895e-01,9.512724280357360840e-01,9.344694614410400391e-01,9.188567996025085449e-01,9.040281772613525391e-01,8.899372220039367676e-01,8.765417337417602539e-01,8.638025522232055664e-01,8.516843914985656738e-01,8.401538133621215820e-01,8.291804790496826172e-01,8.187363147735595703e-01,8.087951540946960449e-01,7.993329763412475586e-01,7.903277873992919922e-01,7.817588448524475098e-01,7.736065983772277832e-01,7.658537030220031738e-01,7.584831118583679199e-01,7.514799237251281738e-01,7.448297739028930664e-01,7.385193109512329102e-01,7.325359582901000977e-01,7.268685102462768555e-01,7.215061783790588379e-01,7.164390683174133301e-01,7.116577625274658203e-01,7.071538567543029785e-01,7.029194235801696777e-01,6.989470720291137695e-01,6.952298879623413086e-01,6.917616724967956543e-01,6.885364651679992676e-01,6.855490803718566895e-01,6.827947497367858887e-01,6.802687644958496094e-01,6.779671311378479004e-01,6.758862733840942383e-01,6.740226745605468750e-01,6.723737120628356934e-01,6.709367036819458008e-01,6.697093248367309570e-01,6.686896681785583496e-01,6.678763031959533691e-01,6.672679781913757324e-01,6.668636202812194824e-01,6.666628718376159668e-01,6.666651964187622070e-01,6.668705344200134277e-01,6.672793626785278320e-01,6.678921580314636230e-01,6.687101125717163086e-01,6.697343587875366211e-01,6.709663867950439453e-01,6.724082231521606445e-01,6.740618944168090820e-01,6.759302020072937012e-01,6.780160069465637207e-01,6.803226470947265625e-01,6.828536987304687500e-01,6.856131553649902344e-01,6.886057257652282715e-01,6.918362975120544434e-01,6.953099370002746582e-01,6.990326642990112305e-01,7.030108571052551270e-01,7.072511911392211914e-01,7.117611765861511230e-01,7.165488004684448242e-01,7.216223478317260742e-01,7.269913554191589355e-01,7.326657176017761230e-01,7.386563420295715332e-01,7.449741363525390625e-01,7.516321539878845215e-01,7.586432695388793945e-01,7.660220861434936523e-01,7.737837433815002441e-01,7.819451093673706055e-01,7.905236482620239258e-01,7.995386719703674316e-01,8.090112209320068359e-01,8.189632892608642578e-01,8.294190764427185059e-01,8.404043316841125488e-01,8.519479036331176758e-01,8.640795946121215820e-01,8.768326640129089355e-01,8.902432918548583984e-01,9.043503403663635254e-01,9.191957712173461914e-01,9.348264932632446289e-01,9.516073465347290039e-01,9.694263339042663574e-01,9.882743954658508301e-01,1.008050680160522461e+00,1.028963923454284668e+00,1.051153182983398438e+00,1.074477195739746094e+00,1.099201679229736328e+00,1.125543117523193359e+00,1.153170466423034668e+00,1.182939887046813965e+00,1.214294314384460449e+00,1.247985005378723145e+00,1.256432414054870605e+00,1.243418335914611816e+00,1.230956792831420898e+00,1.219110131263732910e+00,1.207853794097900391e+00,1.197164893150329590e+00,1.187021970748901367e+00,1.177404880523681641e+00,1.168295502662658691e+00,1.159676671028137207e+00,1.151532173156738281e+00,1.143847107887268066e+00,1.136607885360717773e+00,1.129801869392395020e+00,1.123416900634765625e+00,1.117442250251770020e+00,1.111867666244506836e+00,1.106683969497680664e+00,1.101882457733154297e+00,1.097455143928527832e+00,1.093395113945007324e+00,1.089695453643798828e+00,1.086350798606872559e+00,1.083355665206909180e+00,1.080705165863037109e+00,1.078395247459411621e+00,1.076422572135925293e+00,1.074783563613891602e+00,1.073476195335388184e+00,1.072498321533203125e+00,1.071848630905151367e+00,1.071525692939758301e+00,esquerda
5.969661712646484375e+00,5.971501350402832031e+00,5.975161075592041016e+00,5.980649471282958984e+00,5.987973690032958984e+00,5.997144222259521484e+00,5.753185272216796875e+00,5.160820007324218750e+00,4.552372455596923828e+00,4.074054241180419922e+00,3.687007427215576172e+00,3.367603302001953125e+00,3.100731849670410156e+00,2.872915506362915039e+00,2.677065372467041016e+00,2.507045984268188477e+00,2.358136415481567383e+00,2.227178335189819336e+00,2.110468864440917969e+00,2.005517959594726562e+00,1.911064028739929199e+00,1.825692653656005859e+00,1.747644066810607910e+00,1.676348686218261719e+00,1.611758589744567871e+00,1.552170753479003906e+00,1.497076749801635742e+00,1.445840239524841309e+00,1.398941993713378906e+00,1.355195283889770508e+00,1.314149260520935059e+00,1.276238203048706055e+00,1.240582466125488281e+00,1.207115888595581055e+00,1.175969123840332031e+00,1.146396160125732422e+00,1.118949532508850098e+00,1.092780113220214844e+00,1.068216323852539062e+00,1.045043230056762695e+00,1.022996902465820312e+00,1.002217650413513184e+00,9.825677275657653809e-01,9.638397693634033203e-01,9.461334943771362305e-01,9.294364452362060547e-01,9.139080047607421875e-01,8.991593122482299805e-01,8.851442337036132812e-01,8.718208074569702148e-01,8.591502904891967773e-01,8.470973372459411621e-01,8.356288075447082520e-01,8.247146010398864746e-01,8.143267631530761719e-01,8.044390082359313965e-01,7.950279116630554199e-01,7.860712409019470215e-01,7.775484919548034668e-01,7.694401144981384277e-01,7.617288827896118164e-01,7.543980479240417480e-01,7.474325895309448242e-01,7.408182621002197266e-01,7.345417141914367676e-01,7.285905480384826660e-01,7.229537963867187500e-01,7.176203131675720215e-01,7.125805020332336426e-01,7.078248262405395508e-01,7.033452391624450684e-01,6.991336941719055176e-01,6.951826810836791992e-01,6.914855241775512695e-01,6.880359053611755371e-01,6.848281025886535645e-01,6.818569302558898926e-01,6.791173815727233887e-01,6.766049861907958984e-01,6.743157505989074707e-01,6.722460389137268066e-01,6.703925132751464844e-01,6.687524318695068359e-01,6.673231124877929688e-01,6.661023497581481934e-01,6.650882363319396973e-01,6.642791628837585449e-01,6.636741757392883301e-01,6.632721424102783203e-01,6.630723476409912109e-01,6.630746126174926758e-01,6.632788777351379395e-01,6.636854410171508789e-01,6.642950177192687988e-01,6.651086211204528809e-01,6.661273241043090820e-01,6.673526763916015625e-01,6.687867045402526855e-01,6.704314947128295898e-01,6.722897291183471680e-01,6.743643283843994141e-01,6.766585707664489746e-01,6.791759133338928223e-01,6.819205284118652344e-01,6.848970651626586914e-01,6.881101131439208984e-01,6.915650963783264160e-01,6.952677965164184570e-01,6.992245316505432129e-01,7.034420371055603027e-01,7.079278230667114258e-01,7.126896381378173828e-01,7.177358865737915039e-01,7.230759859085083008e-01,7.287197113037109375e-01,7.346780300140380859e-01,7.409617900848388672e-01,7.475839257240295410e-01,7.545574307441711426e-01,7.618965506553649902e-01,7.696163058280944824e-01,7.777336835861206055e-01,7.862660884857177734e-01,7.952325344085693359e-01,8.046540617942810059e-01,8.145525455474853516e-01,8.249520659446716309e-01,8.358781337738037109e-01,8.473594188690185547e-01,8.594258427619934082e-01,8.721102476119995117e-01,8.854486346244812012e-01,8.994796872138977051e-01,9.142451882362365723e-01,9.297916889190673828e-01,9.465405941009521484e-01,9.642680883407592773e-01,9.830184578895568848e-01,1.002692222595214844e+00,1.023496866226196289e+00,1.045570731163024902e+00,1.068773388862609863e+00,1.093368887901306152e+00,1.119572997093200684e+00,1.147056341171264648e+00,1.176670432090759277e+00,1.207861065864562988e+00,1.241375923156738281e+00,1.254872083663940430e+00,1.243416428565979004e+00,1.230955004692077637e+00,1.219108343124389648e+00,1.207852005958557129e+00,1.197163105010986328e+00,1.187020063400268555e+00,1.177403092384338379e+00,1.168293952941894531e+00,1.159674763679504395e+00,1.151530504226684570e+00,1.143845438957214355e+00,1.136606097221374512e+00,1.129800200462341309e+00,1.123415350914001465e+00,1.117440819740295410e+00,1.111866116523742676e+00,1.106682300567626953e+00,1.101880788803100586e+00,1.097453355789184570e+00,1.093393445014953613e+00,1.089693903923034668e+00,1.086349129676818848e+00,1.083353996276855469e+00,1.080703496932983398e+00,1.078393578529357910e+00,1.076420903205871582e+00,1.074782013893127441e+00,1.073474645614624023e+00,1.072496771812438965e+00,1.071847081184387207e+00,1.071524024009704590e+00,esquerda
5.969661235809326172e+00,5.971500873565673828e+00,5.975160598754882812e+00,5.980648994445800781e+00,5.987973690032958984e+00,5.997144222259521484e+00,5.736417293548583984e+00,5.132532596588134766e+00,4.527488708496093750e+00,4.051831722259521484e+00,3.666929006576538086e+00,3.349288463592529297e+00,3.083886861801147461e+00,2.857321739196777344e+00,2.662544965744018555e+00,2.493455171585083008e+00,2.345359325408935547e+00,2.215115547180175781e+00,2.099041461944580078e+00,1.994662046432495117e+00,1.900721192359924316e+00,1.815813422203063965e+00,1.738188147544860840e+00,1.667279362678527832e+00,1.603038907051086426e+00,1.543773531913757324e+00,1.488977432250976562e+00,1.438017606735229492e+00,1.391372561454772949e+00,1.347861766815185547e+00,1.307037115097045898e+00,1.269330382347106934e+00,1.233866453170776367e+00,1.200580000877380371e+00,1.169600486755371094e+00,1.140186309814453125e+00,1.112887144088745117e+00,1.086857914924621582e+00,1.062425732612609863e+00,1.039376616477966309e+00,1.017448067665100098e+00,9.967797398567199707e-01,9.772345423698425293e-01,9.586063623428344727e-01,9.409944415092468262e-01,9.244043231010437012e-01,9.089599251747131348e-01,8.942910432815551758e-01,8.803519606590270996e-01,8.671005368232727051e-01,8.544987440109252930e-01,8.425110578536987305e-01,8.311045169830322266e-01,8.202494382858276367e-01,8.099178075790405273e-01,8.000836968421936035e-01,7.907234430313110352e-01,7.818152904510498047e-01,7.733386754989624023e-01,7.652742266654968262e-01,7.576047778129577637e-01,7.503136396408081055e-01,7.433858513832092285e-01,7.368073463439941406e-01,7.305647730827331543e-01,7.246458530426025391e-01,7.190395593643188477e-01,7.137348651885986328e-01,7.087224125862121582e-01,7.039926052093505859e-01,6.995372176170349121e-01,6.953483819961547852e-01,6.914188265800476074e-01,6.877416968345642090e-01,6.843107938766479492e-01,6.811203956604003906e-01,6.781651377677917480e-01,6.754404306411743164e-01,6.729416847229003906e-01,6.706649065017700195e-01,6.686064004898071289e-01,6.667629480361938477e-01,6.651316285133361816e-01,6.637101173400878906e-01,6.624959707260131836e-01,6.614874005317687988e-01,6.606827378273010254e-01,6.600809693336486816e-01,6.596809625625610352e-01,6.594823598861694336e-01,6.594846248626708984e-01,6.596877574920654297e-01,6.600922346115112305e-01,6.606984138488769531e-01,6.615075469017028809e-01,6.625207066535949707e-01,6.637395620346069336e-01,6.651657819747924805e-01,6.668016910552978516e-01,6.686498522758483887e-01,6.707130670547485352e-01,6.729949712753295898e-01,6.754987835884094238e-01,6.782286167144775391e-01,6.811888813972473145e-01,6.843845844268798828e-01,6.878208518028259277e-01,6.915035247802734375e-01,6.954388618469238281e-01,6.996335387229919434e-01,7.040949463844299316e-01,7.088309526443481445e-01,7.138499021530151367e-01,7.191611528396606445e-01,7.247743606567382812e-01,7.307003736495971680e-01,7.369500994682312012e-01,7.435364127159118652e-01,7.504721283912658691e-01,7.577714323997497559e-01,7.654494047164916992e-01,7.735229730606079102e-01,7.820091247558593750e-01,7.909270524978637695e-01,8.002974987030029297e-01,8.101425170898437500e-01,8.204855918884277344e-01,8.313525319099426270e-01,8.427717089653015137e-01,8.547728061676025391e-01,8.673886060714721680e-01,8.806546926498413086e-01,8.946098089218139648e-01,9.092953205108642578e-01,9.247576594352722168e-01,9.414080381393432617e-01,9.590420126914978027e-01,9.776930809020996094e-01,9.972623586654663086e-01,1.017956614494323730e+00,1.039913058280944824e+00,1.062992334365844727e+00,1.087456822395324707e+00,1.113521337509155273e+00,1.140858173370361328e+00,1.170313954353332520e+00,1.201338171958923340e+00,1.234673976898193359e+00,1.253291606903076172e+00,1.243417143821716309e+00,1.230955600738525391e+00,1.219108939170837402e+00,1.207852721214294434e+00,1.197163820266723633e+00,1.187020778656005859e+00,1.177403926849365234e+00,1.168294668197631836e+00,1.159675598144531250e+00,1.151531219482421875e+00,1.143846035003662109e+00,1.136606931686401367e+00,1.129800915718078613e+00,1.123415946960449219e+00,1.117441296577453613e+00,1.111866831779479980e+00,1.106683015823364258e+00,1.101881504058837891e+00,1.097454071044921875e+00,1.093394279479980469e+00,1.089694619178771973e+00,1.086349844932556152e+00,1.083354830741882324e+00,1.080704331398010254e+00,1.078394293785095215e+00,1.076421737670898438e+00,1.074782729148864746e+00,1.073475360870361328e+00,1.072497606277465820e+00,1.071847915649414062e+00,1.071524977684020996e+00,esquerda
5.969663619995117188e+00,5.971503257751464844e+00,5.975162506103515625e+00,5.980650901794433594e+00,5.987975120544433594e+00,5.997146129608154297e+00,5.721294879913330078e+00,5.106834888458251953e+00,4.504607677459716797e+00,4.031203269958496094e+00,3.648150205612182617e+00,3.332053899765014648e+00,3.067953824996948242e+00,2.842507600784301758e+00,2.648698806762695312e+00,2.480453729629516602e+00,2.333101034164428711e+00,2.203513145446777344e+00,2.088026046752929688e+00,1.984175443649291992e+00,1.890712141990661621e+00,1.806236863136291504e+00,1.729007720947265625e+00,1.658461570739746094e+00,1.594550371170043945e+00,1.535588979721069336e+00,1.481074213981628418e+00,1.430376529693603516e+00,1.383971691131591797e+00,1.340685248374938965e+00,1.300071001052856445e+00,1.262558817863464355e+00,1.227277994155883789e+00,1.194163560867309570e+00,1.163344144821166992e+00,1.134081959724426270e+00,1.106923818588256836e+00,1.081029176712036133e+00,1.056723117828369141e+00,1.033793210983276367e+00,1.011978030204772949e+00,9.914163351058959961e-01,9.719720482826232910e-01,9.534398913383483887e-01,9.359186291694641113e-01,9.193720817565917969e-01,9.040116667747497559e-01,8.894226551055908203e-01,8.755594491958618164e-01,8.623801469802856445e-01,8.498468995094299316e-01,8.379245400428771973e-01,8.265802264213562012e-01,8.157841563224792480e-01,8.055087327957153320e-01,7.957282066345214844e-01,7.864189743995666504e-01,7.775592207908630371e-01,7.691287398338317871e-01,7.611082196235656738e-01,7.534804940223693848e-01,7.462291121482849121e-01,7.393389344215393066e-01,7.327962517738342285e-01,7.265877723693847656e-01,7.207010984420776367e-01,7.151252627372741699e-01,7.098494768142700195e-01,7.048642635345458984e-01,7.001602649688720703e-01,6.957291364669799805e-01,6.915630698204040527e-01,6.876549124717712402e-01,6.839977502822875977e-01,6.805855631828308105e-01,6.774125099182128906e-01,6.744734048843383789e-01,6.717635393142700195e-01,6.692783832550048828e-01,6.670138835906982422e-01,6.649665832519531250e-01,6.631332635879516602e-01,6.615109443664550781e-01,6.600970625877380371e-01,6.588894724845886230e-01,6.578863859176635742e-01,6.570861339569091797e-01,6.564876437187194824e-01,6.560899019241333008e-01,6.558923125267028809e-01,6.558945178985595703e-01,6.560965776443481445e-01,6.564987897872924805e-01,6.571018099784851074e-01,6.579065322875976562e-01,6.589142084121704102e-01,6.601262688636779785e-01,6.615447402000427246e-01,6.631718873977661133e-01,6.650099158287048340e-01,6.670619249343872070e-01,6.693313717842102051e-01,6.718214750289916992e-01,6.745364665985107422e-01,6.774806976318359375e-01,6.806589961051940918e-01,6.840765476226806641e-01,6.877391934394836426e-01,6.916530728340148926e-01,6.958249211311340332e-01,7.002621293067932129e-01,7.049723267555236816e-01,7.099638581275939941e-01,7.152462601661682129e-01,7.208288908004760742e-01,7.267226576805114746e-01,7.329384088516235352e-01,7.394888997077941895e-01,7.463867664337158203e-01,7.536463737487792969e-01,7.612826228141784668e-01,7.693121433258056641e-01,7.777520418167114258e-01,7.866215109825134277e-01,7.959409356117248535e-01,8.057322502136230469e-01,8.160191178321838379e-01,8.268268704414367676e-01,8.381839394569396973e-01,8.501196503639221191e-01,8.626667261123657227e-01,8.758607506752014160e-01,8.897397518157958984e-01,9.043454527854919434e-01,9.197235703468322754e-01,9.362753629684448242e-01,9.538162350654602051e-01,9.723699688911437988e-01,9.918373823165893555e-01,1.012423396110534668e+00,1.034265279769897461e+00,1.057223916053771973e+00,1.081560611724853516e+00,1.107488989830017090e+00,1.134682893753051758e+00,1.163984775543212891e+00,1.194846749305725098e+00,1.228008389472961426e+00,1.251718878746032715e+00,1.243415832519531250e+00,1.230954408645629883e+00,1.219107866287231445e+00,1.207851529121398926e+00,1.197162628173828125e+00,1.187019586563110352e+00,1.177402615547180176e+00,1.168293356895446777e+00,1.159674286842346191e+00,1.151529908180236816e+00,1.143844842910766602e+00,1.136605620384216309e+00,1.129799604415893555e+00,1.123414754867553711e+00,1.117440104484558105e+00,1.111865520477294922e+00,1.106681704521179199e+00,1.101880311965942383e+00,1.097452878952026367e+00,1.093392968177795410e+00,1.089693427085876465e+00,1.086348652839660645e+00,1.083353519439697266e+00,1.080703020095825195e+00,1.078392982482910156e+00,1.076420426368713379e+00,1.074781537055969238e+00,1.073474168777465820e+00,1.072496294975280762e+00,1.071846604347229004e+00,1.071523547172546387e+00,esquerda
5.969664096832275391e+00,5.971503734588623047e+00,5.975163459777832031e+00,5.980651378631591797e+00,5.987975597381591797e+00,5.997146606445312500e+00,5.704510211944580078e+00,5.078526020050048828e+00,4.479713916778564453e+00,4.008979320526123047e+00,3.628072500228881836e+00,3.313740253448486328e+00,3.051109075546264648e+00,2.826914787292480469e+00,2.634179353713989258e+00,2.466864824295043945e+00,2.320324897766113281e+00,2.191451549530029297e+00,2.076600074768066406e+00,1.973320603370666504e+00,1.880370616912841797e+00,1.796358942985534668e+00,1.719552993774414062e+00,1.649393320083618164e+00,1.585831642150878906e+00,1.527192950248718262e+00,1.472975969314575195e+00,1.422555088996887207e+00,1.376403331756591797e+00,1.333352804183959961e+00,1.292959809303283691e+00,1.255652070045471191e+00,1.220563054084777832e+00,1.187628507614135742e+00,1.156976580619812012e+00,1.127873301506042480e+00,1.100862264633178711e+00,1.075108170509338379e+00,1.050933599472045898e+00,1.028127551078796387e+00,1.006430149078369141e+00,9.859794974327087402e-01,9.666398763656616211e-01,9.482073783874511719e-01,9.307802915573120117e-01,9.143396019935607910e-01,8.990633487701416016e-01,8.845542669296264648e-01,8.707668185234069824e-01,8.576596975326538086e-01,8.451951146125793457e-01,8.333378434181213379e-01,8.220556378364562988e-01,8.113186955451965332e-01,8.010996580123901367e-01,7.913724780082702637e-01,7.821142077445983887e-01,7.733030319213867188e-01,7.649186849594116211e-01,7.569419741630554199e-01,7.493560314178466797e-01,7.421443462371826172e-01,7.352919578552246094e-01,7.287850379943847656e-01,7.226104736328125000e-01,7.167560458183288574e-01,7.112107276916503906e-01,7.059639096260070801e-01,7.010058760643005371e-01,6.963275671005249023e-01,6.919207572937011719e-01,6.877775192260742188e-01,6.838907599449157715e-01,6.802536249160766602e-01,6.768600344657897949e-01,6.737044453620910645e-01,6.707813739776611328e-01,6.680864095687866211e-01,6.656147837638854980e-01,6.633627414703369141e-01,6.613266468048095703e-01,6.595032811164855957e-01,6.578898429870605469e-01,6.564837098121643066e-01,6.552827358245849609e-01,6.542851328849792480e-01,6.534892320632934570e-01,6.528940796852111816e-01,6.524984836578369141e-01,6.523019671440124512e-01,6.523041725158691406e-01,6.525050997734069824e-01,6.529051065444946289e-01,6.535047888755798340e-01,6.543051004409790039e-01,6.553072929382324219e-01,6.565127968788146973e-01,6.579235196113586426e-01,6.595416069030761719e-01,6.613696813583374023e-01,6.634104251861572266e-01,6.656675338745117188e-01,6.681439280509948730e-01,6.708439588546752930e-01,6.737721562385559082e-01,6.769330501556396484e-01,6.803318858146667480e-01,6.839744448661804199e-01,6.878669261932373047e-01,6.920159459114074707e-01,6.964288353919982910e-01,7.011132836341857910e-01,7.060775160789489746e-01,7.113308906555175781e-01,7.168829441070556641e-01,7.227445244789123535e-01,7.289261817932128906e-01,7.354407906532287598e-01,7.423009872436523438e-01,7.495208382606506348e-01,7.571152448654174805e-01,7.651007771492004395e-01,7.734946012496948242e-01,7.823155522346496582e-01,7.915838956832885742e-01,8.013215065002441406e-01,8.115521669387817383e-01,8.223007917404174805e-01,8.335955739021301270e-01,8.454659581184387207e-01,8.579444289207458496e-01,8.710662126541137695e-01,8.848691582679748535e-01,8.993949890136718750e-01,9.146889448165893555e-01,9.311425089836120605e-01,9.485895037651062012e-01,9.670436978340148926e-01,9.864066243171691895e-01,1.006882190704345703e+00,1.028606534004211426e+00,1.051441669464111328e+00,1.075647234916687012e+00,1.101435780525207520e+00,1.128482818603515625e+00,1.157626748085021973e+00,1.188321948051452637e+00,1.221304297447204590e+00,1.250136137008666992e+00,1.243414044380187988e+00,1.230952501296997070e+00,1.219105958938598633e+00,1.207849621772766113e+00,1.197160720825195312e+00,1.187017917633056641e+00,1.177400827407836914e+00,1.168291449546813965e+00,1.159672617912292480e+00,1.151528120040893555e+00,1.143843173980712891e+00,1.136603951454162598e+00,1.129798054695129395e+00,1.123413085937500000e+00,1.117438435554504395e+00,1.111863851547241211e+00,1.106680154800415039e+00,1.101878643035888672e+00,1.097451329231262207e+00,1.093391418457031250e+00,1.089691758155822754e+00,1.086347103118896484e+00,1.083351969718933105e+00,1.080701351165771484e+00,1.078391551971435547e+00,1.076418876647949219e+00,1.074779987335205078e+00,1.073472499847412109e+00,1.072494626045227051e+00,1.071845054626464844e+00,1.071522116661071777e+00,esquerda
5.969663619995117188e+00,5.971503257751464844e+00,5.975162506103515625e+00,5.980650901794433594e+00,5.987975597381591797e+00,5.997146606445312500e+00,5.687747001647949219e+00,5.050246715545654297e+00,4.454835414886474609e+00,3.986760854721069336e+00,3.607998132705688477e+00,3.295428752899169922e+00,3.034266710281372070e+00,2.811322927474975586e+00,2.619660854339599609e+00,2.453275680541992188e+00,2.307549238204956055e+00,2.179389953613281250e+00,2.065173864364624023e+00,1.962465286254882812e+00,1.870028495788574219e+00,1.786480307579040527e+00,1.710097908973693848e+00,1.640324234962463379e+00,1.577112555503845215e+00,1.518795967102050781e+00,1.464877009391784668e+00,1.414732933044433594e+00,1.368834257125854492e+00,1.326019763946533203e+00,1.285848021507263184e+00,1.248744368553161621e+00,1.213847279548645020e+00,1.181092858314514160e+00,1.150608301162719727e+00,1.121663689613342285e+00,1.094799995422363281e+00,1.069185972213745117e+00,1.045143127441406250e+00,1.022461056709289551e+00,1.000881433486938477e+00,9.805416464805603027e-01,9.613068103790283203e-01,9.429741501808166504e-01,9.256410598754882812e-01,9.093073606491088867e-01,8.941152691841125488e-01,8.796858787536621094e-01,8.659743666648864746e-01,8.529395461082458496e-01,8.405433893203735352e-01,8.287515044212341309e-01,8.175313472747802734e-01,8.068535923957824707e-01,7.966905832290649414e-01,7.870170474052429199e-01,7.778096795082092285e-01,7.690470814704895020e-01,7.607088685035705566e-01,7.527760863304138184e-01,7.452318668365478516e-01,7.380598783493041992e-01,7.312452197074890137e-01,7.247740626335144043e-01,7.186335325241088867e-01,7.128112912178039551e-01,7.072964906692504883e-01,7.020785808563232422e-01,6.971479058265686035e-01,6.924952864646911621e-01,6.881126761436462402e-01,6.839922070503234863e-01,6.801268458366394043e-01,6.765097975730895996e-01,6.731348633766174316e-01,6.699966192245483398e-01,6.670896410942077637e-01,6.644094586372375488e-01,6.619515419006347656e-01,6.597118973731994629e-01,6.576869487762451172e-01,6.558736562728881836e-01,6.542689800262451172e-01,6.528706550598144531e-01,6.516763567924499512e-01,6.506842374801635742e-01,6.498926877975463867e-01,6.493008732795715332e-01,6.489073634147644043e-01,6.487119197845458984e-01,6.487141251564025879e-01,6.489139795303344727e-01,6.493118405342102051e-01,6.499082446098327637e-01,6.507040858268737793e-01,6.517007350921630859e-01,6.528995633125305176e-01,6.543025374412536621e-01,6.559118032455444336e-01,6.577297449111938477e-01,6.597593426704406738e-01,6.620038747787475586e-01,6.644666790962219238e-01,6.671519875526428223e-01,6.700639724731445312e-01,6.732075214385986328e-01,6.765876412391662598e-01,6.802101135253906250e-01,6.840811371803283691e-01,6.882073879241943359e-01,6.925960183143615723e-01,6.972545981407165527e-01,7.021915316581726074e-01,7.074160575866699219e-01,7.129375934600830078e-01,7.187668085098266602e-01,7.249145507812500000e-01,7.313932776451110840e-01,7.382156252861022949e-01,7.453957796096801758e-01,7.529484629631042480e-01,7.608900070190429688e-01,7.692376375198364258e-01,7.780098915100097656e-01,7.872274518013000488e-01,7.969114184379577637e-01,8.070857524871826172e-01,8.177751302719116211e-01,8.290078639984130859e-01,8.408129215240478516e-01,8.532226681709289551e-01,8.662721514701843262e-01,8.799993395805358887e-01,8.944450020790100098e-01,9.096548557281494141e-01,9.260101914405822754e-01,9.433632493019104004e-01,9.617182612419128418e-01,9.809768795967102051e-01,1.001341819763183594e+00,1.022948980331420898e+00,1.045660614967346191e+00,1.069735169410705566e+00,1.095384120941162109e+00,1.122284650802612305e+00,1.151270270347595215e+00,1.181798934936523438e+00,1.214602112770080566e+00,1.248555779457092285e+00,1.243414640426635742e+00,1.230953216552734375e+00,1.219106674194335938e+00,1.207850217819213867e+00,1.197161436080932617e+00,1.187018513679504395e+00,1.177401542663574219e+00,1.168292164802551270e+00,1.159673213958740234e+00,1.151528954505920410e+00,1.143843770027160645e+00,1.136604666709899902e+00,1.129798769950866699e+00,1.123413681983947754e+00,1.117439150810241699e+00,1.111864566802978516e+00,1.106680870056152344e+00,1.101879239082336426e+00,1.097452044486999512e+00,1.093392133712768555e+00,1.089692473411560059e+00,1.086347818374633789e+00,1.083352804183959961e+00,1.080702066421508789e+00,1.078392267227172852e+00,1.076419711112976074e+00,1.074780821800231934e+00,1.073473334312438965e+00,1.072495460510253906e+00,1.071845889091491699e+00,1.071522951126098633e+00,esquerda
5.969665527343750000e+00,5.971505165100097656e+00,5.975164890289306641e+00,5.980652809143066406e+00,5.987977027893066406e+00,5.997148036956787109e+00,5.671438217163085938e+00,5.022575378417968750e+00,4.430260181427001953e+00,3.964649200439453125e+00,3.587943315505981445e+00,3.277122497558593750e+00,3.017428874969482422e+00,2.795735836029052734e+00,2.605145931243896484e+00,2.439690828323364258e+00,2.294776916503906250e+00,2.167331457138061523e+00,2.053750991821289062e+00,1.951613068580627441e+00,1.859689235687255859e+00,1.776604175567626953e+00,1.700644850730895996e+00,1.631257653236389160e+00,1.568395495414733887e+00,1.510401248931884766e+00,1.456780195236206055e+00,1.406912684440612793e+00,1.361266970634460449e+00,1.318688273429870605e+00,1.278737783432006836e+00,1.241838216781616211e+00,1.207133173942565918e+00,1.174558877944946289e+00,1.144241452217102051e+00,1.115455627441406250e+00,1.088739037513732910e+00,1.063265323638916016e+00,1.039353847503662109e+00,1.016795873641967773e+00,9.953340888023376465e-01,9.751052856445312500e-01,9.559750556945800781e-01,9.377420544624328613e-01,9.205030798912048340e-01,9.042750000953674316e-01,8.891670107841491699e-01,8.748175501823425293e-01,8.611818552017211914e-01,8.482191562652587891e-01,8.358917236328125000e-01,8.241649866104125977e-01,8.130068778991699219e-01,8.023882508277893066e-01,7.922815084457397461e-01,7.826614975929260254e-01,7.735051512718200684e-01,7.647909522056579590e-01,7.564988732337951660e-01,7.486100792884826660e-01,7.411075830459594727e-01,7.339752912521362305e-01,7.271983027458190918e-01,7.207629680633544922e-01,7.146564722061157227e-01,7.088664174079895020e-01,7.033821940422058105e-01,6.981930732727050781e-01,6.932896375656127930e-01,6.886628270149230957e-01,6.843045353889465332e-01,6.802069544792175293e-01,6.763629317283630371e-01,6.727658510208129883e-01,6.694095730781555176e-01,6.662887334823608398e-01,6.633979082107543945e-01,6.607324481010437012e-01,6.582881212234497070e-01,6.560608148574829102e-01,6.540471315383911133e-01,6.522439122200012207e-01,6.506481170654296875e-01,6.492575407028198242e-01,6.480697989463806152e-01,6.470831632614135742e-01,6.462960839271545410e-01,6.457074284553527832e-01,6.453162431716918945e-01,6.451218724250793457e-01,6.451240777969360352e-01,6.453227996826171875e-01,6.457183957099914551e-01,6.463114619255065918e-01,6.471029520034790039e-01,6.480940580368041992e-01,6.492862701416015625e-01,6.506814956665039062e-01,6.522818207740783691e-01,6.540896892547607422e-01,6.561080217361450195e-01,6.583402156829833984e-01,6.607894301414489746e-01,6.634597778320312500e-01,6.663556694984436035e-01,6.694817543029785156e-01,6.728432178497314453e-01,6.764457225799560547e-01,6.802953481674194336e-01,6.843987107276916504e-01,6.887629628181457520e-01,6.933958530426025391e-01,6.983054876327514648e-01,7.035010457038879395e-01,7.089920043945312500e-01,7.147889733314514160e-01,7.209026813507080078e-01,7.273455262184143066e-01,7.341302037239074707e-01,7.412706017494201660e-01,7.487813830375671387e-01,7.566790580749511719e-01,7.649804353713989258e-01,7.737042903900146484e-01,7.828706502914428711e-01,7.925012111663818359e-01,8.026190996170043945e-01,8.132494688034057617e-01,8.244199752807617188e-01,8.361597061157226562e-01,8.485007882118225098e-01,8.614780306816101074e-01,8.751291632652282715e-01,8.894949555397033691e-01,9.046205878257751465e-01,9.208775162696838379e-01,9.381367564201354980e-01,9.563922286033630371e-01,9.755464196205139160e-01,9.958008527755737305e-01,1.017290592193603516e+00,1.039878726005554199e+00,1.063822150230407715e+00,1.089331388473510742e+00,1.116085171699523926e+00,1.144912481307983398e+00,1.175274491310119629e+00,1.207898378372192383e+00,1.242657423019409180e+00,1.243412852287292480e+00,1.230951309204101562e+00,1.219104766845703125e+00,1.207848548889160156e+00,1.197159647941589355e+00,1.187016725540161133e+00,1.177399873733520508e+00,1.168290376663208008e+00,1.159671545028686523e+00,1.151527166366577148e+00,1.143842101097106934e+00,1.136602997779846191e+00,1.129796981811523438e+00,1.123412013053894043e+00,1.117437481880187988e+00,1.111863017082214355e+00,1.106679201126098633e+00,1.101877689361572266e+00,1.097450375556945801e+00,1.093390464782714844e+00,1.089690923690795898e+00,1.086346149444580078e+00,1.083351135253906250e+00,1.080700516700744629e+00,1.078390598297119141e+00,1.076418042182922363e+00,1.074779033660888672e+00,1.073471665382385254e+00,1.072493910789489746e+00,1.071844220161437988e+00,1.071521162986755371e+00,esquerda
5.969666004180908203e+00,5.971505641937255859e+00,5.975165367126464844e+00,5.980653285980224609e+00,5.987977504730224609e+00,5.997148513793945312e+00,5.655886650085449219e+00,4.996314048767089844e+00,4.407118320465087891e+00,3.943953990936279297e+00,3.569178819656372070e+00,3.259910821914672852e+00,3.001515150070190430e+00,2.780938625335693359e+00,2.591314315795898438e+00,2.426702022552490234e+00,2.282529830932617188e+00,2.155738830566406250e+00,2.042744159698486328e+00,1.941134452819824219e+00,1.849687337875366211e+00,1.767034173011779785e+00,1.691470503807067871e+00,1.622445344924926758e+00,1.559911608695983887e+00,1.502221345901489258e+00,1.448881268501281738e+00,1.399275541305541992e+00,1.353869676589965820e+00,1.311515092849731445e+00,1.271774888038635254e+00,1.235069632530212402e+00,1.200547456741333008e+00,1.168144822120666504e+00,1.137987375259399414e+00,1.109353423118591309e+00,1.082777976989746094e+00,1.057438611984252930e+00,1.033653259277343750e+00,1.011214256286621094e+00,9.898657798767089844e-01,9.697433114051818848e-01,9.507140517234802246e-01,9.325770139694213867e-01,9.154286384582519531e-01,8.992432355880737305e-01,8.842193484306335449e-01,8.699495792388916016e-01,8.563898801803588867e-01,8.434992432594299316e-01,8.312404751777648926e-01,8.195788860321044922e-01,8.084830045700073242e-01,7.979233860969543457e-01,7.878729104995727539e-01,7.783064842224121094e-01,7.692009210586547852e-01,7.605352997779846191e-01,7.522894144058227539e-01,7.444444298744201660e-01,7.369837164878845215e-01,7.298910617828369141e-01,7.231517434120178223e-01,7.167522907257080078e-01,7.106797695159912109e-01,7.049219608306884766e-01,6.994681954383850098e-01,6.943079233169555664e-01,6.894318461418151855e-01,6.848308444023132324e-01,6.804966926574707031e-01,6.764218807220458984e-01,6.725991964340209961e-01,6.690221428871154785e-01,6.656845808029174805e-01,6.625811457633972168e-01,6.597063541412353516e-01,6.570557951927185059e-01,6.546249985694885254e-01,6.524100899696350098e-01,6.504076123237609863e-01,6.486144661903381348e-01,6.470276117324829102e-01,6.456447243690490723e-01,6.444636583328247070e-01,6.434824466705322266e-01,6.426996588706970215e-01,6.421143412590026855e-01,6.417253017425537109e-01,6.415320634841918945e-01,6.415342092514038086e-01,6.417318582534790039e-01,6.421252489089965820e-01,6.427149772644042969e-01,6.435021162033081055e-01,6.444876790046691895e-01,6.456732749938964844e-01,6.470607519149780273e-01,6.486521363258361816e-01,6.504499316215515137e-01,6.524570584297180176e-01,6.546767950057983398e-01,6.571124196052551270e-01,6.597679257392883301e-01,6.626476645469665527e-01,6.657564043998718262e-01,6.690990328788757324e-01,6.726815104484558105e-01,6.765097975730895996e-01,6.805902719497680664e-01,6.849302649497985840e-01,6.895374059677124023e-01,6.944196820259094238e-01,6.995863318443298340e-01,7.050467729568481445e-01,7.108114957809448242e-01,7.168911695480346680e-01,7.232981920242309570e-01,7.300450801849365234e-01,7.371457219123840332e-01,7.446147203445434570e-01,7.524684071540832520e-01,7.607236504554748535e-01,7.693988680839538574e-01,7.785142660140991211e-01,7.880911827087402344e-01,7.981528639793395996e-01,8.087239265441894531e-01,8.198323249816894531e-01,8.315067291259765625e-01,8.437790870666503906e-01,8.566840887069702148e-01,8.702593445777893066e-01,8.845451474189758301e-01,8.995866179466247559e-01,9.157453179359436035e-01,9.329108595848083496e-01,9.510668516159057617e-01,9.701166749000549316e-01,9.902607202529907227e-01,1.011632919311523438e+00,1.034097671508789062e+00,1.057910203933715820e+00,1.083279609680175781e+00,1.109886884689331055e+00,1.138556361198425293e+00,1.168751597404479980e+00,1.201196312904357910e+00,1.235764503479003906e+00,1.243412852287292480e+00,1.230951309204101562e+00,1.219104766845703125e+00,1.207848429679870605e+00,1.197159528732299805e+00,1.187016725540161133e+00,1.177399516105651855e+00,1.168290376663208008e+00,1.159671425819396973e+00,1.151527047157287598e+00,1.143841862678527832e+00,1.136602878570556641e+00,1.129796743392944336e+00,1.123411893844604492e+00,1.117437362670898438e+00,1.111862659454345703e+00,1.106678843498229980e+00,1.101877450942993164e+00,1.097450137138366699e+00,1.093390107154846191e+00,1.089690685272216797e+00,1.086345911026000977e+00,1.083350777626037598e+00,1.080700159072875977e+00,1.078390359878540039e+00,1.076417684555053711e+00,1.074778795242309570e+00,1.073471426963806152e+00,1.072493553161621094e+00,1.071843862533569336e+00,1.071520924568176270e+00,esquerda
5.969665527343750000e+00,5.971505165100097656e+00,5.975164890289306641e+00,5.980652809143066406e+00,5.987977504730224609e+00,5.997148513793945312e+00,5.639083385467529297e+00,4.967967987060546875e+00,4.382182598114013672e+00,3.921685695648193359e+00,3.549061536788940430e+00,3.241563558578491211e+00,2.984642744064331055e+00,2.765321016311645508e+00,2.576774120330810547e+00,2.413094520568847656e+00,2.269737720489501953e+00,2.143662929534912109e+00,2.031305313110351562e+00,1.930267930030822754e+00,1.839335322380065918e+00,1.757146596908569336e+00,1.682007312774658203e+00,1.613369107246398926e+00,1.551185965538024902e+00,1.493818521499633789e+00,1.440776705741882324e+00,1.391448259353637695e+00,1.346296310424804688e+00,1.304177761077880859e+00,1.264659404754638672e+00,1.228158473968505859e+00,1.193828582763671875e+00,1.161606311798095703e+00,1.131616353988647461e+00,1.103141427040100098e+00,1.076713323593139648e+00,1.051514387130737305e+00,1.027860879898071289e+00,1.005545973777770996e+00,9.843152761459350586e-01,9.643040895462036133e-01,9.453796148300170898e-01,9.273424148559570312e-01,9.102882742881774902e-01,8.942096233367919922e-01,8.792697787284851074e-01,8.650799393653869629e-01,8.515960574150085449e-01,8.387776613235473633e-01,8.265874385833740234e-01,8.149911761283874512e-01,8.039574623107910156e-01,7.934569120407104492e-01,7.834627628326416016e-01,7.739498019218444824e-01,7.648953199386596680e-01,7.562780976295471191e-01,7.480783462524414062e-01,7.402773499488830566e-01,7.328584194183349609e-01,7.258054018020629883e-01,7.191038727760314941e-01,7.127402424812316895e-01,7.067016959190368652e-01,7.009761929512023926e-01,6.955528855323791504e-01,6.904215812683105469e-01,6.855727434158325195e-01,6.809973716735839844e-01,6.766875982284545898e-01,6.726355552673339844e-01,6.688343882560729980e-01,6.652773022651672363e-01,6.619584560394287109e-01,6.588722467422485352e-01,6.560136675834655762e-01,6.533779501914978027e-01,6.509608626365661621e-01,6.487583518028259277e-01,6.467670798301696777e-01,6.449838876724243164e-01,6.434058547019958496e-01,6.420307159423828125e-01,6.408562064170837402e-01,6.398805379867553711e-01,6.391022205352783203e-01,6.385201215744018555e-01,6.381332278251647949e-01,6.379410028457641602e-01,6.379432082176208496e-01,6.381397843360900879e-01,6.385310292243957520e-01,6.391174793243408203e-01,6.399001479148864746e-01,6.408802270889282227e-01,6.420592069625854492e-01,6.434388756752014160e-01,6.450213789939880371e-01,6.468091011047363281e-01,6.488050222396850586e-01,6.510123610496520996e-01,6.534342765808105469e-01,6.560749411582946777e-01,6.589385867118835449e-01,6.620298624038696289e-01,6.653539538383483887e-01,6.689164042472839355e-01,6.727231144905090332e-01,6.767807602882385254e-01,6.810964345932006836e-01,6.856777071952819824e-01,6.905328035354614258e-01,6.956705451011657715e-01,7.011003494262695312e-01,7.068328261375427246e-01,7.128784656524658203e-01,7.192496061325073242e-01,7.259588837623596191e-01,7.330197691917419434e-01,7.404468655586242676e-01,7.482566237449645996e-01,7.564656138420104980e-01,7.650923728942871094e-01,7.741567492485046387e-01,7.836801409721374512e-01,7.936853766441345215e-01,8.041972517967224121e-01,8.152435421943664551e-01,8.268526196479797363e-01,8.390562534332275391e-01,8.518890142440795898e-01,8.653884530067443848e-01,8.795942664146423340e-01,8.945513963699340820e-01,9.106772541999816895e-01,9.277524948120117188e-01,9.458120465278625488e-01,9.647592306137084961e-01,9.847946763038635254e-01,1.006051778793334961e+00,1.028394937515258789e+00,1.052078843116760254e+00,1.077310919761657715e+00,1.103774070739746094e+00,1.132288217544555664e+00,1.162319779396057129e+00,1.194588661193847656e+00,1.228969097137451172e+00,1.243412256240844727e+00,1.230950832366943359e+00,1.219104290008544922e+00,1.207847952842712402e+00,1.197159171104431152e+00,1.187016248703002930e+00,1.177399396896362305e+00,1.168289899826049805e+00,1.159671187400817871e+00,1.151526689529418945e+00,1.143841743469238281e+00,1.136602640151977539e+00,1.129796624183654785e+00,1.123411655426025391e+00,1.117437124252319336e+00,1.111862540245056152e+00,1.106678724288940430e+00,1.101877331733703613e+00,1.097450017929077148e+00,1.093389987945556641e+00,1.089690446853637695e+00,1.086345791816711426e+00,1.083350658416748047e+00,1.080700039863586426e+00,1.078390240669250488e+00,1.076417684555053711e+00,1.074778676033020020e+00,1.073471307754516602e+00,1.072493433952331543e+00,1.071843862533569336e+00,1.071520805358886719e+00,esquerda
5.969666481018066406e+00,5.971506118774414062e+00,5.975165367126464844e+00,5.980653762817382812e+00,5.987978458404541016e+00,5.997148990631103516e+00,5.622315883636474609e+00,4.939685344696044922e+00,4.357310295104980469e+00,3.899477243423461914e+00,3.528996467590332031e+00,3.223259925842285156e+00,2.967807292938232422e+00,2.749735832214355469e+00,2.562261343002319336e+00,2.399511098861694336e+00,2.256967067718505859e+00,2.131605625152587891e+00,2.019883394241333008e+00,1.919416546821594238e+00,1.828996896743774414e+00,1.747271299362182617e+00,1.672555088996887207e+00,1.604303002357482910e+00,1.542469501495361328e+00,1.485424280166625977e+00,1.432680249214172363e+00,1.383628487586975098e+00,1.338729381561279297e+00,1.296846866607666016e+00,1.257549524307250977e+00,1.221253037452697754e+00,1.187114715576171875e+00,1.155072331428527832e+00,1.125249743461608887e+00,1.096933484077453613e+00,1.070652723312377930e+00,1.045594096183776855e+00,1.022072076797485352e+00,9.998809695243835449e-01,9.787681102752685547e-01,9.588677883148193359e-01,9.400479793548583984e-01,9.221104979515075684e-01,9.051504135131835938e-01,8.891778588294982910e-01,8.743221163749694824e-01,8.602120280265808105e-01,8.468040823936462402e-01,8.340577483177185059e-01,8.219361305236816406e-01,8.104052543640136719e-01,7.994334101676940918e-01,7.889919877052307129e-01,7.790540456771850586e-01,7.695946693420410156e-01,7.605912089347839355e-01,7.520224452018737793e-01,7.438688278198242188e-01,7.361116409301757812e-01,7.287345528602600098e-01,7.217212915420532227e-01,7.150573730468750000e-01,7.087295055389404297e-01,7.027249932289123535e-01,6.970316171646118164e-01,6.916389465332031250e-01,6.865364909172058105e-01,6.817148923873901367e-01,6.771652698516845703e-01,6.728796958923339844e-01,6.688506007194519043e-01,6.650707125663757324e-01,6.615336537361145020e-01,6.582335829734802246e-01,6.551647186279296875e-01,6.523221135139465332e-01,6.497012376785278320e-01,6.472977399826049805e-01,6.451076269149780273e-01,6.431275606155395508e-01,6.413544416427612305e-01,6.397852897644042969e-01,6.384178400039672852e-01,6.372499465942382812e-01,6.362798213958740234e-01,6.355058550834655762e-01,6.349270939826965332e-01,6.345424056053161621e-01,6.343512535095214844e-01,6.343533992767333984e-01,6.345488429069519043e-01,6.349378228187561035e-01,6.355209350585937500e-01,6.362992525100708008e-01,6.372738480567932129e-01,6.384461522102355957e-01,6.398180723190307617e-01,6.413916349411010742e-01,6.431693434715270996e-01,6.451539993286132812e-01,6.473489403724670410e-01,6.497572660446166992e-01,6.523830890655517578e-01,6.552305221557617188e-01,6.583044528961181641e-01,6.616098284721374512e-01,6.651521325111389160e-01,6.689375638961791992e-01,6.729723811149597168e-01,6.772637963294982910e-01,6.818193197250366211e-01,6.866468787193298340e-01,6.917558312416076660e-01,6.971549987792968750e-01,7.028553485870361328e-01,7.088668942451477051e-01,7.152021527290344238e-01,7.218736410140991211e-01,7.288947701454162598e-01,7.362802028656005859e-01,7.440459728240966797e-01,7.522087693214416504e-01,7.607868909835815430e-01,7.698003053665161133e-01,7.792699933052062988e-01,7.892190217971801758e-01,7.996718287467956543e-01,8.106558918952941895e-01,8.221995830535888672e-01,8.343346118927001953e-01,8.470952510833740234e-01,8.605185151100158691e-01,8.746443986892700195e-01,8.895174860954284668e-01,9.055425524711608887e-01,9.225237369537353516e-01,9.404841661453247070e-01,9.593269228935241699e-01,9.792517423629760742e-01,1.000391244888305664e+00,1.022611141204833984e+00,1.046163797378540039e+00,1.071256160736083984e+00,1.097572565078735352e+00,1.125928401947021484e+00,1.155793309211730957e+00,1.187882781028747559e+00,1.222072243690490723e+00,1.243411421775817871e+00,1.230950117111206055e+00,1.219103574752807617e+00,1.207847237586975098e+00,1.197158455848693848e+00,1.187015533447265625e+00,1.177398562431335449e+00,1.168289303779602051e+00,1.159670233726501465e+00,1.151525974273681641e+00,1.143840909004211426e+00,1.136601686477661133e+00,1.129795908927917480e+00,1.123411059379577637e+00,1.117436289787292480e+00,1.111861824989318848e+00,1.106678009033203125e+00,1.101876735687255859e+00,1.097449183464050293e+00,1.093389391899108887e+00,1.089689731597900391e+00,1.086345195770263672e+00,1.083350062370300293e+00,1.080699324607849121e+00,1.078389525413513184e+00,1.076416969299316406e+00,1.074777960777282715e+00,1.073470592498779297e+00,1.072492718696594238e+00,1.071843147277832031e+00,1.071520090103149414e+00,esquerda
5.969668388366699219e+00,5.971508026123046875e+00,5.975167751312255859e+00,5.980655670166015625e+00,5.987979888916015625e+00,5.997150897979736328e+00,5.607192039489746094e+00,4.913989067077636719e+00,4.334435462951660156e+00,3.878859043121337891e+00,3.510227680206298828e+00,3.206034183502197266e+00,2.951881408691406250e+00,2.734927892684936523e+00,2.548420190811157227e+00,2.386513471603393555e+00,2.244711875915527344e+00,2.120006322860717773e+00,2.008870124816894531e+00,1.908931970596313477e+00,1.818989396095275879e+00,1.737696290016174316e+00,1.663375854492187500e+00,1.595486521720886230e+00,1.533981919288635254e+00,1.477240562438964844e+00,1.424777746200561523e+00,1.375988006591796875e+00,1.331328988075256348e+00,1.289670467376708984e+00,1.250583648681640625e+00,1.214481711387634277e+00,1.180526494979858398e+00,1.148655891418457031e+00,1.118993282318115234e+00,1.090829253196716309e+00,1.064689517021179199e+00,1.039765238761901855e+00,1.016369581222534180e+00,9.942975044250488281e-01,9.732978343963623047e-01,9.535041451454162598e-01,9.347851276397705078e-01,9.169437289237976074e-01,9.000744223594665527e-01,8.841456770896911621e-01,8.693738579750061035e-01,8.553437590599060059e-01,8.420117497444152832e-01,8.293375372886657715e-01,8.172845840454101562e-01,8.058187961578369141e-01,7.949091792106628418e-01,7.845267653465270996e-01,7.746452093124389648e-01,7.652393579483032227e-01,7.562866806983947754e-01,7.477664947509765625e-01,7.396590709686279297e-01,7.319458127021789551e-01,7.246104478836059570e-01,7.176367640495300293e-01,7.110106945037841797e-01,7.047187089920043945e-01,6.987480521202087402e-01,6.930869221687316895e-01,6.877248287200927734e-01,6.826512217521667480e-01,6.778568625450134277e-01,6.733330488204956055e-01,6.690716743469238281e-01,6.650654077529907227e-01,6.613070368766784668e-01,6.577899456024169922e-01,6.545084714889526367e-01,6.514569520950317383e-01,6.486304402351379395e-01,6.460244655609130859e-01,6.436345577239990234e-01,6.414568424224853516e-01,6.394879817962646484e-01,6.377248764038085938e-01,6.361647248268127441e-01,6.348049640655517578e-01,6.336436867713928223e-01,6.326789855957031250e-01,6.319093704223632812e-01,6.313339471817016602e-01,6.309514045715332031e-01,6.307613849639892578e-01,6.307635307312011719e-01,6.309577822685241699e-01,6.313446164131164551e-01,6.319245696067810059e-01,6.326984167098999023e-01,6.336674690246582031e-01,6.348330974578857422e-01,6.361972689628601074e-01,6.377620100975036621e-01,6.395295858383178711e-01,6.415030360221862793e-01,6.436855196952819824e-01,6.460801959037780762e-01,6.486911773681640625e-01,6.515225768089294434e-01,6.545791029930114746e-01,6.578656435012817383e-01,6.613879799842834473e-01,6.651520133018493652e-01,6.691640019416809082e-01,6.734310984611511230e-01,6.779608726501464844e-01,6.827611923217773438e-01,6.878410577774047852e-01,6.932098269462585449e-01,6.988778114318847656e-01,7.048554420471191406e-01,7.111549377441406250e-01,7.177885770797729492e-01,7.247699499130249023e-01,7.321135997772216797e-01,7.398354411125183105e-01,7.479520440101623535e-01,7.564815878868103027e-01,7.654440402984619141e-01,7.748602032661437988e-01,7.847528457641601562e-01,7.951465249061584473e-01,8.060684800148010254e-01,8.175468444824218750e-01,8.296131491661071777e-01,8.423016071319580078e-01,8.556489348411560059e-01,8.696948885917663574e-01,8.844838738441467285e-01,9.004099369049072266e-01,9.172974228858947754e-01,9.351587295532226562e-01,9.538993239402770996e-01,9.737160205841064453e-01,9.947407245635986328e-01,1.016839861869812012e+00,1.040264487266540527e+00,1.065220475196838379e+00,1.091393947601318359e+00,1.119595766067504883e+00,1.149298429489135742e+00,1.181213617324829102e+00,1.215217351913452148e+00,1.243410468101501465e+00,1.230948925018310547e+00,1.219102382659912109e+00,1.207846045494079590e+00,1.197157263755798340e+00,1.187014460563659668e+00,1.177397370338439941e+00,1.168288111686706543e+00,1.159669280052185059e+00,1.151524782180786133e+00,1.143839716911315918e+00,1.136600732803344727e+00,1.129794597625732422e+00,1.123409867286682129e+00,1.117435216903686523e+00,1.111860632896423340e+00,1.106676816940307617e+00,1.101875424385070801e+00,1.097447991371154785e+00,1.093388080596923828e+00,1.089688539505004883e+00,1.086343884468078613e+00,1.083348870277404785e+00,1.080698132514953613e+00,1.078388333320617676e+00,1.076415777206420898e+00,1.074776768684387207e+00,1.073469400405883789e+00,1.072491526603698730e+00,1.071841835975646973e+00,1.071518898010253906e+00,esquerda
5.969668865203857422e+00,5.971508502960205078e+00,5.975168228149414062e+00,5.980656147003173828e+00,5.987980365753173828e+00,5.997151374816894531e+00,5.590440273284912109e+00,4.885728359222412109e+00,4.309573173522949219e+00,3.856654167175292969e+00,3.490164279937744141e+00,3.187731981277465820e+00,2.935046911239624023e+00,2.719342947006225586e+00,2.533907890319824219e+00,2.372930288314819336e+00,2.231941699981689453e+00,2.107949733734130859e+00,1.997448682785034180e+00,1.898080945014953613e+00,1.808651328086853027e+00,1.727821469306945801e+00,1.653924107551574707e+00,1.586420893669128418e+00,1.525265693664550781e+00,1.468846559524536133e+00,1.416681408882141113e+00,1.368168354034423828e+00,1.323762297630310059e+00,1.282339930534362793e+00,1.243474125862121582e+00,1.207576155662536621e+00,1.173812866210937500e+00,1.142122030258178711e+00,1.112626910209655762e+00,1.084621429443359375e+00,1.058628797531127930e+00,1.033844947814941406e+00,1.010580658912658691e+00,9.886326193809509277e-01,9.677506685256958008e-01,9.480679631233215332e-01,9.294536709785461426e-01,9.117118120193481445e-01,8.949366211891174316e-01,8.791139721870422363e-01,8.644263744354248047e-01,8.504760265350341797e-01,8.372198343276977539e-01,8.246178030967712402e-01,8.126333951950073242e-01,8.012329936027526855e-01,7.903853654861450195e-01,7.800620794296264648e-01,7.702367305755615234e-01,7.608844041824340820e-01,7.519828081130981445e-01,7.435110211372375488e-01,7.354496717453002930e-01,7.277803421020507812e-01,7.204867601394653320e-01,7.135528326034545898e-01,7.069644331932067871e-01,7.007080912590026855e-01,6.947715282440185547e-01,6.891426444053649902e-01,6.838110089302062988e-01,6.787663102149963379e-01,6.739993095397949219e-01,6.695011258125305176e-01,6.652640700340270996e-01,6.612805128097534180e-01,6.575434207916259766e-01,6.540465354919433594e-01,6.507837176322937012e-01,6.477496623992919922e-01,6.449392437934875488e-01,6.423479914665222168e-01,6.399716734886169434e-01,6.378063559532165527e-01,6.358487606048583984e-01,6.340956687927246094e-01,6.325443387031555176e-01,6.311923861503601074e-01,6.300376653671264648e-01,6.290785074234008789e-01,6.283132433891296387e-01,6.277409791946411133e-01,6.273607015609741211e-01,6.271717548370361328e-01,6.271739006042480469e-01,6.273670792579650879e-01,6.277517080307006836e-01,6.283282637596130371e-01,6.290977597236633301e-01,6.300612688064575195e-01,6.312204003334045410e-01,6.325768232345581055e-01,6.341325640678405762e-01,6.358901262283325195e-01,6.378523707389831543e-01,6.400223970413208008e-01,6.424034237861633301e-01,6.449995636940002441e-01,6.478148102760314941e-01,6.508539915084838867e-01,6.541218161582946777e-01,6.576241254806518555e-01,6.613666415214538574e-01,6.653557419776916504e-01,6.695986986160278320e-01,6.741027235984802246e-01,6.788757443428039551e-01,6.839266419410705566e-01,6.892648935317993164e-01,6.949005722999572754e-01,7.008441686630249023e-01,7.071078419685363770e-01,7.137037515640258789e-01,7.206454277038574219e-01,7.279471755027770996e-01,7.356251478195190430e-01,7.436954975128173828e-01,7.521766424179077148e-01,7.610880136489868164e-01,7.704505920410156250e-01,7.802869677543640137e-01,7.906213402748107910e-01,8.014812469482421875e-01,8.128942251205444336e-01,8.248920440673828125e-01,8.375082015991210938e-01,8.507795333862304688e-01,8.647456169128417969e-01,8.794503211975097656e-01,8.952769637107849121e-01,9.120706915855407715e-01,9.298325777053833008e-01,9.484686851501464844e-01,9.681748747825622559e-01,9.890823364257812500e-01,1.011057853698730469e+00,1.034351468086242676e+00,1.059167742729187012e+00,1.085194706916809082e+00,1.113238096237182617e+00,1.142774105072021484e+00,1.174510121345520020e+00,1.208322644233703613e+00,1.239905118942260742e+00,1.230947017669677734e+00,1.219100475311279297e+00,1.207844257354736328e+00,1.197155356407165527e+00,1.187012553215026855e+00,1.177395462989807129e+00,1.168286442756652832e+00,1.159667491912841797e+00,1.151522994041442871e+00,1.143838047981262207e+00,1.136598944664001465e+00,1.129792928695678711e+00,1.123408079147338867e+00,1.117433547973632812e+00,1.111858844757080078e+00,1.106675267219543457e+00,1.101873636245727539e+00,1.097446322441101074e+00,1.093386411666870117e+00,1.089686870574951172e+00,1.086342215538024902e+00,1.083347082138061523e+00,1.080696463584899902e+00,1.078386664390563965e+00,1.076414108276367188e+00,1.074775099754333496e+00,1.073467731475830078e+00,1.072489857673645020e+00,1.071840167045593262e+00,1.071517229080200195e+00,esquerda
5.969668388366699219e+00,5.971508026123046875e+00,5.975167274475097656e+00,5.980655670166015625e+00,5.987980365753173828e+00,5.997151374816894531e+00,5.573692798614501953e+00,4.857473850250244141e+00,4.284715175628662109e+00,3.834453105926513672e+00,3.470103740692138672e+00,3.169432401657104492e+00,2.918214321136474609e+00,2.703760385513305664e+00,2.519397020339965820e+00,2.359348773956298828e+00,2.219172477722167969e+00,2.095893859863281250e+00,1.986027717590332031e+00,1.887230873107910156e+00,1.798314094543457031e+00,1.717947244644165039e+00,1.644472837448120117e+00,1.577355623245239258e+00,1.516549944877624512e+00,1.460453033447265625e+00,1.408585667610168457e+00,1.360349059104919434e+00,1.316196084022521973e+00,1.275009393692016602e+00,1.236364722251892090e+00,1.200670838356018066e+00,1.167099475860595703e+00,1.135588645935058594e+00,1.106260657310485840e+00,1.078413844108581543e+00,1.052568554878234863e+00,1.027924776077270508e+00,1.004791975021362305e+00,9.829678535461425781e-01,9.622037410736083984e-01,9.426318407058715820e-01,9.241222143173217773e-01,9.064800739288330078e-01,8.897989392280578613e-01,8.740811944007873535e-01,8.594776988029479980e-01,8.456072807312011719e-01,8.324270248413085938e-01,8.198969960212707520e-01,8.079811930656433105e-01,7.966459989547729492e-01,7.858606576919555664e-01,7.755964398384094238e-01,7.658271789550781250e-01,7.565284371376037598e-01,7.476777434349060059e-01,7.392545938491821289e-01,7.312393188476562500e-01,7.236139178276062012e-01,7.163619995117187500e-01,7.094677686691284180e-01,7.029171586036682129e-01,6.966966986656188965e-01,6.907941102981567383e-01,6.851973533630371094e-01,6.798961758613586426e-01,6.748803853988647461e-01,6.701406836509704590e-01,6.656683683395385742e-01,6.614555716514587402e-01,6.574948430061340332e-01,6.537791490554809570e-01,6.503021121025085449e-01,6.470580101013183594e-01,6.440412998199462891e-01,6.412469744682312012e-01,6.386706233024597168e-01,6.363080143928527832e-01,6.341550350189208984e-01,6.322085261344909668e-01,6.304654479026794434e-01,6.289229989051818848e-01,6.275787949562072754e-01,6.264307498931884766e-01,6.254770159721374512e-01,6.247162222862243652e-01,6.241473555564880371e-01,6.237691640853881836e-01,6.235812306404113770e-01,6.235833168029785156e-01,6.237754821777343750e-01,6.241578459739685059e-01,6.247311234474182129e-01,6.254962086677551270e-01,6.264542937278747559e-01,6.276066303253173828e-01,6.289552450180053711e-01,6.305021047592163086e-01,6.322496533393859863e-01,6.342006325721740723e-01,6.363583207130432129e-01,6.387257575988769531e-01,6.413069367408752441e-01,6.441060900688171387e-01,6.471277475357055664e-01,6.503769159317016602e-01,6.538591980934143066e-01,6.575802564620971680e-01,6.615467071533203125e-01,6.657652854919433594e-01,6.702434420585632324e-01,6.749891042709350586e-01,6.800111532211303711e-01,6.853187680244445801e-01,6.909222602844238281e-01,6.968317627906799316e-01,7.030596137046813965e-01,7.096177339553833008e-01,7.165196537971496582e-01,7.237796783447265625e-01,7.314136028289794922e-01,7.394378185272216797e-01,7.478703856468200684e-01,7.567306756973266602e-01,7.660396695137023926e-01,7.758197188377380371e-01,7.860951423645019531e-01,7.968927025794982910e-01,8.082404136657714844e-01,8.201693296432495117e-01,8.327132463455200195e-01,8.459087610244750977e-01,8.597949147224426270e-01,8.744153976440429688e-01,8.901457786560058594e-01,9.068456888198852539e-01,9.245082736015319824e-01,9.430399537086486816e-01,9.626356959342956543e-01,9.834256172180175781e-01,1.005277752876281738e+00,1.028440356254577637e+00,1.053116917610168457e+00,1.078997135162353516e+00,1.106882691383361816e+00,1.136251926422119141e+00,1.167808771133422852e+00,1.201430201530456543e+00,1.233748435974121094e+00,1.230947613716125488e+00,1.219101071357727051e+00,1.207844853401184082e+00,1.197156071662902832e+00,1.187013149261474609e+00,1.177396297454833984e+00,1.168287038803100586e+00,1.159668087959289551e+00,1.151523709297180176e+00,1.143838644027709961e+00,1.136599540710449219e+00,1.129793643951416016e+00,1.123408675193786621e+00,1.117434144020080566e+00,1.111859679222106934e+00,1.106675863265991211e+00,1.101874351501464844e+00,1.097447037696838379e+00,1.093387246131896973e+00,1.089687585830688477e+00,1.086343050003051758e+00,1.083347916603088379e+00,1.080697298049926758e+00,1.078387379646301270e+00,1.076414823532104492e+00,1.074775934219360352e+00,1.073468446731567383e+00,1.072490692138671875e+00,1.071841120719909668e+00,1.071518063545227051e+00,esquerda
5.969670295715332031e+00,5.971510410308837891e+00,5.975169658660888672e+00,5.980657577514648438e+00,5.987981796264648438e+00,5.997152805328369141e+00,5.556908130645751953e+00,4.829155921936035156e+00,4.259801387786865234e+00,3.812201023101806641e+00,3.449999332427978516e+00,3.151096105575561523e+00,2.901351213455200195e+00,2.688151597976684570e+00,2.504863977432250977e+00,2.345747947692871094e+00,2.206385850906372070e+00,2.083822727203369141e+00,1.974593639373779297e+00,1.876368284225463867e+00,1.787965536117553711e+00,1.708062887191772461e+00,1.635012626647949219e+00,1.568282127380371094e+00,1.507826566696166992e+00,1.452052474021911621e+00,1.400483369827270508e+00,1.352523922920227051e+00,1.308624505996704102e+00,1.267673969268798828e+00,1.229250669479370117e+00,1.193761229515075684e+00,1.160381913185119629e+00,1.129051208496093750e+00,1.099890828132629395e+00,1.072203040122985840e+00,1.046504974365234375e+00,1.022001624107360840e+00,9.990005493164062500e-01,9.773004055023193359e-01,9.566543102264404297e-01,9.371933341026306152e-01,9.187886714935302734e-01,9.012463092803955078e-01,8.846594095230102539e-01,8.690496683120727539e-01,8.545302152633666992e-01,8.407396078109741211e-01,8.276351690292358398e-01,8.151775002479553223e-01,8.033301830291748047e-01,7.920602560043334961e-01,7.813369631767272949e-01,7.711318135261535645e-01,7.614188790321350098e-01,7.521735429763793945e-01,7.433738708496093750e-01,7.349991798400878906e-01,7.270300984382629395e-01,7.194485664367675781e-01,7.122384309768676758e-01,7.053838968276977539e-01,6.988708972930908203e-01,6.926863193511962891e-01,6.868177056312561035e-01,6.812531948089599609e-01,6.759825348854064941e-01,6.709955930709838867e-01,6.662831902503967285e-01,6.618366241455078125e-01,6.576480269432067871e-01,6.537100672721862793e-01,6.500157713890075684e-01,6.465588212013244629e-01,6.433334350585937500e-01,6.403341293334960938e-01,6.375558972358703613e-01,6.349942684173583984e-01,6.326451897621154785e-01,6.305046081542968750e-01,6.285694241523742676e-01,6.268363595008850098e-01,6.253028512001037598e-01,6.239663958549499512e-01,6.228249073028564453e-01,6.218767166137695312e-01,6.211202740669250488e-01,6.205545663833618164e-01,6.201785206794738770e-01,6.199917793273925781e-01,6.199939250946044922e-01,6.201849579811096191e-01,6.205651760101318359e-01,6.211351156234741211e-01,6.218957901000976562e-01,6.228482723236083984e-01,6.239939928054809570e-01,6.253349184989929199e-01,6.268728971481323242e-01,6.286103725433349609e-01,6.305501461029052734e-01,6.326953172683715820e-01,6.350491642951965332e-01,6.376154422760009766e-01,6.403985619544982910e-01,6.434028744697570801e-01,6.466333270072937012e-01,6.500956416130065918e-01,6.537953019142150879e-01,6.577388048171997070e-01,6.619330644607543945e-01,6.663854718208312988e-01,6.711037755012512207e-01,6.760969758033752441e-01,6.813741326332092285e-01,6.869453191757202148e-01,6.928208470344543457e-01,6.990128159523010254e-01,7.055330872535705566e-01,7.123953104019165039e-01,7.196135520935058594e-01,7.272036671638488770e-01,7.351816296577453613e-01,7.435656785964965820e-01,7.523750662803649902e-01,7.616302967071533203e-01,7.713541388511657715e-01,7.815703749656677246e-01,7.923058867454528809e-01,8.035882115364074707e-01,8.154485821723937988e-01,8.279202580451965332e-01,8.410398364067077637e-01,8.548460006713867188e-01,8.693823814392089844e-01,8.850134611129760742e-01,9.016196727752685547e-01,9.191827178001403809e-01,9.376099109649658203e-01,9.570951461791992188e-01,9.777677655220031738e-01,9.994962811470031738e-01,1.022527933120727539e+00,1.047064661979675293e+00,1.072798252105712891e+00,1.100525617599487305e+00,1.129728198051452637e+00,1.161105871200561523e+00,1.194536209106445312e+00,1.227590084075927734e+00,1.230945825576782227e+00,1.219099283218383789e+00,1.207843065261840820e+00,1.197154283523559570e+00,1.187011361122131348e+00,1.177394509315490723e+00,1.168285131454467773e+00,1.159666299819946289e+00,1.151522040367126465e+00,1.143836975097656250e+00,1.136597752571105957e+00,1.129791975021362305e+00,1.123407006263732910e+00,1.117432594299316406e+00,1.111857891082763672e+00,1.106674313545227051e+00,1.101872801780700684e+00,1.097445487976074219e+00,1.093385577201843262e+00,1.089686036109924316e+00,1.086341500282287598e+00,1.083346247673034668e+00,1.080695629119873047e+00,1.078385829925537109e+00,1.076413273811340332e+00,1.074774384498596191e+00,1.073466897010803223e+00,1.072489142417907715e+00,1.071839451789855957e+00,1.071516394615173340e+00,esquerda
5.969670772552490234e+00,5.971510887145996094e+00,5.975170135498046875e+00,5.980658054351806641e+00,5.987982749938964844e+00,5.997153282165527344e+00,5.541741847991943359e+00,4.803398132324218750e+00,4.236886024475097656e+00,3.791554212570190430e+00,3.431209087371826172e+00,3.133852243423461914e+00,2.885410308837890625e+00,2.673330545425415039e+00,2.491011619567871094e+00,2.332740783691406250e+00,2.194122791290283203e+00,2.072216272354125977e+00,1.963574051856994629e+00,1.865878343582153320e+00,1.777953386306762695e+00,1.698483467102050781e+00,1.625829339027404785e+00,1.559461832046508789e+00,1.499335646629333496e+00,1.443865537643432617e+00,1.392578244209289551e+00,1.344880700111389160e+00,1.301221728324890137e+00,1.260495424270629883e+00,1.222283124923706055e+00,1.186988234519958496e+00,1.153792023658752441e+00,1.122633337974548340e+00,1.093633055686950684e+00,1.066097497940063477e+00,1.040540575981140137e+00,1.016171813011169434e+00,9.932969212532043457e-01,9.717160463333129883e-01,9.511830806732177734e-01,9.318289756774902344e-01,9.135251641273498535e-01,8.960788249969482422e-01,8.795826435089111328e-01,8.640170097351074219e-01,8.495815396308898926e-01,8.358708024024963379e-01,8.228422403335571289e-01,8.104565143585205078e-01,7.986779808998107910e-01,7.874733209609985352e-01,7.768120765686035156e-01,7.666661143302917480e-01,7.570092678070068359e-01,7.478176951408386230e-01,7.390688657760620117e-01,7.307426929473876953e-01,7.228198647499084473e-01,7.152820825576782227e-01,7.081136703491210938e-01,7.012988924980163574e-01,6.948236823081970215e-01,6.886748671531677246e-01,6.828402280807495117e-01,6.773079633712768555e-01,6.720678210258483887e-01,6.671097874641418457e-01,6.624246239662170410e-01,6.580038070678710938e-01,6.538394689559936523e-01,6.499243378639221191e-01,6.462514996528625488e-01,6.428145170211791992e-01,6.396077871322631836e-01,6.366257667541503906e-01,6.338636279106140137e-01,6.313169002532958984e-01,6.289814114570617676e-01,6.268532872200012207e-01,6.249291896820068359e-01,6.232062578201293945e-01,6.216815710067749023e-01,6.203528642654418945e-01,6.192180514335632324e-01,6.182752847671508789e-01,6.175231933593750000e-01,6.169608235359191895e-01,6.165869832038879395e-01,6.164012551307678223e-01,6.164033412933349609e-01,6.165932416915893555e-01,6.169712543487548828e-01,6.175379753112792969e-01,6.182942390441894531e-01,6.192411780357360840e-01,6.203804016113281250e-01,6.217133998870849609e-01,6.232424974441528320e-01,6.249698996543884277e-01,6.268984079360961914e-01,6.290312409400939941e-01,6.313713788986206055e-01,6.339228749275207520e-01,6.366898417472839355e-01,6.396767497062683105e-01,6.428886055946350098e-01,6.463306546211242676e-01,6.500089168548583984e-01,6.539295911788940430e-01,6.580995917320251465e-01,6.625261902809143066e-01,6.672172546386718750e-01,6.721815466880798340e-01,6.774280071258544922e-01,6.829670071601867676e-01,6.888085007667541504e-01,6.949645876884460449e-01,7.014471292495727539e-01,7.082696557044982910e-01,7.154460549354553223e-01,7.229921817779541016e-01,7.309238910675048828e-01,7.392593622207641602e-01,7.480177283287048340e-01,7.572194933891296387e-01,7.668870091438293457e-01,7.770439386367797852e-01,7.877172827720642090e-01,7.989342808723449707e-01,8.107259273529052734e-01,8.231255412101745605e-01,8.361690044403076172e-01,8.498951196670532227e-01,8.643473386764526367e-01,8.798813223838806152e-01,8.963937163352966309e-01,9.138575792312622070e-01,9.321801066398620605e-01,9.515549540519714355e-01,9.721102118492126465e-01,9.937154054641723633e-01,1.016616106033325195e+00,1.041013121604919434e+00,1.066600084304809570e+00,1.094169378280639648e+00,1.123205423355102539e+00,1.154403805732727051e+00,1.187643289566040039e+00,1.221432566642761230e+00,1.230944752693176270e+00,1.219098210334777832e+00,1.207841992378234863e+00,1.197153091430664062e+00,1.187010288238525391e+00,1.177393317222595215e+00,1.168284058570861816e+00,1.159665226936340332e+00,1.151520848274230957e+00,1.143835783004760742e+00,1.136596798896789551e+00,1.129790663719177246e+00,1.123405933380126953e+00,1.117431402206420898e+00,1.111856818199157715e+00,1.106673002243041992e+00,1.101871609687805176e+00,1.097444295883178711e+00,1.093384385108947754e+00,1.089684844017028809e+00,1.086340188980102539e+00,1.083345055580139160e+00,1.080694556236267090e+00,1.078384637832641602e+00,1.076412081718444824e+00,1.074773192405700684e+00,1.073465704917907715e+00,1.072487831115722656e+00,1.071838259696960449e+00,1.071515202522277832e+00,esquerda
5.969670295715332031e+00,5.971509933471679688e+00,5.975169658660888672e+00,5.980658054351806641e+00,5.987982749938964844e+00,5.985406398773193359e+00,5.515122413635253906e+00,4.775154113769531250e+00,4.212036132812500000e+00,3.769358873367309570e+00,3.411153316497802734e+00,3.115556478500366211e+00,2.868581056594848633e+00,2.657750606536865234e+00,2.476503610610961914e+00,2.319160938262939453e+00,2.181354999542236328e+00,2.060161828994750977e+00,1.952154278755187988e+00,1.855028748512268066e+00,1.767616629600524902e+00,1.688609719276428223e+00,1.616378664970397949e+00,1.550397276878356934e+00,1.490620255470275879e+00,1.435472369194030762e+00,1.384482383728027344e+00,1.337061882019042969e+00,1.293655514717102051e+00,1.253165364265441895e+00,1.215173840522766113e+00,1.180083036422729492e+00,1.147078514099121094e+00,1.116099834442138672e+00,1.087266921997070312e+00,1.059889793395996094e+00,1.034480094909667969e+00,1.010251641273498535e+00,9.875081181526184082e-01,9.660511016845703125e-01,9.456360340118408203e-01,9.263926148414611816e-01,9.081935882568359375e-01,8.908469080924987793e-01,8.744449019432067871e-01,8.589836955070495605e-01,8.446323275566101074e-01,8.310015797615051270e-01,8.180488944053649902e-01,8.057353496551513672e-01,7.940253019332885742e-01,7.828859686851501465e-01,7.722868323326110840e-01,7.621999979019165039e-01,7.525995373725891113e-01,7.434613108634948730e-01,7.347635626792907715e-01,7.264857888221740723e-01,7.186090946197509766e-01,7.111153602600097656e-01,7.039886713027954102e-01,6.972135305404663086e-01,6.907760500907897949e-01,6.846631169319152832e-01,6.788623929023742676e-01,6.733624339103698730e-01,6.681527495384216309e-01,6.632235646247863770e-01,6.585657000541687012e-01,6.541706323623657227e-01,6.500306129455566406e-01,6.461383104324340820e-01,6.424868106842041016e-01,6.390698552131652832e-01,6.358817815780639648e-01,6.329171657562255859e-01,6.301711201667785645e-01,6.276392936706542969e-01,6.253173351287841797e-01,6.232016086578369141e-01,6.212887167930603027e-01,6.195757985115051270e-01,6.180600523948669434e-01,6.167390346527099609e-01,6.156107783317565918e-01,6.146736145019531250e-01,6.139259338378906250e-01,6.133667826652526855e-01,6.129951477050781250e-01,6.128105521202087402e-01,6.128125786781311035e-01,6.130014061927795410e-01,6.133771538734436035e-01,6.139404773712158203e-01,6.146923899650573730e-01,6.156339049339294434e-01,6.167663931846618652e-01,6.180917620658874512e-01,6.196119189262390137e-01,6.213292479515075684e-01,6.232464909553527832e-01,6.253668665885925293e-01,6.276934146881103516e-01,6.302300691604614258e-01,6.329808831214904785e-01,6.359503865242004395e-01,6.391434669494628906e-01,6.425654888153076172e-01,6.462222933769226074e-01,6.501201987266540527e-01,6.542659401893615723e-01,6.586667895317077637e-01,6.633304953575134277e-01,6.682658195495605469e-01,6.734817624092102051e-01,6.789884567260742188e-01,6.847959160804748535e-01,6.909161210060119629e-01,6.973609924316406250e-01,7.041437029838562012e-01,7.112783193588256836e-01,7.187803983688354492e-01,7.266660332679748535e-01,7.349529266357421875e-01,7.436602115631103516e-01,7.528084516525268555e-01,7.624196410179138184e-01,7.725174427032470703e-01,7.831284999847412109e-01,7.942802309989929199e-01,8.060032129287719727e-01,8.183305263519287109e-01,8.312979340553283691e-01,8.449442386627197266e-01,8.593122959136962891e-01,8.748106956481933594e-01,8.912326097488403320e-01,9.086008667945861816e-01,9.268223047256469727e-01,9.460885524749755859e-01,9.665285348892211914e-01,9.880124330520629883e-01,1.010784387588500977e+00,1.035044312477111816e+00,1.060487270355224609e+00,1.087901353836059570e+00,1.116773843765258789e+00,1.147796392440795898e+00,1.180848479270935059e+00,1.215363740921020508e+00,1.230945229530334473e+00,1.219098806381225586e+00,1.207842588424682617e+00,1.197153806686401367e+00,1.187010884284973145e+00,1.177394032478332520e+00,1.168284773826599121e+00,1.159665942192077637e+00,1.151521444320678711e+00,1.143836498260498047e+00,1.136597394943237305e+00,1.129791498184204102e+00,1.123406529426574707e+00,1.117432117462158203e+00,1.111857533454895020e+00,1.106673717498779297e+00,1.101872324943542480e+00,1.097445130348205566e+00,1.093385219573974609e+00,1.089685559272766113e+00,1.086340904235839844e+00,1.083345890045166016e+00,1.080695271492004395e+00,1.078385472297668457e+00,1.076412916183471680e+00,1.074773907661437988e+00,1.073466539382934570e+00,1.072488665580749512e+00,1.071839094161987305e+00,1.071516036987304688e+00,esquerda
5.969672679901123047e+00,5.971512317657470703e+00,5.975171566009521484e+00,5.980659484863281250e+00,5.987984180450439453e+00,5.966394901275634766e+00,5.482395648956298828e+00,4.746915340423583984e+00,4.187190532684326172e+00,3.747167825698852539e+00,3.391101837158203125e+00,3.097264528274536133e+00,2.851755142211914062e+00,2.642173051834106445e+00,2.461997509002685547e+00,2.305583953857421875e+00,2.168589830398559570e+00,2.048109292984008789e+00,1.940736770629882812e+00,1.844181180000305176e+00,1.757281661033630371e+00,1.678737521171569824e+00,1.606929421424865723e+00,1.541333794593811035e+00,1.481906175613403320e+00,1.427080392837524414e+00,1.376387834548950195e+00,1.329243779182434082e+00,1.286090493202209473e+00,1.245835781097412109e+00,1.208065509796142578e+00,1.173178791999816895e+00,1.140366077423095703e+00,1.109567165374755859e+00,1.080901384353637695e+00,1.053683161735534668e+00,1.028420567512512207e+00,1.004332065582275391e+00,9.817201495170593262e-01,9.603869915008544922e-01,9.400896430015563965e-01,9.209571480751037598e-01,9.028626680374145508e-01,8.856155872344970703e-01,8.693076372146606445e-01,8.539517521858215332e-01,8.396845459938049316e-01,8.261336088180541992e-01,8.132567405700683594e-01,8.010154962539672852e-01,7.893740534782409668e-01,7.782999277114868164e-01,7.677628397941589355e-01,7.577350139617919922e-01,7.481908202171325684e-01,7.391062378883361816e-01,7.304594516754150391e-01,7.222301363945007324e-01,7.143995165824890137e-01,7.069496512413024902e-01,6.998647451400756836e-01,6.931293010711669922e-01,6.867295503616333008e-01,6.806524395942687988e-01,6.748857498168945312e-01,6.694179177284240723e-01,6.642388105392456055e-01,6.593384146690368652e-01,6.547079086303710938e-01,6.503385901451110840e-01,6.462228894233703613e-01,6.423532962799072266e-01,6.387231945991516113e-01,6.353262662887573242e-01,6.321569085121154785e-01,6.292095780372619629e-01,6.264796853065490723e-01,6.239625811576843262e-01,6.216542720794677734e-01,6.195510029792785645e-01,6.176493167877197266e-01,6.159464716911315918e-01,6.144395470619201660e-01,6.131262779235839844e-01,6.120046377182006836e-01,6.110728979110717773e-01,6.103295683860778809e-01,6.097736954689025879e-01,6.094042658805847168e-01,6.092208027839660645e-01,6.092228293418884277e-01,6.094105243682861328e-01,6.097841262817382812e-01,6.103441715240478516e-01,6.110916137695312500e-01,6.120275855064392090e-01,6.131534576416015625e-01,6.144710779190063477e-01,6.159822940826416016e-01,6.176896095275878906e-01,6.195955872535705566e-01,6.217035651206970215e-01,6.240165233612060547e-01,6.265382766723632812e-01,6.292729973793029785e-01,6.322250962257385254e-01,6.353994011878967285e-01,6.388015151023864746e-01,6.424368619918823242e-01,6.463119387626647949e-01,6.504333615303039551e-01,6.548084616661071777e-01,6.594448089599609375e-01,6.643512248992919922e-01,6.695365905761718750e-01,6.750110387802124023e-01,6.807845234870910645e-01,6.868688464164733887e-01,6.932759284973144531e-01,7.000190019607543945e-01,7.071118354797363281e-01,7.145699858665466309e-01,7.224093675613403320e-01,7.306476831436157227e-01,7.393040657043457031e-01,7.483986020088195801e-01,7.579535245895385742e-01,7.679921984672546387e-01,7.785410284996032715e-01,7.896275520324707031e-01,8.012818694114685059e-01,8.135369420051574707e-01,8.264284729957580566e-01,8.399947881698608398e-01,8.542786240577697754e-01,8.696782588958740234e-01,8.860064744949340820e-01,9.032753109931945801e-01,9.213926792144775391e-01,9.405483603477478027e-01,9.608709812164306641e-01,9.822313785552978516e-01,1.004872322082519531e+00,1.028992533683776855e+00,1.054288864135742188e+00,1.081544756889343262e+00,1.110250473022460938e+00,1.141094088554382324e+00,1.173955082893371582e+00,1.208894729614257812e+00,1.229674935340881348e+00,1.219096899032592773e+00,1.207840681076049805e+00,1.197151899337768555e+00,1.187008976936340332e+00,1.177392244338989258e+00,1.168282747268676758e+00,1.159664154052734375e+00,1.151519656181335449e+00,1.143834710121154785e+00,1.136595606803894043e+00,1.129789710044860840e+00,1.123404860496520996e+00,1.117430210113525391e+00,1.111855745315551758e+00,1.106672048568725586e+00,1.101870536804199219e+00,1.097443342208862305e+00,1.093383431434631348e+00,1.089683890342712402e+00,1.086339235305786133e+00,1.083344101905822754e+00,1.080693483352661133e+00,1.078383684158325195e+00,1.076411008834838867e+00,1.074772238731384277e+00,1.073464751243591309e+00,1.072486996650695801e+00,1.071837306022644043e+00,1.071514248847961426e+00,esquerda
5.969673156738281250e+00,5.971512794494628906e+00,5.975172519683837891e+00,5.980660438537597656e+00,5.987984657287597656e+00,5.948048114776611328e+00,5.450598716735839844e+00,4.719151496887207031e+00,4.162542819976806641e+00,3.725020647048950195e+00,3.371053218841552734e+00,3.078974962234497070e+00,2.834931373596191406e+00,2.626597642898559570e+00,2.447493076324462891e+00,2.292007446289062500e+00,2.155825376510620117e+00,2.036057949066162109e+00,1.929319858551025391e+00,1.833334445953369141e+00,1.746947407722473145e+00,1.668866157531738281e+00,1.597480773925781250e+00,1.532271027565002441e+00,1.473192691802978516e+00,1.418688774108886719e+00,1.368294000625610352e+00,1.321426272392272949e+00,1.278525829315185547e+00,1.238506913185119629e+00,1.200957417488098145e+00,1.166274785995483398e+00,1.133653879165649414e+00,1.103034734725952148e+00,1.074536204338073730e+00,1.047476649284362793e+00,1.022360920906066895e+00,9.984128475189208984e-01,9.759324193000793457e-01,9.547229409217834473e-01,9.345433712005615234e-01,9.155217409133911133e-01,8.975319862365722656e-01,8.803845047950744629e-01,8.641706109046936035e-01,8.489198684692382812e-01,8.347366452217102051e-01,8.212655782699584961e-01,8.084645867347717285e-01,7.962953448295593262e-01,7.847225666046142578e-01,7.737137079238891602e-01,7.632387280464172363e-01,7.532700300216674805e-01,7.437820434570312500e-01,7.347509264945983887e-01,7.261549830436706543e-01,7.179743051528930664e-01,7.101898193359375000e-01,7.027838826179504395e-01,6.957406997680664062e-01,6.890449523925781250e-01,6.826828718185424805e-01,6.766415238380432129e-01,6.709088087081909180e-01,6.654731631278991699e-01,6.603246331214904785e-01,6.554531455039978027e-01,6.508499383926391602e-01,6.465063095092773438e-01,6.424148082733154297e-01,6.385680437088012695e-01,6.349593997001647949e-01,6.315824389457702637e-01,6.284317374229431152e-01,6.255018115043640137e-01,6.227880120277404785e-01,6.202857494354248047e-01,6.179910302162170410e-01,6.159000992774963379e-01,6.140096783638000488e-01,6.123168468475341797e-01,6.108188033103942871e-01,6.095132827758789062e-01,6.083982586860656738e-01,6.074720025062561035e-01,6.067330837249755859e-01,6.061804890632629395e-01,6.058131456375122070e-01,6.056307554244995117e-01,6.056327819824218750e-01,6.058193445205688477e-01,6.061907410621643066e-01,6.067475080490112305e-01,6.074905395507812500e-01,6.084210276603698730e-01,6.095402836799621582e-01,6.108500361442565918e-01,6.123523712158203125e-01,6.140496730804443359e-01,6.159444451332092285e-01,6.180399656295776367e-01,6.203392744064331055e-01,6.228461861610412598e-01,6.255647540092468262e-01,6.284995079040527344e-01,6.316550970077514648e-01,6.350371241569519043e-01,6.386510729789733887e-01,6.425032615661621094e-01,6.466003656387329102e-01,6.509497165679931641e-01,6.555588245391845703e-01,6.604362726211547852e-01,6.655911207199096680e-01,6.710332036018371582e-01,6.767726540565490723e-01,6.828211545944213867e-01,6.891905069351196289e-01,6.958938241004943848e-01,7.029448747634887695e-01,7.103590369224548340e-01,7.181522250175476074e-01,7.263420224189758301e-01,7.349473834037780762e-01,7.439883351325988770e-01,7.534869313240051270e-01,7.634665369987487793e-01,7.739531993865966797e-01,7.849742770195007324e-01,7.965599298477172852e-01,8.087427616119384766e-01,8.215582966804504395e-01,8.350447416305541992e-01,8.492444157600402832e-01,8.645468354225158691e-01,8.807812333106994629e-01,8.979506492614746094e-01,9.159638881683349609e-01,9.350112080574035645e-01,9.552189111709594727e-01,9.764584898948669434e-01,9.989713430404663086e-01,1.022955060005187988e+00,1.048108220100402832e+00,1.075209856033325195e+00,1.103753209114074707e+00,1.134422063827514648e+00,1.167097210884094238e+00,1.201839447021484375e+00,1.225868105888366699e+00,1.219096899032592773e+00,1.207840681076049805e+00,1.197151780128479004e+00,1.187008976936340332e+00,1.177392125129699707e+00,1.168282747268676758e+00,1.159663915634155273e+00,1.151519656181335449e+00,1.143834590911865234e+00,1.136595487594604492e+00,1.129789590835571289e+00,1.123404860496520996e+00,1.117430090904235840e+00,1.111855626106262207e+00,1.106671929359436035e+00,1.101870417594909668e+00,1.097443103790283203e+00,1.093383193016052246e+00,1.089683771133422852e+00,1.086338996887207031e+00,1.083343863487243652e+00,1.080693364143371582e+00,1.078383445739746094e+00,1.076410770416259766e+00,1.074772000312805176e+00,1.073464512825012207e+00,1.072486639022827148e+00,1.071837067604064941e+00,1.071514010429382324e+00,esquerda
5.969672679901123047e+00,5.971512317657470703e+00,5.975171566009521484e+00,5.980659961700439453e+00,5.987984657287597656e+00,5.930385589599609375e+00,5.420160293579101562e+00,4.692832946777343750e+00,4.139350891113281250e+00,3.704257726669311523e+00,3.352197885513305664e+00,3.061677217483520508e+00,2.818945169448852539e+00,2.611738204956054688e+00,2.433607578277587891e+00,2.278971672058105469e+00,2.143536090850830078e+00,2.024428606033325195e+00,1.918280005455017090e+00,1.822826385498046875e+00,1.736918807029724121e+00,1.659271836280822754e+00,1.588284254074096680e+00,1.523438334465026855e+00,1.464690566062927246e+00,1.410491704940795898e+00,1.360379338264465332e+00,1.313774585723876953e+00,1.271114945411682129e+00,1.231321096420288086e+00,1.193982720375061035e+00,1.159495353698730469e+00,1.127058029174804688e+00,1.096611380577087402e+00,1.068273305892944336e+00,1.041365981101989746e+00,1.016391992568969727e+00,9.925786852836608887e-01,9.702246785163879395e-01,9.491347670555114746e-01,9.290686845779418945e-01,9.101538658142089844e-01,8.922653198242187500e-01,8.752141594886779785e-01,8.590911030769348145e-01,8.438879847526550293e-01,8.297888636589050293e-01,8.163976073265075684e-01,8.036725521087646484e-01,7.915754914283752441e-01,7.800712585449218750e-01,7.691276073455810547e-01,7.587147951126098633e-01,7.488051652908325195e-01,7.393734455108642578e-01,7.303957939147949219e-01,7.218509316444396973e-01,7.137186527252197266e-01,7.059803605079650879e-01,6.986182928085327148e-01,6.916168928146362305e-01,6.849609017372131348e-01,6.786364316940307617e-01,6.726309657096862793e-01,6.669322252273559570e-01,6.615288257598876953e-01,6.564107537269592285e-01,6.515682339668273926e-01,6.469922065734863281e-01,6.426743865013122559e-01,6.386071443557739258e-01,6.347832083702087402e-01,6.311959028244018555e-01,6.278389692306518555e-01,6.247069239616394043e-01,6.217944025993347168e-01,6.190966963768005371e-01,6.166092753410339355e-01,6.143282055854797363e-01,6.122496128082275391e-01,6.103703379631042480e-01,6.086875796318054199e-01,6.071984171867370605e-01,6.059005856513977051e-01,6.047921776771545410e-01,6.038714647293090820e-01,6.031368970870971680e-01,6.025876402854919434e-01,6.022225022315979004e-01,6.020411252975463867e-01,6.020431518554687500e-01,6.022286415100097656e-01,6.025978326797485352e-01,6.031513214111328125e-01,6.038900017738342285e-01,6.048148870468139648e-01,6.059275269508361816e-01,6.072295904159545898e-01,6.087230443954467773e-01,6.104101538658142090e-01,6.122937202453613281e-01,6.143768429756164551e-01,6.166625022888183594e-01,6.191545724868774414e-01,6.218571066856384277e-01,6.247743964195251465e-01,6.279113888740539551e-01,6.312733292579650879e-01,6.348659396171569824e-01,6.386952400207519531e-01,6.427680850028991699e-01,6.470915675163269043e-01,6.516733169555664062e-01,6.565219759941101074e-01,6.616461873054504395e-01,6.670560836791992188e-01,6.727615594863891602e-01,6.787741184234619141e-01,6.851057410240173340e-01,6.917693018913269043e-01,6.987785696983337402e-01,7.061488628387451172e-01,7.138959169387817383e-01,7.220371365547180176e-01,7.305914163589477539e-01,7.395789027214050293e-01,7.490211129188537598e-01,7.589415311813354492e-01,7.693660855293273926e-01,7.803219556808471680e-01,7.918388247489929199e-01,8.039495348930358887e-01,8.166891336441040039e-01,8.300954699516296387e-01,8.442111015319824219e-01,8.594151139259338379e-01,8.755557537078857422e-01,8.926258683204650879e-01,9.105347990989685059e-01,9.294714331626892090e-01,9.495617747306823730e-01,9.706779122352600098e-01,9.930597543716430664e-01,1.016903758049011230e+00,1.041910290718078613e+00,1.068853855133056641e+00,1.097230553627014160e+00,1.127720355987548828e+00,1.160204410552978516e+00,1.194743394851684570e+00,1.222037434577941895e+00,1.219096183776855469e+00,1.207839965820312500e+00,1.197151064872741699e+00,1.187008261680603027e+00,1.177391290664672852e+00,1.168282151222229004e+00,1.159663200378417969e+00,1.151518940925598145e+00,1.143833875656127930e+00,1.136594772338867188e+00,1.129788875579833984e+00,1.123404026031494141e+00,1.117429375648498535e+00,1.111854910850524902e+00,1.106671094894409180e+00,1.101869702339172363e+00,1.097442388534545898e+00,1.093382477760314941e+00,1.089682936668395996e+00,1.086338281631469727e+00,1.083343148231506348e+00,1.080692648887634277e+00,1.078382849693298340e+00,1.076410055160522461e+00,1.074771285057067871e+00,1.073463916778564453e+00,1.072486042976379395e+00,1.071836352348327637e+00,1.071513295173645020e+00,esquerda
5.969673156738281250e+00,5.971512794494628906e+00,5.975172042846679688e+00,5.980660438537597656e+00,5.987985134124755859e+00,5.911358833312988281e+00,5.387414932250976562e+00,4.664587974548339844e+00,4.114505290985107422e+00,3.682069301605224609e+00,3.332147836685180664e+00,3.043385982513427734e+00,2.802119493484497070e+00,2.596161127090454102e+00,2.419101953506469727e+00,2.265394210815429688e+00,2.130770444869995117e+00,2.012375831604003906e+00,1.906862020492553711e+00,1.811978340148925781e+00,1.726583242416381836e+00,1.649399161338806152e+00,1.578834414482116699e+00,1.514374494552612305e+00,1.455975890159606934e+00,1.402099132537841797e+00,1.352284073829650879e+00,1.305956125259399414e+00,1.263549208641052246e+00,1.223991036415100098e+00,1.186874032020568848e+00,1.152590394020080566e+00,1.120344877243041992e+00,1.090077757835388184e+00,1.061907172203063965e+00,1.035158514976501465e+00,1.010331749916076660e+00,9.866585135459899902e-01,9.644360542297363281e-01,9.434699416160583496e-01,9.235216379165649414e-01,9.047177433967590332e-01,8.869338035583496094e-01,8.699822425842285156e-01,8.539531826972961426e-01,8.388551473617553711e-01,8.248400688171386719e-01,8.115286827087402344e-01,7.988795042037963867e-01,7.868545651435852051e-01,7.754189372062683105e-01,7.645406723022460938e-01,7.541898488998413086e-01,7.443392872810363770e-01,7.349638342857360840e-01,7.260397672653198242e-01,7.175458073616027832e-01,7.094620466232299805e-01,7.017698884010314941e-01,6.944516897201538086e-01,6.874920725822448730e-01,6.808757185935974121e-01,6.745890378952026367e-01,6.686193346977233887e-01,6.629546284675598145e-01,6.575834751129150391e-01,6.524959802627563477e-01,6.476822495460510254e-01,6.431335806846618652e-01,6.388414502143859863e-01,6.347984671592712402e-01,6.309973001480102539e-01,6.274313926696777344e-01,6.240944862365722656e-01,6.209810972213745117e-01,6.180859208106994629e-01,6.154043078422546387e-01,6.129318475723266602e-01,6.106643080711364746e-01,6.085981726646423340e-01,6.067301630973815918e-01,6.050572991371154785e-01,6.035770177841186523e-01,6.022869348526000977e-01,6.011852025985717773e-01,6.002699136734008789e-01,5.995397567749023438e-01,5.989937186241149902e-01,5.986307859420776367e-01,5.984504818916320801e-01,5.984525084495544434e-01,5.986368656158447266e-01,5.990039110183715820e-01,5.995540618896484375e-01,6.002883315086364746e-01,6.012077927589416504e-01,6.023136973381042480e-01,6.036079525947570801e-01,6.050924658775329590e-01,6.067696213722229004e-01,6.086419224739074707e-01,6.107126474380493164e-01,6.129846572875976562e-01,6.154618263244628906e-01,6.181482672691345215e-01,6.210481524467468262e-01,6.241664886474609375e-01,6.275083422660827637e-01,6.310794949531555176e-01,6.348859071731567383e-01,6.389344334602355957e-01,6.432321667671203613e-01,6.477866172790527344e-01,6.526063084602355957e-01,6.577000617980957031e-01,6.630776524543762207e-01,6.687490940093994141e-01,6.747258901596069336e-01,6.810196638107299805e-01,6.876434683799743652e-01,6.946109533309936523e-01,7.019372582435607910e-01,7.096381187438964844e-01,7.177307605743408203e-01,7.262340188026428223e-01,7.351678609848022461e-01,7.445538640022277832e-01,7.544150352478027344e-01,7.647774219512939453e-01,7.756679058074951172e-01,7.871161699295043945e-01,7.991546392440795898e-01,8.118181824684143066e-01,8.251447081565856934e-01,8.391759991645812988e-01,8.542832732200622559e-01,8.703302145004272461e-01,8.873011469841003418e-01,9.051055908203125000e-01,9.239317774772644043e-01,9.439047574996948242e-01,9.648973941802978516e-01,9.871482849121093750e-01,1.010852694511413574e+00,1.035712718963623047e+00,1.062497973442077637e+00,1.090708136558532715e+00,1.121018648147583008e+00,1.153311967849731445e+00,1.187647819519042969e+00,1.218206882476806641e+00,1.219095706939697266e+00,1.207839369773864746e+00,1.197150707244873047e+00,1.187007784843444824e+00,1.177390933036804199e+00,1.168281674385070801e+00,1.159662961959838867e+00,1.151518583297729492e+00,1.143833518028259277e+00,1.136594533920288086e+00,1.129788517951965332e+00,1.123403787612915039e+00,1.117429137229919434e+00,1.111854791641235352e+00,1.106670856475830078e+00,1.101869583129882812e+00,1.097442150115966797e+00,1.093382358551025391e+00,1.089682698249816895e+00,1.086338162422180176e+00,1.083343029022216797e+00,1.080692529678344727e+00,1.078382611274719238e+00,1.076409935951232910e+00,1.074771046638488770e+00,1.073463678359985352e+00,1.072485804557800293e+00,1.071836233139038086e+00,1.071513175964355469e+00,esquerda
5.969675064086914062e+00,5.971514701843261719e+00,5.975174427032470703e+00,5.980661869049072266e+00,5.987986564636230469e+00,5.892364978790283203e+00,5.354716777801513672e+00,4.636369228363037109e+00,4.089674949645996094e+00,3.659888744354248047e+00,3.312103509902954102e+00,3.025099515914916992e+00,2.785298347473144531e+00,2.580588102340698242e+00,2.404599189758300781e+00,2.251819372177124023e+00,2.118007898330688477e+00,2.000325679779052734e+00,1.895446181297302246e+00,1.801132202148437500e+00,1.716249704360961914e+00,1.639528274536132812e+00,1.569386243820190430e+00,1.505312204360961914e+00,1.447262763977050781e+00,1.393707871437072754e+00,1.344190478324890137e+00,1.298138618469238281e+00,1.255984902381896973e+00,1.216662406921386719e+00,1.179766058921813965e+00,1.145686507225036621e+00,1.113632678985595703e+00,1.083545565605163574e+00,1.055542111396789551e+00,1.028952121734619141e+00,1.004272222518920898e+00,9.807392358779907227e-01,9.586482644081115723e-01,9.378059506416320801e-01,9.179753661155700684e-01,8.992822766304016113e-01,8.816028833389282227e-01,8.647511005401611328e-01,8.488162159919738770e-01,8.338217735290527344e-01,8.198909163475036621e-01,8.066593408584594727e-01,7.940860986709594727e-01,7.821332812309265137e-01,7.707661986351013184e-01,7.599531412124633789e-01,7.496645450592041016e-01,7.398731112480163574e-01,7.305538654327392578e-01,7.216834425926208496e-01,7.132403850555419922e-01,7.052052021026611328e-01,6.975591182708740234e-01,6.902847886085510254e-01,6.833670139312744141e-01,6.767903566360473633e-01,6.705414652824401855e-01,6.646075248718261719e-01,6.589767336845397949e-01,6.536378264427185059e-01,6.485808491706848145e-01,6.437960267066955566e-01,6.392745971679687500e-01,6.350082159042358398e-01,6.309894919395446777e-01,6.272112131118774414e-01,6.236667633056640625e-01,6.203498244285583496e-01,6.172551512718200684e-01,6.143773794174194336e-01,6.117118597030639648e-01,6.092540621757507324e-01,6.070001125335693359e-01,6.049464344978332520e-01,6.030896306037902832e-01,6.014268398284912109e-01,5.999554395675659180e-01,5.986731648445129395e-01,5.975779891014099121e-01,5.966682434082031250e-01,5.959424376487731934e-01,5.953996777534484863e-01,5.950388908386230469e-01,5.948597192764282227e-01,5.948617458343505859e-01,5.950450301170349121e-01,5.954098105430603027e-01,5.959566235542297363e-01,5.966864824295043945e-01,5.976004004478454590e-01,5.986998081207275391e-01,5.999862551689147949e-01,6.014618277549743652e-01,6.031289100646972656e-01,6.049900054931640625e-01,6.070483326911926270e-01,6.093066930770874023e-01,6.117689609527587891e-01,6.144393086433410645e-01,6.173218488693237305e-01,6.204213500022888184e-01,6.237431168556213379e-01,6.272928714752197266e-01,6.310765147209167480e-01,6.351007819175720215e-01,6.393727064132690430e-01,6.438998579978942871e-01,6.486906409263610840e-01,6.537538170814514160e-01,6.590991616249084473e-01,6.647365093231201172e-01,6.706774234771728516e-01,6.769334673881530762e-01,6.835175752639770508e-01,6.904432177543640137e-01,6.977255940437316895e-01,7.053802609443664551e-01,7.134242653846740723e-01,7.218765616416931152e-01,7.307567596435546875e-01,7.400863766670227051e-01,7.498885393142700195e-01,7.601886987686157227e-01,7.710137367248535156e-01,7.823934555053710938e-01,7.943596243858337402e-01,8.069471716880798340e-01,8.201937675476074219e-01,8.341408371925354004e-01,8.491509556770324707e-01,8.651041388511657715e-01,8.819756507873535156e-01,8.996759057044982910e-01,9.183914065361022949e-01,9.382471442222595215e-01,9.591163396835327148e-01,9.812361598014831543e-01,1.004801034927368164e+00,1.029514431953430176e+00,1.056141853332519531e+00,1.084185361862182617e+00,1.114316940307617188e+00,1.146419167518615723e+00,1.180551886558532715e+00,1.214376091957092285e+00,1.219094514846801758e+00,1.207838296890258789e+00,1.197149515151977539e+00,1.187006831169128418e+00,1.177389860153198242e+00,1.168280601501464844e+00,1.159661769866943359e+00,1.151517391204833984e+00,1.143832325935363770e+00,1.136593341827392578e+00,1.129787445068359375e+00,1.123402595520019531e+00,1.117428064346313477e+00,1.111853480339050293e+00,1.106669783592224121e+00,1.101868271827697754e+00,1.097441077232360840e+00,1.093381166458129883e+00,1.089681506156921387e+00,1.086336851119995117e+00,1.083341836929321289e+00,1.080691218376159668e+00,1.078381419181823730e+00,1.076408743858337402e+00,1.074769854545593262e+00,1.073462486267089844e+00,1.072484612464904785e+00,1.071834921836853027e+00,1.071511983871459961e+00,esquerda
5.969674587249755859e+00,5.971514225006103516e+00,5.975173950195312500e+00,5.980661869049072266e+00,5.987986564636230469e+00,5.875383853912353516e+00,5.325237751007080078e+00,4.610556125640869141e+00,4.066710472106933594e+00,3.639198541641235352e+00,3.293276786804199219e+00,3.007825851440429688e+00,2.769332170486450195e+00,2.565745592117309570e+00,2.390728473663330078e+00,2.238796710968017578e+00,2.105730295181274414e+00,1.988706588745117188e+00,1.884415626525878906e+00,1.790632247924804688e+00,1.706228494644165039e+00,1.629940748214721680e+00,1.560195803642272949e+00,1.496485233306884766e+00,1.438765645027160645e+00,1.385515689849853516e+00,1.336280226707458496e+00,1.290490865707397461e+00,1.248577833175659180e+00,1.209480047225952148e+00,1.172794699668884277e+00,1.138910055160522461e+00,1.107039690017700195e+00,1.077124714851379395e+00,1.049281477928161621e+00,1.022843837738037109e+00,9.983054399490356445e-01,9.749071002006530762e-01,9.529425501823425293e-01,9.322196841239929199e-01,9.125024080276489258e-01,8.939161300659179688e-01,8.763378262519836426e-01,8.595821261405944824e-01,8.437380194664001465e-01,8.287904262542724609e-01,8.149434924125671387e-01,8.017918467521667480e-01,7.892943620681762695e-01,7.774136662483215332e-01,7.661153078079223633e-01,7.553675770759582520e-01,7.451409697532653809e-01,7.354086041450500488e-01,7.261455655097961426e-01,7.173286676406860352e-01,7.089365720748901367e-01,7.009498476982116699e-01,6.933499574661254883e-01,6.861196160316467285e-01,6.792435050010681152e-01,6.727064847946166992e-01,6.664952635765075684e-01,6.605970859527587891e-01,6.550003886222839355e-01,6.496937274932861328e-01,6.446672081947326660e-01,6.399112939834594727e-01,6.354171633720397949e-01,6.311765909194946289e-01,6.271820664405822754e-01,6.234265565872192383e-01,6.199034452438354492e-01,6.166065931320190430e-01,6.135305166244506836e-01,6.106700897216796875e-01,6.080206036567687988e-01,6.055777072906494141e-01,6.033374071121215820e-01,6.012960672378540039e-01,5.994505286216735840e-01,5.977977514266967773e-01,5.963352918624877930e-01,5.950607061386108398e-01,5.939721465110778809e-01,5.930678248405456543e-01,5.923463702201843262e-01,5.918068885803222656e-01,5.914483666419982910e-01,5.912702083587646484e-01,5.912722349166870117e-01,5.914544463157653809e-01,5.918170213699340820e-01,5.923605561256408691e-01,5.930860042572021484e-01,5.939943790435791016e-01,5.950871109962463379e-01,5.963658094406127930e-01,5.978326201438903809e-01,5.994895696640014648e-01,6.013393998146057129e-01,6.033852696418762207e-01,6.056300401687622070e-01,6.080775260925292969e-01,6.107316613197326660e-01,6.135968565940856934e-01,6.166777014732360840e-01,6.199793815612792969e-01,6.235076785087585449e-01,6.272684931755065918e-01,6.312685012817382812e-01,6.355146169662475586e-01,6.400144696235656738e-01,6.447763442993164062e-01,6.498090028762817383e-01,6.551220417022705078e-01,6.607253551483154297e-01,6.666304469108581543e-01,6.728487610816955566e-01,6.793931126594543457e-01,6.862770318984985352e-01,6.935154199600219727e-01,7.011238336563110352e-01,7.091194987297058105e-01,7.175206542015075684e-01,7.263472676277160645e-01,7.356206178665161133e-01,7.453635931015014648e-01,7.556016445159912109e-01,7.663614153861999512e-01,7.776723504066467285e-01,7.895664572715759277e-01,8.020781278610229492e-01,8.152446150779724121e-01,8.291075825691223145e-01,8.440194725990295410e-01,8.598788976669311523e-01,8.766511678695678711e-01,8.942469954490661621e-01,9.128519296646118164e-01,9.325902462005615234e-01,9.533358812332153320e-01,9.753247499465942383e-01,9.987497925758361816e-01,1.023316502571105957e+00,1.049785614013671875e+00,1.077662467956542969e+00,1.107614755630493164e+00,1.139525890350341797e+00,1.173455357551574707e+00,1.210190176963806152e+00,1.218929886817932129e+00,1.207837462425231934e+00,1.197148680686950684e+00,1.187005996704101562e+00,1.177389144897460938e+00,1.168279767036437988e+00,1.159661054611206055e+00,1.151516556739807129e+00,1.143831729888916016e+00,1.136592626571655273e+00,1.129786729812622070e+00,1.123401761054992676e+00,1.117427229881286621e+00,1.111852645874023438e+00,1.106669068336486816e+00,1.101867675781250000e+00,1.097440361976623535e+00,1.093380451202392578e+00,1.089680790901184082e+00,1.086336135864257812e+00,1.083341121673583984e+00,1.080690622329711914e+00,1.078380703926086426e+00,1.076408028602600098e+00,1.074769139289855957e+00,1.073461771011352539e+00,1.072483897209167480e+00,1.071834206581115723e+00,1.071511268615722656e+00,esquerda
5.969675064086914062e+00,5.971514701843261719e+00,5.975174427032470703e+00,5.980663299560546875e+00,5.987987518310546875e+00,5.856387138366699219e+00,5.292535305023193359e+00,4.582334995269775391e+00,4.041878700256347656e+00,3.617017984390258789e+00,3.273233175277709961e+00,2.989540338516235352e+00,2.752511978149414062e+00,2.550172805786132812e+00,2.376226902008056641e+00,2.225222826004028320e+00,2.092968225479125977e+00,1.976657032966613770e+00,1.873000502586364746e+00,1.779787063598632812e+00,1.695895671844482422e+00,1.620070457458496094e+00,1.550748229026794434e+00,1.487423539161682129e+00,1.430052995681762695e+00,1.377125024795532227e+00,1.328186988830566406e+00,1.282674193382263184e+00,1.241014003753662109e+00,1.202151656150817871e+00,1.165687322616577148e+00,1.132006764411926270e+00,1.100327968597412109e+00,1.070592880249023438e+00,1.042916893959045410e+00,1.016637802124023438e+00,9.922464489936828613e-01,9.689882993698120117e-01,9.471550583839416504e-01,9.265559911727905273e-01,9.069564938545227051e-01,8.884810805320739746e-01,8.710073828697204590e-01,8.543512821197509766e-01,8.386012911796569824e-01,8.237582445144653320e-01,8.099954128265380859e-01,7.969236373901367188e-01,7.845020294189453125e-01,7.726935744285583496e-01,7.614637017250061035e-01,7.507812380790710449e-01,7.406167387962341309e-01,7.309434413909912109e-01,7.217367291450500488e-01,7.129732370376586914e-01,7.046321630477905273e-01,6.966939568519592285e-01,6.891401410102844238e-01,6.819537281990051270e-01,6.751194000244140625e-01,6.686220765113830566e-01,6.624485254287719727e-01,6.565862298011779785e-01,6.510234475135803223e-01,6.457489728927612305e-01,6.407529711723327637e-01,6.360259652137756348e-01,6.315591335296630859e-01,6.273442506790161133e-01,6.233741044998168945e-01,6.196413040161132812e-01,6.161396503448486328e-01,6.128628253936767578e-01,6.098054051399230957e-01,6.069623827934265137e-01,6.043289303779602051e-01,6.019009351730346680e-01,5.996742248535156250e-01,5.976452827453613281e-01,5.958108901977539062e-01,5.941681265830993652e-01,5.927145481109619141e-01,5.914477109909057617e-01,5.903657674789428711e-01,5.894669890403747559e-01,5.887500047683715820e-01,5.882138013839721680e-01,5.878573656082153320e-01,5.876802802085876465e-01,5.876822471618652344e-01,5.878633260726928711e-01,5.882236957550048828e-01,5.887640118598937988e-01,5.894850492477416992e-01,5.903878808021545410e-01,5.914739966392517090e-01,5.927450060844421387e-01,5.942028164863586426e-01,5.958497524261474609e-01,5.976884365081787109e-01,5.997218489646911621e-01,6.019529104232788086e-01,6.043854951858520508e-01,6.070235967636108398e-01,6.098712682723999023e-01,6.129334568977355957e-01,6.162151098251342773e-01,6.197220087051391602e-01,6.234600543975830078e-01,6.274356842041015625e-01,6.316560506820678711e-01,6.361286044120788574e-01,6.408615708351135254e-01,6.458637118339538574e-01,6.511444449424743652e-01,6.567137837409973145e-01,6.625829935073852539e-01,6.687635183334350586e-01,6.752681732177734375e-01,6.821102499961853027e-01,6.893047094345092773e-01,6.968669295310974121e-01,7.048140168190002441e-01,7.131642699241638184e-01,7.219372391700744629e-01,7.311543822288513184e-01,7.408381104469299316e-01,7.510139942169189453e-01,7.617084383964538574e-01,7.729506492614746094e-01,7.847725152969360352e-01,7.972081899642944336e-01,8.102948665618896484e-01,8.240737318992614746e-01,8.389471769332885742e-01,8.547160625457763672e-01,8.713924884796142578e-01,8.888875842094421387e-01,9.073859453201293945e-01,9.270089864730834961e-01,9.476332664489746094e-01,9.694933295249938965e-01,9.927811026573181152e-01,1.017203688621520996e+00,1.043517589569091797e+00,1.071230769157409668e+00,1.101007103919982910e+00,1.132730722427368164e+00,1.166460394859313965e+00,1.202979326248168945e+00,1.217341899871826172e+00,1.207837104797363281e+00,1.197148561477661133e+00,1.187005639076232910e+00,1.177388668060302734e+00,1.168279409408569336e+00,1.159660696983337402e+00,1.151516318321228027e+00,1.143831372261047363e+00,1.136592388153076172e+00,1.129786372184753418e+00,1.123401522636413574e+00,1.117426991462707520e+00,1.111852526664733887e+00,1.106668829917907715e+00,1.101867437362670898e+00,1.097440123558044434e+00,1.093380331993103027e+00,1.089680671691894531e+00,1.086336016654968262e+00,1.083341002464294434e+00,1.080690383911132812e+00,1.078380584716796875e+00,1.076407909393310547e+00,1.074769020080566406e+00,1.073461651802062988e+00,1.072483897209167480e+00,1.071834206581115723e+00,1.071511268615722656e+00,esquerda
5.969676971435546875e+00,5.971517086029052734e+00,5.975176811218261719e+00,5.980664730072021484e+00,5.987988471984863281e+00,5.837346553802490234e+00,5.259757995605468750e+00,4.554049968719482422e+00,4.016991138458251953e+00,3.594789505004882812e+00,3.253149986267089844e+00,2.971221923828125000e+00,2.735663652420043945e+00,2.534576892852783203e+00,2.361704587936401367e+00,2.211631298065185547e+00,2.080189943313598633e+00,1.964593291282653809e+00,1.861572742462158203e+00,1.768930554389953613e+00,1.685552597045898438e+00,1.610190987586975098e+00,1.541292190551757812e+00,1.478353977203369141e+00,1.421333432197570801e+00,1.368727803230285645e+00,1.320087909698486328e+00,1.274851918220520020e+00,1.233444690704345703e+00,1.194818615913391113e+00,1.158575654029846191e+00,1.125099182128906250e+00,1.093612432479858398e+00,1.064057469367980957e+00,1.036548852920532227e+00,1.010428667068481445e+00,9.861844182014465332e-01,9.630666375160217285e-01,9.413650035858154297e-01,9.208899736404418945e-01,9.014081954956054688e-01,8.830438852310180664e-01,8.656748533248901367e-01,8.491185307502746582e-01,8.334625363349914551e-01,8.187252879142761230e-01,8.050464987754821777e-01,7.920545339584350586e-01,7.797089219093322754e-01,7.679725885391235352e-01,7.568113803863525391e-01,7.461941242218017578e-01,7.360916137695312500e-01,7.264775633811950684e-01,7.173270583152770996e-01,7.086171507835388184e-01,7.003269791603088379e-01,6.924372911453247070e-01,6.849296092987060547e-01,6.777870655059814453e-01,6.709944605827331543e-01,6.645369529724121094e-01,6.584011316299438477e-01,6.525745987892150879e-01,6.470457315444946289e-01,6.418035030364990234e-01,6.368380784988403320e-01,6.321399211883544922e-01,6.277004480361938477e-01,6.235113143920898438e-01,6.195653080940246582e-01,6.158553361892700195e-01,6.123750805854797363e-01,6.091182231903076172e-01,6.060795783996582031e-01,6.032538414001464844e-01,6.006365418434143066e-01,5.982233285903930664e-01,5.960102677345275879e-01,5.939936637878417969e-01,5.921705365180969238e-01,5.905378460884094238e-01,5.890930891036987305e-01,5.878340601921081543e-01,5.867586731910705566e-01,5.858653783798217773e-01,5.851527452468872070e-01,5.846198201179504395e-01,5.842655897140502930e-01,5.840896368026733398e-01,5.840916037559509277e-01,5.842715501785278320e-01,5.846297740936279297e-01,5.851666927337646484e-01,5.858833193778991699e-01,5.867806673049926758e-01,5.878601074218750000e-01,5.891233086585998535e-01,5.905722975730895996e-01,5.922091007232666016e-01,5.940365195274353027e-01,5.960574746131896973e-01,5.982750058174133301e-01,6.006927490234375000e-01,6.033146977424621582e-01,6.061450242996215820e-01,6.091884374618530273e-01,6.124500632286071777e-01,6.159355044364929199e-01,6.196507215499877930e-01,6.236020922660827637e-01,6.277966499328613281e-01,6.322417855262756348e-01,6.369458436965942383e-01,6.419174075126647949e-01,6.471659541130065918e-01,6.527011990547180176e-01,6.585345864295959473e-01,6.646773815155029297e-01,6.711422801017761230e-01,6.779425144195556641e-01,6.850929856300354004e-01,6.926090717315673828e-01,7.005075216293334961e-01,7.088066935539245605e-01,7.175261378288269043e-01,7.266868948936462402e-01,7.363114953041076660e-01,7.464251518249511719e-01,7.570542693138122559e-01,7.682278752326965332e-01,7.799774408340454102e-01,7.923371195793151855e-01,8.053438067436218262e-01,8.190385103225708008e-01,8.338152170181274414e-01,8.494903445243835449e-01,8.660673499107360840e-01,8.834581971168518066e-01,9.018460512161254883e-01,9.213519692420959473e-01,9.418526887893676758e-01,9.635818600654602051e-01,9.867299199104309082e-01,1.011005878448486328e+00,1.037161707878112793e+00,1.064708352088928223e+00,1.094305396080017090e+00,1.125838041305541992e+00,1.159364700317382812e+00,1.195663332939147949e+00,1.215729236602783203e+00,1.207835197448730469e+00,1.197146654129028320e+00,1.187003731727600098e+00,1.177386879920959473e+00,1.168277621269226074e+00,1.159658908843994141e+00,1.151514530181884766e+00,1.143829584121704102e+00,1.136590600013732910e+00,1.129784703254699707e+00,1.123399853706359863e+00,1.117425441741943359e+00,1.111850857734680176e+00,1.106667041778564453e+00,1.101865649223327637e+00,1.097438454627990723e+00,1.093378543853759766e+00,1.089679002761840820e+00,1.086334466934204102e+00,1.083339333534240723e+00,1.080688595771789551e+00,1.078378915786743164e+00,1.076406240463256836e+00,1.074767470359802246e+00,1.073459982872009277e+00,1.072482109069824219e+00,1.071832537651062012e+00,1.071509480476379395e+00,esquerda
5.969677925109863281e+00,5.971517562866210938e+00,5.975177288055419922e+00,5.980665206909179688e+00,5.987988948822021484e+00,5.818343162536621094e+00,5.227050781250000000e+00,4.525833606719970703e+00,3.992169618606567383e+00,3.572618484497070312e+00,3.233113765716552734e+00,2.952942371368408203e+00,2.718848228454589844e+00,2.519008398056030273e+00,2.347206354141235352e+00,2.198060035705566406e+00,2.067430257797241211e+00,1.952545881271362305e+00,1.850159049034118652e+00,1.758086681365966797e+00,1.675221085548400879e+00,1.600321888923645020e+00,1.531845808029174805e+00,1.469293117523193359e+00,1.412621617317199707e+00,1.360337734222412109e+00,1.311995029449462891e+00,1.267035722732543945e+00,1.225881338119506836e+00,1.187490701675415039e+00,1.151468634605407715e+00,1.118196010589599609e+00,1.086900949478149414e+00,1.057525634765625000e+00,1.030184149742126465e+00,1.004222631454467773e+00,9.801254868507385254e-01,9.571478366851806641e-01,9.355775713920593262e-01,9.152262210845947266e-01,8.958622813224792480e-01,8.776087164878845215e-01,8.603443503379821777e-01,8.438876271247863770e-01,8.283257484436035156e-01,8.136933445930480957e-01,8.000985980033874512e-01,7.871865630149841309e-01,7.749167680740356445e-01,7.632524967193603516e-01,7.521599531173706055e-01,7.416079640388488770e-01,7.315676212310791016e-01,7.220126390457153320e-01,7.129184603691101074e-01,7.042620182037353516e-01,6.960228085517883301e-01,6.881815791130065918e-01,6.807200908660888672e-01,6.736214756965637207e-01,6.668705940246582031e-01,6.604527235031127930e-01,6.543546319007873535e-01,6.485638618469238281e-01,6.430690288543701172e-01,6.378590464591979980e-01,6.329242587089538574e-01,6.282548904418945312e-01,6.238427162170410156e-01,6.196793317794799805e-01,6.157575845718383789e-01,6.120703816413879395e-01,6.086114048957824707e-01,6.053746938705444336e-01,6.023547053337097168e-01,5.995463132858276367e-01,5.969451069831848145e-01,5.945467352867126465e-01,5.923472642898559570e-01,5.903430581092834473e-01,5.885311365127563477e-01,5.869085192680358887e-01,5.854727029800415039e-01,5.842213630676269531e-01,5.831525921821594238e-01,5.822648406028747559e-01,5.815565586090087891e-01,5.810268521308898926e-01,5.806748270988464355e-01,5.804999470710754395e-01,5.805019140243530273e-01,5.806807279586791992e-01,5.810366868972778320e-01,5.815703272819519043e-01,5.822826027870178223e-01,5.831744670867919922e-01,5.842472314834594727e-01,5.855026841163635254e-01,5.869427919387817383e-01,5.885695815086364746e-01,5.903857350349426270e-01,5.923942923545837402e-01,5.945982336997985840e-01,5.970010757446289062e-01,5.996068716049194336e-01,6.024199128150939941e-01,6.054445505142211914e-01,6.086861491203308105e-01,6.121501922607421875e-01,6.158424615859985352e-01,6.197696328163146973e-01,6.239384412765502930e-01,6.283562779426574707e-01,6.330314874649047852e-01,6.379724144935607910e-01,6.431887745857238770e-01,6.486899852752685547e-01,6.544875502586364746e-01,6.605925559997558594e-01,6.670176982879638672e-01,6.737762093544006348e-01,6.808827519416809082e-01,6.883525252342224121e-01,6.962024569511413574e-01,7.044506669044494629e-01,7.131165266036987305e-01,7.222210168838500977e-01,7.317864894866943359e-01,7.418380379676818848e-01,7.524018287658691406e-01,7.635067701339721680e-01,7.751840949058532715e-01,7.874678373336791992e-01,8.003945946693420410e-01,8.140050172805786133e-01,8.286832571029663086e-01,8.442646265029907227e-01,8.607423305511474609e-01,8.780288100242614746e-01,8.963062763214111328e-01,9.156965017318725586e-01,9.360764026641845703e-01,9.576771259307861328e-01,9.806886911392211914e-01,1.004821181297302246e+00,1.030822515487670898e+00,1.058206439018249512e+00,1.087628841400146484e+00,1.118975400924682617e+00,1.152304172515869141e+00,1.188388705253601074e+00,1.214127063751220703e+00,1.207834124565124512e+00,1.197145342826843262e+00,1.187002658843994141e+00,1.177385807037353516e+00,1.168276548385620117e+00,1.159657716751098633e+00,1.151513457298278809e+00,1.143828392028808594e+00,1.136589407920837402e+00,1.129783511161804199e+00,1.123398661613464355e+00,1.117424130439758301e+00,1.111849546432495117e+00,1.106665849685668945e+00,1.101864457130432129e+00,1.097437262535095215e+00,1.093377351760864258e+00,1.089677810668945312e+00,1.086333274841308594e+00,1.083338141441345215e+00,1.080687522888183594e+00,1.078377723693847656e+00,1.076405048370361328e+00,1.074766159057617188e+00,1.073458790779113770e+00,1.072480916976928711e+00,1.071831345558166504e+00,1.071508407592773438e+00,esquerda
5.969677448272705078e+00,5.971516609191894531e+00,5.975176334381103516e+00,5.980665206909179688e+00,5.987989425659179688e+00,5.801326274871826172e+00,5.197515010833740234e+00,4.499978542327880859e+00,3.969172239303588867e+00,3.551903009414672852e+00,3.214266538619995117e+00,2.935651063919067383e+00,2.702867507934570312e+00,2.504153490066528320e+00,2.333324909210205078e+00,2.185027837753295898e+00,2.055144548416137695e+00,1.940919280052185059e+00,1.839121937751770020e+00,1.747580766677856445e+00,1.665194272994995117e+00,1.590729475021362305e+00,1.522650957107543945e+00,1.460461974143981934e+00,1.404120922088623047e+00,1.352141857147216797e+00,1.304081678390502930e+00,1.259384989738464355e+00,1.218471407890319824e+00,1.180305838584899902e+00,1.144494891166687012e+00,1.111417293548583984e+00,1.080305814743041992e+00,1.051102876663208008e+00,1.023921966552734375e+00,9.981126189231872559e-01,9.741569757461547852e-01,9.513141512870788574e-01,9.298704862594604492e-01,9.096385240554809570e-01,8.903880119323730469e-01,8.722412586212158203e-01,8.550780415534973145e-01,8.387175202369689941e-01,8.232465982437133789e-01,8.086609840393066406e-01,7.951503992080688477e-01,7.823182344436645508e-01,7.701243758201599121e-01,7.585323452949523926e-01,7.475084066390991211e-01,7.370215654373168945e-01,7.270433902740478516e-01,7.175473570823669434e-01,7.085094451904296875e-01,6.999065876007080078e-01,6.917183399200439453e-01,6.839255094528198242e-01,6.765101552009582520e-01,6.694554686546325684e-01,6.627463698387145996e-01,6.563681960105895996e-01,6.503078341484069824e-01,6.445529460906982422e-01,6.390920877456665039e-01,6.339142918586730957e-01,6.290099024772644043e-01,6.243695020675659180e-01,6.199845671653747559e-01,6.158469915390014648e-01,6.119494438171386719e-01,6.082851290702819824e-01,6.048476099967956543e-01,6.016308069229125977e-01,5.986295342445373535e-01,5.958385467529296875e-01,5.932533740997314453e-01,5.908698439598083496e-01,5.886839628219604492e-01,5.866922140121459961e-01,5.848914980888366699e-01,5.832788944244384766e-01,5.818518400192260742e-01,5.806082487106323242e-01,5.795460939407348633e-01,5.786638259887695312e-01,5.779599547386169434e-01,5.774335861206054688e-01,5.770836472511291504e-01,5.769098997116088867e-01,5.769118070602416992e-01,5.770895481109619141e-01,5.774434208869934082e-01,5.779737830162048340e-01,5.786815285682678223e-01,5.795679092407226562e-01,5.806340575218200684e-01,5.818817019462585449e-01,5.833129286766052246e-01,5.849296450614929199e-01,5.867345333099365234e-01,5.887306928634643555e-01,5.909209251403808594e-01,5.933089852333068848e-01,5.958987474441528320e-01,5.986942052841186523e-01,6.017002463340759277e-01,6.049217581748962402e-01,6.083644032478332520e-01,6.120339035987854004e-01,6.159367561340332031e-01,6.200797557830810547e-01,6.244702339172363281e-01,6.291164755821228027e-01,6.340269446372985840e-01,6.392109990119934082e-01,6.446782350540161133e-01,6.504398584365844727e-01,6.565071344375610352e-01,6.628925800323486328e-01,6.696093082427978516e-01,6.766719222068786621e-01,6.840955018997192383e-01,6.918969154357910156e-01,7.000941038131713867e-01,7.087063789367675781e-01,7.177544832229614258e-01,7.272608876228332520e-01,7.372502088546752930e-01,7.477486729621887207e-01,7.587848901748657227e-01,7.703900933265686035e-01,7.825978994369506836e-01,7.954446077346801758e-01,8.089709877967834473e-01,8.235521912574768066e-01,8.390398025512695312e-01,8.554183244705200195e-01,8.726004958152770996e-01,8.907673954963684082e-01,9.100403189659118652e-01,9.302967786788940430e-01,9.517667293548583984e-01,9.746384620666503906e-01,9.986246228218078613e-01,1.024467825889587402e+00,1.051685214042663574e+00,1.080928564071655273e+00,1.112084031105041504e+00,1.145209908485412598e+00,1.181074500083923340e+00,1.212516665458679199e+00,1.207834362983703613e+00,1.197145700454711914e+00,1.187002897262573242e+00,1.177386045455932617e+00,1.168276786804199219e+00,1.159658074378967285e+00,1.151513695716857910e+00,1.143828749656677246e+00,1.136589646339416504e+00,1.129783749580383301e+00,1.123398900032043457e+00,1.117424368858337402e+00,1.111850023269653320e+00,1.106666207313537598e+00,1.101864814758300781e+00,1.097437500953674316e+00,1.093377590179443359e+00,1.089678049087524414e+00,1.086333513259887695e+00,1.083338379859924316e+00,1.080687761306762695e+00,1.078377962112426758e+00,1.076405286788940430e+00,1.074766278266906738e+00,1.073459029197692871e+00,1.072481155395507812e+00,1.071831583976745605e+00,1.071508526802062988e+00,esquerda
5.969679355621337891e+00,5.971518993377685547e+00,5.975178718566894531e+00,5.980666637420654297e+00,5.987990856170654297e+00,5.782346725463867188e+00,5.164838790893554688e+00,4.471777439117431641e+00,3.944356203079223633e+00,3.529733657836914062e+00,3.194231271743774414e+00,2.917372703552246094e+00,2.686053037643432617e+00,2.488586425781250000e+00,2.318827629089355469e+00,2.171457767486572266e+00,2.042385816574096680e+00,1.928872704505920410e+00,1.827709555625915527e+00,1.736737847328186035e+00,1.654863715171813965e+00,1.580861210823059082e+00,1.513205170631408691e+00,1.451401948928833008e+00,1.395409703254699707e+00,1.343752741813659668e+00,1.295989751815795898e+00,1.251569271087646484e+00,1.210908651351928711e+00,1.172978520393371582e+00,1.137388467788696289e+00,1.104514837265014648e+00,1.073595046997070312e+00,1.044571876525878906e+00,1.017557978630065918e+00,9.919074177742004395e-01,9.680987000465393066e-01,9.453959465026855469e-01,9.240835905075073242e-01,9.039755463600158691e-01,8.848426342010498047e-01,8.668066859245300293e-01,8.497481346130371094e-01,8.334872722625732422e-01,8.181102871894836426e-01,8.036286234855651855e-01,7.902022004127502441e-01,7.774497866630554199e-01,7.653316855430603027e-01,7.538117766380310059e-01,7.428564429283142090e-01,7.324349284172058105e-01,7.225188016891479492e-01,7.130820155143737793e-01,7.041001915931701660e-01,6.955507993698120117e-01,6.874135732650756836e-01,6.796693205833435059e-01,6.723001599311828613e-01,6.652893424034118652e-01,6.586219072341918945e-01,6.522834897041320801e-01,6.462607979774475098e-01,6.405417919158935547e-01,6.351148486137390137e-01,6.299692988395690918e-01,6.250954270362854004e-01,6.204838156700134277e-01,6.161262392997741699e-01,6.120143532752990723e-01,6.081411242485046387e-01,6.044996380805969238e-01,6.010834574699401855e-01,5.978866815567016602e-01,5.949040651321411133e-01,5.921305418014526367e-01,5.895614624023437500e-01,5.871927738189697266e-01,5.850204825401306152e-01,5.830410122871398926e-01,5.812515020370483398e-01,5.796489715576171875e-01,5.782307982444763184e-01,5.769950151443481445e-01,5.759394764900207520e-01,5.750625729560852051e-01,5.743631124496459961e-01,5.738400220870971680e-01,5.734922885894775391e-01,5.733196139335632324e-01,5.733215212821960449e-01,5.734981894493103027e-01,5.738497972488403320e-01,5.743768215179443359e-01,5.750802159309387207e-01,5.759611129760742188e-01,5.770207047462463379e-01,5.782605409622192383e-01,5.796827673912048340e-01,5.812894105911254883e-01,5.830831527709960938e-01,5.850667953491210938e-01,5.872434973716735840e-01,5.896165966987609863e-01,5.921902060508728027e-01,5.949683785438537598e-01,5.979556441307067871e-01,6.011571288108825684e-01,6.045783758163452148e-01,6.082250475883483887e-01,6.121035814285278320e-01,6.162207722663879395e-01,6.205839514732360840e-01,6.252012848854064941e-01,6.300812363624572754e-01,6.352329850196838379e-01,6.406662464141845703e-01,6.463919878005981445e-01,6.524215340614318848e-01,6.587671637535095215e-01,6.654421091079711914e-01,6.724607348442077637e-01,6.798381209373474121e-01,6.875909566879272461e-01,6.957371234893798828e-01,7.042957544326782227e-01,7.132876515388488770e-01,7.227347493171691895e-01,7.326620221138000488e-01,7.430951595306396484e-01,7.540627121925354004e-01,7.655957341194152832e-01,7.777274250984191895e-01,7.904943227767944336e-01,8.039364814758300781e-01,8.184206485748291016e-01,8.338144421577453613e-01,8.500936031341552734e-01,8.671714663505554199e-01,8.852279782295227051e-01,9.043834209442138672e-01,9.245164394378662109e-01,9.458553194999694824e-01,9.685873985290527344e-01,9.924268722534179688e-01,1.018112063407897949e+00,1.045162916183471680e+00,1.074226975440979004e+00,1.105191588401794434e+00,1.138114094734191895e+00,1.173758625984191895e+00,1.210904479026794434e+00,1.207832932472229004e+00,1.197144150733947754e+00,1.187001347541809082e+00,1.177384614944458008e+00,1.168275356292724609e+00,1.159656643867492676e+00,1.151512265205383301e+00,1.143827319145202637e+00,1.136588335037231445e+00,1.129782438278198242e+00,1.123397588729858398e+00,1.117423176765441895e+00,1.111848592758178711e+00,1.106664896011352539e+00,1.101863503456115723e+00,1.097436308860778809e+00,1.093376398086547852e+00,1.089676856994628906e+00,1.086332201957702637e+00,1.083337187767028809e+00,1.080686450004577637e+00,1.078376770019531250e+00,1.076404094696044922e+00,1.074765205383300781e+00,1.073457837104797363e+00,1.072480082511901855e+00,1.071830391883850098e+00,1.071507334709167480e+00,esquerda
5.969679832458496094e+00,5.971519470214843750e+00,5.975179195404052734e+00,5.980667114257812500e+00,5.987991333007812500e+00,5.763370513916015625e+00,5.132169246673583984e+00,4.443579673767089844e+00,3.919541120529174805e+00,3.507567167282104492e+00,3.174200057983398438e+00,2.899097442626953125e+00,2.669240951538085938e+00,2.473020792007446289e+00,2.304332017898559570e+00,2.157889127731323242e+00,2.029627799987792969e+00,1.916827201843261719e+00,1.816297650337219238e+00,1.725895643234252930e+00,1.644533395767211914e+00,1.570993423461914062e+00,1.503759622573852539e+00,1.442342162132263184e+00,1.386698842048645020e+00,1.335363626480102539e+00,1.287897944450378418e+00,1.243753910064697266e+00,1.203345775604248047e+00,1.165651082992553711e+00,1.130282163619995117e+00,1.097612380981445312e+00,1.066884160041809082e+00,1.038040518760681152e+00,1.011193871498107910e+00,9.857018589973449707e-01,9.620402455329895020e-01,9.394775629043579102e-01,9.182965755462646484e-01,8.983122706413269043e-01,8.792971968650817871e-01,8.613719344139099121e-01,8.444179892539978027e-01,8.282566666603088379e-01,8.129737973213195801e-01,7.985962629318237305e-01,7.852538824081420898e-01,7.725812792778015137e-01,7.605393528938293457e-01,7.490915060043334961e-01,7.382047176361083984e-01,7.278484702110290527e-01,7.179943919181823730e-01,7.086166739463806152e-01,6.996911168098449707e-01,6.911953687667846680e-01,6.831089854240417480e-01,6.754133105278015137e-01,6.680902838706970215e-01,6.611233353614807129e-01,6.544976830482482910e-01,6.481988430023193359e-01,6.422138214111328125e-01,6.365306377410888672e-01,6.311377882957458496e-01,6.260244846343994141e-01,6.211810708045959473e-01,6.165984869003295898e-01,6.122680902481079102e-01,6.081819534301757812e-01,6.043329238891601562e-01,6.007142663002014160e-01,5.973194837570190430e-01,5.941427946090698242e-01,5.911788344383239746e-01,5.884225964546203613e-01,5.858696103096008301e-01,5.835157036781311035e-01,5.813571214675903320e-01,5.793900489807128906e-01,5.776117444038391113e-01,5.760192275047302246e-01,5.746099948883056641e-01,5.733818411827087402e-01,5.723329186439514160e-01,5.714616179466247559e-01,5.707665085792541504e-01,5.702466368675231934e-01,5.699011683464050293e-01,5.697295665740966797e-01,5.697314739227294922e-01,5.699069499969482422e-01,5.702562928199768066e-01,5.707800984382629395e-01,5.714791417121887207e-01,5.723544359207153320e-01,5.734073519706726074e-01,5.746394395828247070e-01,5.760527849197387695e-01,5.776494145393371582e-01,5.794318914413452148e-01,5.814031362533569336e-01,5.835661292076110840e-01,5.859245061874389648e-01,5.884819626808166504e-01,5.912427306175231934e-01,5.942112803459167480e-01,5.973927974700927734e-01,6.007925868034362793e-01,6.044164299964904785e-01,6.082705855369567871e-01,6.123620867729187012e-01,6.166979670524597168e-01,6.212862730026245117e-01,6.261356472969055176e-01,6.312552094459533691e-01,6.366543173789978027e-01,6.423442959785461426e-01,6.483361124992370605e-01,6.546420454978942871e-01,6.612750887870788574e-01,6.682497859001159668e-01,6.755810976028442383e-01,6.832853555679321289e-01,6.913805007934570312e-01,6.998855471611022949e-01,7.088211774826049805e-01,7.182090878486633301e-01,7.280741333961486816e-01,7.384420037269592285e-01,7.493408322334289551e-01,7.608014941215515137e-01,7.728573679924011230e-01,7.855442762374877930e-01,7.989022731781005859e-01,8.132888078689575195e-01,8.285889625549316406e-01,8.447687625885009766e-01,8.617423772811889648e-01,8.796885013580322266e-01,8.987265229225158691e-01,9.187361598014831543e-01,9.399440288543701172e-01,9.625365734100341797e-01,9.862295985221862793e-01,1.011756777763366699e+00,1.038640975952148438e+00,1.067525982856750488e+00,1.098299741744995117e+00,1.131019234657287598e+00,1.166443586349487305e+00,1.204198956489562988e+00,1.207831859588623047e+00,1.197143077850341797e+00,1.187000393867492676e+00,1.177383542060852051e+00,1.168274283409118652e+00,1.159655570983886719e+00,1.151511192321777344e+00,1.143826246261596680e+00,1.136587262153625488e+00,1.129781365394592285e+00,1.123396515846252441e+00,1.117421984672546387e+00,1.111847639083862305e+00,1.106663703918457031e+00,1.101862549781799316e+00,1.097435235977172852e+00,1.093375444412231445e+00,1.089675784111022949e+00,1.086331129074096680e+00,1.083336114883422852e+00,1.080685496330261230e+00,1.078375577926635742e+00,1.076403021812438965e+00,1.074764013290405273e+00,1.073456764221191406e+00,1.072478890419006348e+00,1.071829199790954590e+00,1.071506261825561523e+00,esquerda
5.969679355621337891e+00,5.971518993377685547e+00,5.975178718566894531e+00,5.980667591094970703e+00,5.987991809844970703e+00,5.744892120361328125e+00,5.100156784057617188e+00,4.415646553039550781e+00,3.894755363464355469e+00,3.485356092453002930e+00,3.154129028320312500e+00,2.880789041519165039e+00,2.652401447296142578e+00,2.457432031631469727e+00,2.289815664291381836e+00,2.144302845001220703e+00,2.016854524612426758e+00,1.904767513275146484e+00,1.804873704910278320e+00,1.715042352676391602e+00,1.634193420410156250e+00,1.561116933822631836e+00,1.494306564331054688e+00,1.433275103569030762e+00,1.377981543540954590e+00,1.326968431472778320e+00,1.279800415039062500e+00,1.235933184623718262e+00,1.195778250694274902e+00,1.158319592475891113e+00,1.123171687126159668e+00,1.090706110000610352e+00,1.060169696807861328e+00,1.031506180763244629e+00,1.004826784133911133e+00,9.794934988021850586e-01,9.559792280197143555e-01,9.335567355155944824e-01,9.125072956085205078e-01,8.926470279693603516e-01,8.737496137619018555e-01,8.559353351593017578e-01,8.390860557556152344e-01,8.230245113372802734e-01,8.078356385231018066e-01,7.935640215873718262e-01,7.803056240081787109e-01,7.677128911018371582e-01,7.557467222213745117e-01,7.443710565567016602e-01,7.335528731346130371e-01,7.232618927955627441e-01,7.134699225425720215e-01,7.041513919830322266e-01,6.952821016311645508e-01,6.868398189544677734e-01,6.788043975830078125e-01,6.711571812629699707e-01,6.638802886009216309e-01,6.569572091102600098e-01,6.503733992576599121e-01,6.441142559051513672e-01,6.381670236587524414e-01,6.325196027755737305e-01,6.271606683731079102e-01,6.220796108245849609e-01,6.172667145729064941e-01,6.127129793167114258e-01,6.084098815917968750e-01,6.043494939804077148e-01,6.005247831344604492e-01,5.969288349151611328e-01,5.935555696487426758e-01,5.903987884521484375e-01,5.874535441398620605e-01,5.847146511077880859e-01,5.821777582168579102e-01,5.798387527465820312e-01,5.776937007904052734e-01,5.757390856742858887e-01,5.739719271659851074e-01,5.723894834518432617e-01,5.709891319274902344e-01,5.697686672210693359e-01,5.687264204025268555e-01,5.678605437278747559e-01,5.671698451042175293e-01,5.666533112525939941e-01,5.663099884986877441e-01,5.661394000053405762e-01,5.661413669586181641e-01,5.663157701492309570e-01,5.666629672050476074e-01,5.671834349632263184e-01,5.678780078887939453e-01,5.687477588653564453e-01,5.697940587997436523e-01,5.710183978080749512e-01,5.724228024482727051e-01,5.740093588829040527e-01,5.757805705070495605e-01,5.777394771575927734e-01,5.798888802528381348e-01,5.822322964668273926e-01,5.847736597061157227e-01,5.875170230865478516e-01,5.904669165611267090e-01,5.936283469200134277e-01,5.970066785812377930e-01,6.006076335906982422e-01,6.044376492500305176e-01,6.085033416748046875e-01,6.128118634223937988e-01,6.173714399337768555e-01,6.221901774406433105e-01,6.272774338722229004e-01,6.326426267623901367e-01,6.382966637611389160e-01,6.442507505416870117e-01,6.505168676376342773e-01,6.571081876754760742e-01,6.640390157699584961e-01,6.713239550590515137e-01,6.789796948432922363e-01,6.870238780975341797e-01,6.954752802848815918e-01,7.043545246124267578e-01,7.136833667755126953e-01,7.234863042831420898e-01,7.337887287139892578e-01,7.446188926696777344e-01,7.560073733329772949e-01,7.679873108863830566e-01,7.805942893028259277e-01,7.938680648803710938e-01,8.081581592559814453e-01,8.233645558357238770e-01,8.394450545310974121e-01,8.563144803047180176e-01,8.741500973701477051e-01,8.930707573890686035e-01,9.129568934440612793e-01,9.340339303016662598e-01,9.564868807792663574e-01,9.800333976745605469e-01,1.005402445793151855e+00,1.032120227813720703e+00,1.060826182365417480e+00,1.091409087181091309e+00,1.123925566673278809e+00,1.159129977226257324e+00,1.196650743484497070e+00,1.207832098007202148e+00,1.197143435478210449e+00,1.187000751495361328e+00,1.177383661270141602e+00,1.168274641036987305e+00,1.159655809402465820e+00,1.151511430740356445e+00,1.143826484680175781e+00,1.136587500572204590e+00,1.129781484603881836e+00,1.123396754264831543e+00,1.117422342300415039e+00,1.111847758293151855e+00,1.106664061546325684e+00,1.101862668991088867e+00,1.097435355186462402e+00,1.093375444412231445e+00,1.089675903320312500e+00,1.086331248283386230e+00,1.083336234092712402e+00,1.080685615539550781e+00,1.078375816345214844e+00,1.076403141021728516e+00,1.074764251708984375e+00,1.073457002639770508e+00,1.072479128837585449e+00,1.071829438209533691e+00,1.071506381034851074e+00,esquerda
5.969679832458496094e+00,5.971519470214843750e+00,5.975179672241210938e+00,5.980668067932128906e+00,5.987992286682128906e+00,5.727279663085937500e+00,5.069807529449462891e+00,4.389410972595214844e+00,3.871640205383300781e+00,3.464611291885375977e+00,3.135258674621582031e+00,2.863478422164916992e+00,2.636404275894165039e+00,2.442562818527221680e+00,2.275921821594238281e+00,2.131259679794311523e+00,2.004559040069580078e+00,1.893132328987121582e+00,1.793828487396240234e+00,1.704529166221618652e+00,1.624160051345825195e+00,1.551518321037292480e+00,1.485105872154235840e+00,1.424438595771789551e+00,1.369475603103637695e+00,1.318768143653869629e+00,1.271882772445678711e+00,1.228278517723083496e+00,1.188364744186401367e+00,1.151131033897399902e+00,1.116194486618041992e+00,1.083924174308776855e+00,1.053571462631225586e+00,1.025080561637878418e+00,9.985617399215698242e-01,9.733810424804687500e-01,9.500081539154052734e-01,9.277207255363464355e-01,9.067979454994201660e-01,8.870569467544555664e-01,8.682732582092285156e-01,8.505659699440002441e-01,8.338177800178527832e-01,8.178524971008300781e-01,8.027546405792236328e-01,7.885316014289855957e-01,7.753573060035705566e-01,7.628444433212280273e-01,7.509541511535644531e-01,7.396506667137145996e-01,7.289010286331176758e-01,7.186753749847412109e-01,7.089455127716064453e-01,6.996859312057495117e-01,6.908729076385498047e-01,6.824841499328613281e-01,6.744998097419738770e-01,6.669009923934936523e-01,6.596702933311462402e-01,6.527911424636840820e-01,6.462490558624267578e-01,6.400296092033386230e-01,6.341200470924377441e-01,6.285085082054138184e-01,6.231834888458251953e-01,6.181346774101257324e-01,6.133523583412170410e-01,6.088274121284484863e-01,6.045516133308410645e-01,6.005169749259948730e-01,5.967165827751159668e-01,5.931434631347656250e-01,5.897914767265319824e-01,5.866547226905822754e-01,5.837281346321105957e-01,5.810067057609558105e-01,5.784859657287597656e-01,5.761617422103881836e-01,5.740302801132202148e-01,5.720880627632141113e-01,5.703321099281311035e-01,5.687596797943115234e-01,5.673682689666748047e-01,5.661556124687194824e-01,5.651198625564575195e-01,5.642594695091247559e-01,5.635731816291809082e-01,5.630598664283752441e-01,5.627188086509704590e-01,5.625492930412292480e-01,5.625512003898620605e-01,5.627244710922241211e-01,5.630695223808288574e-01,5.635865926742553711e-01,5.642768144607543945e-01,5.651410818099975586e-01,5.661806464195251465e-01,5.673972368240356445e-01,5.687928199768066406e-01,5.703693032264709473e-01,5.721293091773986816e-01,5.740757584571838379e-01,5.762115120887756348e-01,5.785400867462158203e-01,5.810653567314147949e-01,5.837913155555725098e-01,5.867224931716918945e-01,5.898638963699340820e-01,5.932208299636840820e-01,5.967989563941955566e-01,6.006047129631042480e-01,6.046445965766906738e-01,6.089258193969726562e-01,6.134563684463500977e-01,6.182445883750915527e-01,6.232995986938476562e-01,6.286306977272033691e-01,6.342489719390869141e-01,6.401652097702026367e-01,6.463916897773742676e-01,6.529411673545837402e-01,6.598280072212219238e-01,6.670668125152587891e-01,6.746740341186523438e-01,6.826671957969665527e-01,6.910650730133056641e-01,6.998879909515380859e-01,7.091577053070068359e-01,7.188984155654907227e-01,7.291354537010192871e-01,7.398969531059265137e-01,7.512131929397583008e-01,7.631171941757202148e-01,7.756442427635192871e-01,7.888338565826416016e-01,8.030810356140136719e-01,8.181966543197631836e-01,8.341811299324035645e-01,8.509495854377746582e-01,8.686785101890563965e-01,8.874857425689697266e-01,9.072510600090026855e-01,9.281992316246032715e-01,9.505146741867065430e-01,9.739172458648681641e-01,9.991309046745300293e-01,1.025684833526611328e+00,1.054214835166931152e+00,1.084609985351562500e+00,1.116926908493041992e+00,1.151915192604064941e+00,1.189205288887023926e+00,1.207831621170043945e+00,1.197142958641052246e+00,1.187000155448913574e+00,1.177383303642272949e+00,1.168274044990539551e+00,1.159655451774597168e+00,1.151511073112487793e+00,1.143826127052307129e+00,1.136587142944335938e+00,1.129781246185302734e+00,1.123396515846252441e+00,1.117421865463256836e+00,1.111847639083862305e+00,1.106663703918457031e+00,1.101862549781799316e+00,1.097435116767883301e+00,1.093375325202941895e+00,1.089675664901733398e+00,1.086331129074096680e+00,1.083336114883422852e+00,1.080685496330261230e+00,1.078375577926635742e+00,1.076403021812438965e+00,1.074764013290405273e+00,1.073456764221191406e+00,1.072479009628295898e+00,1.071829319000244141e+00,1.071506261825561523e+00,esquerda
5.969681739807128906e+00,5.971521854400634766e+00,5.975181579589843750e+00,5.980669498443603516e+00,5.987993240356445312e+00,5.708312988281250000e+00,5.037153244018554688e+00,4.361226081848144531e+00,3.846836090087890625e+00,3.442452907562255859e+00,3.115233182907104492e+00,2.845207929611206055e+00,2.619596481323242188e+00,2.427001476287841797e+00,2.261429548263549805e+00,2.117694139480590820e+00,1.991804242134094238e+00,1.881089210510253906e+00,1.782419204711914062e+00,1.693689107894897461e+00,1.613831877708435059e+00,1.541652321815490723e+00,1.475661873817443848e+00,1.415380597114562988e+00,1.360766291618347168e+00,1.310380458831787109e+00,1.263792276382446289e+00,1.220464348793029785e+00,1.180803060531616211e+00,1.143805027008056641e+00,1.109089255332946777e+00,1.077022790908813477e+00,1.046861529350280762e+00,1.018550276756286621e+00,9.921985864639282227e-01,9.671763777732849121e-01,9.439505338668823242e-01,9.218032360076904297e-01,9.010116457939147949e-01,8.813945651054382324e-01,8.627284765243530273e-01,8.451319336891174316e-01,8.284884095191955566e-01,8.126226663589477539e-01,7.976188063621520996e-01,7.834997177124023438e-01,7.704094648361206055e-01,7.579765319824218750e-01,7.461619973182678223e-01,7.349306941032409668e-01,7.242496609687805176e-01,7.140891551971435547e-01,7.044214010238647461e-01,6.952209472656250000e-01,6.864641904830932617e-01,6.781289577484130859e-01,6.701955795288085938e-01,6.626452803611755371e-01,6.554607152938842773e-01,6.486253738403320312e-01,6.421250700950622559e-01,6.359453201293945312e-01,6.300735473632812500e-01,6.244977116584777832e-01,6.192067265510559082e-01,6.141901016235351562e-01,6.094382405281066895e-01,6.049422025680541992e-01,6.006937026977539062e-01,5.966848731040954590e-01,5.929086804389953613e-01,5.893583297729492188e-01,5.860277414321899414e-01,5.829110741615295410e-01,5.800030827522277832e-01,5.772989988327026367e-01,5.747942924499511719e-01,5.724849104881286621e-01,5.703670382499694824e-01,5.684372782707214355e-01,5.666924715042114258e-01,5.651301145553588867e-01,5.637475252151489258e-01,5.625425577163696289e-01,5.615135431289672852e-01,5.606586337089538574e-01,5.599766969680786133e-01,5.594666600227355957e-01,5.591276884078979492e-01,5.589593052864074707e-01,5.589612126350402832e-01,5.591334104537963867e-01,5.594761967658996582e-01,5.599900484085083008e-01,5.606758594512939453e-01,5.615346431732177734e-01,5.625676512718200684e-01,5.637765526771545410e-01,5.651630759239196777e-01,5.667295455932617188e-01,5.684782862663269043e-01,5.704122781753540039e-01,5.725344419479370117e-01,5.748481750488281250e-01,5.773572325706481934e-01,5.800659060478210449e-01,5.829783082008361816e-01,5.860996246337890625e-01,5.894351005554199219e-01,5.929903984069824219e-01,5.967717766761779785e-01,6.007859706878662109e-01,6.050397753715515137e-01,6.095415353775024414e-01,6.142991185188293457e-01,6.193218827247619629e-01,6.246190071105957031e-01,6.302013397216796875e-01,6.360799074172973633e-01,6.422665119171142578e-01,6.487743258476257324e-01,6.556171774864196777e-01,6.628097891807556152e-01,6.703684329986572266e-01,6.783105731010437012e-01,6.866548657417297363e-01,6.954215168952941895e-01,7.046320438385009766e-01,7.143107056617736816e-01,7.244824767112731934e-01,7.351752519607543945e-01,7.464193105697631836e-01,7.582472562789916992e-01,7.706943750381469727e-01,7.837997674942016602e-01,7.979491353034973145e-01,8.129709959030151367e-01,8.288561105728149414e-01,8.455201983451843262e-01,8.631387948989868164e-01,8.818286657333374023e-01,9.014705419540405273e-01,9.222879409790039062e-01,9.444638490676879883e-01,9.677197337150573730e-01,9.927753806114196777e-01,1.019162774085998535e+00,1.047513723373413086e+00,1.077718019485473633e+00,1.109831809997558594e+00,1.144600033760070801e+00,1.181655526161193848e+00,1.207829833030700684e+00,1.197141170501708984e+00,1.186998486518859863e+00,1.177381634712219238e+00,1.168272376060485840e+00,1.159653663635253906e+00,1.151509404182434082e+00,1.143824458122253418e+00,1.136585354804992676e+00,1.129779696464538574e+00,1.123394727706909180e+00,1.117420315742492676e+00,1.111845731735229492e+00,1.106662034988403320e+00,1.101860642433166504e+00,1.097433447837829590e+00,1.093373656272888184e+00,1.089673995971679688e+00,1.086329460144042969e+00,1.083334326744079590e+00,1.080683827400207520e+00,1.078373908996582031e+00,1.076401352882385254e+00,1.074762463569641113e+00,1.073455214500427246e+00,1.072477340698242188e+00,1.071827650070190430e+00,1.071504712104797363e+00,esquerda
5.969681262969970703e+00,5.971521377563476562e+00,5.975181102752685547e+00,5.980669975280761719e+00,5.987993717193603516e+00,5.689351081848144531e+00,5.004507541656494141e+00,4.333047389984130859e+00,3.822036027908325195e+00,3.420297145843505859e+00,3.095210313796997070e+00,2.826940059661865234e+00,2.602790594100952148e+00,2.411441326141357422e+00,2.246938705444335938e+00,2.104129791259765625e+00,1.979050040245056152e+00,1.869046926498413086e+00,1.771010398864746094e+00,1.682849526405334473e+00,1.603504061698913574e+00,1.531786799430847168e+00,1.466218948364257812e+00,1.406322598457336426e+00,1.352057337760925293e+00,1.301993012428283691e+00,1.255702137947082520e+00,1.212650418281555176e+00,1.173241734504699707e+00,1.136479139328002930e+00,1.101984262466430664e+00,1.070121526718139648e+00,1.040151953697204590e+00,1.012020230293273926e+00,9.858356714248657227e-01,9.609718918800354004e-01,9.378931522369384766e-01,9.158857464790344238e-01,8.952256441116333008e-01,8.757323026657104492e-01,8.571838140487670898e-01,8.396979570388793945e-01,8.231590986251831055e-01,8.073928952217102051e-01,7.924829721450805664e-01,7.784671187400817871e-01,7.654610276222229004e-01,7.531079053878784180e-01,7.413693070411682129e-01,7.302101254463195801e-01,7.195976972579956055e-01,7.095024585723876953e-01,6.998968124389648438e-01,6.907554864883422852e-01,6.820549964904785156e-01,6.737733483314514160e-01,6.658908724784851074e-01,6.583890914916992188e-01,6.512506604194641113e-01,6.444593071937561035e-01,6.380007266998291016e-01,6.318606138229370117e-01,6.260265111923217773e-01,6.204865574836730957e-01,6.152296066284179688e-01,6.102451682090759277e-01,6.055238246917724609e-01,6.010566949844360352e-01,5.968354940414428711e-01,5.928524136543273926e-01,5.891003608703613281e-01,5.855727791786193848e-01,5.822635889053344727e-01,5.791670083999633789e-01,5.762777924537658691e-01,5.735911130905151367e-01,5.711024403572082520e-01,5.688078403472900391e-01,5.667034983634948730e-01,5.647861361503601074e-01,5.630525946617126465e-01,5.615002512931823730e-01,5.601265430450439453e-01,5.589293241500854492e-01,5.579068660736083984e-01,5.570574998855590820e-01,5.563799738883972168e-01,5.558732151985168457e-01,5.555363893508911133e-01,5.553690791130065918e-01,5.553709268569946289e-01,5.555419921875000000e-01,5.558826327323913574e-01,5.563932061195373535e-01,5.570746064186096191e-01,5.579278469085693359e-01,5.589541792869567871e-01,5.601552724838256836e-01,5.615329742431640625e-01,5.630893111228942871e-01,5.648269057273864746e-01,5.667484998703002930e-01,5.688570141792297363e-01,5.711559057235717773e-01,5.736489295959472656e-01,5.763400793075561523e-01,5.792338252067565918e-01,5.823351740837097168e-01,5.856492519378662109e-01,5.891817212104797363e-01,5.929388403892517090e-01,5.969271659851074219e-01,6.011536717414855957e-01,6.056264638900756836e-01,6.103535294532775879e-01,6.153440475463867188e-01,6.206071376800537109e-01,6.261536478996276855e-01,6.319943666458129883e-01,6.381413936614990234e-01,6.446073055267333984e-01,6.514062285423278809e-01,6.585526466369628906e-01,6.660627722740173340e-01,6.739538908004760742e-01,6.822445392608642578e-01,6.909549236297607422e-01,7.001062035560607910e-01,7.097226977348327637e-01,7.198291420936584473e-01,7.304532527923583984e-01,7.416251301765441895e-01,7.533770799636840820e-01,7.657441496849060059e-01,7.787653803825378418e-01,7.928182482719421387e-01,8.077464699745178223e-01,8.235323429107666016e-01,8.400921225547790527e-01,8.576001524925231934e-01,8.761729001998901367e-01,8.956917524337768555e-01,9.163781404495239258e-01,9.384145140647888184e-01,9.615239500999450684e-01,9.864216446876525879e-01,1.012642621994018555e+00,1.040814518928527832e+00,1.070827960968017578e+00,1.102738738059997559e+00,1.137287020683288574e+00,1.174108147621154785e+00,1.207829833030700684e+00,1.197141170501708984e+00,1.186998486518859863e+00,1.177381515502929688e+00,1.168272376060485840e+00,1.159653663635253906e+00,1.151509284973144531e+00,1.143824338912963867e+00,1.136585354804992676e+00,1.129779338836669922e+00,1.123394727706909180e+00,1.117420196533203125e+00,1.111845612525939941e+00,1.106661915779113770e+00,1.101860523223876953e+00,1.097433209419250488e+00,1.093373417854309082e+00,1.089673876762390137e+00,1.086329221725463867e+00,1.083334088325500488e+00,1.080683588981628418e+00,1.078373789787292480e+00,1.076401233673095703e+00,1.074762225151062012e+00,1.073454976081848145e+00,1.072477102279663086e+00,1.071827411651611328e+00,1.071504473686218262e+00,esquerda
5.969682216644287109e+00,5.971521854400634766e+00,5.975181579589843750e+00,5.980670452117919922e+00,5.987994194030761719e+00,5.672273635864257812e+00,4.974874019622802734e+00,4.307118892669677734e+00,3.798981666564941406e+00,3.399534940719604492e+00,3.076324462890625000e+00,2.809616565704345703e+00,2.586782693862915039e+00,2.396563291549682617e+00,2.233036756515502930e+00,2.091079235076904297e+00,1.966748714447021484e+00,1.857406377792358398e+00,1.759960651397705078e+00,1.672332406044006348e+00,1.593467235565185547e+00,1.522184848785400391e+00,1.457015395164489746e+00,1.397483706474304199e+00,1.343549251556396484e+00,1.293790459632873535e+00,1.247782468795776367e+00,1.204993963241577148e+00,1.165826439857482910e+00,1.129289150238037109e+00,1.095005631446838379e+00,1.063338279724121094e+00,1.033552527427673340e+00,1.005593419075012207e+00,9.795696139335632324e-01,9.548584222793579102e-01,9.319213032722473145e-01,9.100489020347595215e-01,8.895154595375061035e-01,8.701416254043579102e-01,8.517069220542907715e-01,8.343280553817749023e-01,8.178902864456176758e-01,8.022204041481018066e-01,7.874014973640441895e-01,7.734344601631164551e-01,7.605123519897460938e-01,7.482392191886901855e-01,7.365764975547790527e-01,7.254893779754638672e-01,7.149455547332763672e-01,7.049156427383422852e-01,6.953721046447753906e-01,6.862897872924804688e-01,6.776455640792846680e-01,6.694173812866210938e-01,6.615858674049377441e-01,6.541326045989990234e-01,6.470403075218200684e-01,6.402928233146667480e-01,6.338760852813720703e-01,6.277756094932556152e-01,6.219792962074279785e-01,6.164750456809997559e-01,6.112520694732666016e-01,6.062998771667480469e-01,6.016091108322143555e-01,5.971708893775939941e-01,5.929768681526184082e-01,5.890195369720458984e-01,5.852918624877929688e-01,5.817871093750000000e-01,5.784993171691894531e-01,5.754226446151733398e-01,5.725521445274353027e-01,5.698827505111694336e-01,5.674101710319519043e-01,5.651305317878723145e-01,5.630397796630859375e-01,5.611348152160644531e-01,5.594124794006347656e-01,5.578701496124267578e-01,5.565053224563598633e-01,5.553159117698669434e-01,5.543000102043151855e-01,5.534561872482299805e-01,5.527828931808471680e-01,5.522794723510742188e-01,5.519448518753051758e-01,5.517786145210266113e-01,5.517804622650146484e-01,5.519505143165588379e-01,5.522888302803039551e-01,5.527961850166320801e-01,5.534731745719909668e-01,5.543208718299865723e-01,5.553405880928039551e-01,5.565339326858520508e-01,5.579026937484741211e-01,5.594490170478820801e-01,5.611753463745117188e-01,5.630845427513122559e-01,5.651793479919433594e-01,5.674633979797363281e-01,5.699402689933776855e-01,5.726140141487121582e-01,5.754891037940979004e-01,5.785703063011169434e-01,5.818629860877990723e-01,5.853726267814636230e-01,5.891054272651672363e-01,5.930680036544799805e-01,5.972672104835510254e-01,6.017110943794250488e-01,6.064075231552124023e-01,6.113657951354980469e-01,6.165949106216430664e-01,6.221054792404174805e-01,6.279085278511047363e-01,6.340156793594360352e-01,6.404398679733276367e-01,6.471948027610778809e-01,6.542950868606567383e-01,6.617565751075744629e-01,6.695967316627502441e-01,6.778337359428405762e-01,6.864877343177795410e-01,6.955800056457519531e-01,7.051342725753784180e-01,7.151753306388854980e-01,7.257307767868041992e-01,7.368303537368774414e-01,7.485063672065734863e-01,7.607935070991516113e-01,7.737306356430053711e-01,7.876873016357421875e-01,8.025216460227966309e-01,8.182083368301391602e-01,8.346638083457946777e-01,8.520614504814147949e-01,8.705168962478637695e-01,8.899130225181579590e-01,9.104708433151245117e-01,9.323703050613403320e-01,9.553361535072326660e-01,9.800792336463928223e-01,1.006137251853942871e+00,1.034134030342102051e+00,1.063961029052734375e+00,1.095673680305480957e+00,1.130007505416870117e+00,1.166600108146667480e+00,1.203364729881286621e+00,1.197140693664550781e+00,1.186997890472412109e+00,1.177381038665771484e+00,1.168271899223327637e+00,1.159653306007385254e+00,1.151508927345275879e+00,1.143823981285095215e+00,1.136584997177124023e+00,1.129779100418090820e+00,1.123394370079040527e+00,1.117419838905334473e+00,1.111845374107360840e+00,1.106661677360534668e+00,1.101860284805297852e+00,1.097432971000671387e+00,1.093373298645019531e+00,1.089673638343811035e+00,1.086328983306884766e+00,1.083333969116210938e+00,1.080683469772338867e+00,1.078373551368713379e+00,1.076400995254516602e+00,1.074761986732482910e+00,1.073454737663269043e+00,1.072476983070373535e+00,1.071827292442321777e+00,1.071504354476928711e+00,esquerda
5.969684123992919922e+00,5.971523761749267578e+00,5.975183486938476562e+00,5.980671405792236328e+00,5.987995624542236328e+00,5.653262615203857422e+00,4.942143440246582031e+00,4.278868675231933594e+00,3.774119853973388672e+00,3.377328157424926758e+00,3.056259632110595703e+00,2.791313409805297852e+00,2.569947481155395508e+00,2.380977869033813477e+00,2.218524217605590820e+00,2.077495813369750977e+00,1.953977584838867188e+00,1.845349192619323730e+00,1.748538732528686523e+00,1.661480784416198730e+00,1.583128809928894043e+00,1.512309670448303223e+00,1.447563409805297852e+00,1.388417840003967285e+00,1.334832906723022461e+00,1.285396218299865723e+00,1.239685893058776855e+00,1.197174191474914551e+00,1.158259749412536621e+00,1.121958255767822266e+00,1.087895870208740234e+00,1.056432723999023438e+00,1.026838779449462891e+00,9.990596175193786621e-01,9.732030034065246582e-01,9.486507773399353027e-01,9.258605837821960449e-01,9.041286110877990723e-01,8.837265372276306152e-01,8.644766807556152344e-01,8.461596369743347168e-01,8.288917541503906250e-01,8.125587105751037598e-01,7.969886064529418945e-01,7.822637557983398438e-01,7.684023976325988770e-01,7.555644512176513672e-01,7.433711886405944824e-01,7.317843437194824219e-01,7.207693457603454590e-01,7.102941274642944336e-01,7.003294229507446289e-01,6.908479928970336914e-01,6.818248033523559570e-01,6.732367873191833496e-01,6.650621891021728516e-01,6.572815775871276855e-01,6.498767733573913574e-01,6.428306698799133301e-01,6.361271142959594727e-01,6.297519803047180176e-01,6.236913204193115234e-01,6.179326772689819336e-01,6.124643683433532715e-01,6.072753667831420898e-01,6.023553609848022461e-01,5.976950526237487793e-01,5.932856798171997070e-01,5.891190171241760254e-01,5.851873755455017090e-01,5.814839601516723633e-01,5.780020952224731445e-01,5.747356414794921875e-01,5.716789960861206055e-01,5.688270926475524902e-01,5.661751031875610352e-01,5.637186765670776367e-01,5.614538192749023438e-01,5.593767166137695312e-01,5.574840903282165527e-01,5.557729601860046387e-01,5.542406439781188965e-01,5.528846979141235352e-01,5.517030358314514160e-01,5.506937503814697266e-01,5.498553514480590820e-01,5.491865873336791992e-01,5.486863851547241211e-01,5.483539104461669922e-01,5.481888055801391602e-01,5.481906533241271973e-01,5.483595132827758789e-01,5.486957430839538574e-01,5.491996407508850098e-01,5.498722791671752930e-01,5.507145524024963379e-01,5.517275929450988770e-01,5.529131293296813965e-01,5.542730093002319336e-01,5.558092594146728516e-01,5.575243234634399414e-01,5.594211220741271973e-01,5.615023374557495117e-01,5.637714862823486328e-01,5.662322640419006348e-01,5.688886642456054688e-01,5.717449784278869629e-01,5.748062133789062500e-01,5.780773758888244629e-01,5.815642476081848145e-01,5.852727890014648438e-01,5.892094969749450684e-01,5.933814644813537598e-01,5.977963805198669434e-01,6.024622917175292969e-01,6.073882579803466797e-01,6.125833392143249512e-01,6.180581450462341309e-01,6.238234639167785645e-01,6.298909187316894531e-01,6.362732052803039551e-01,6.429841518402099609e-01,6.500382423400878906e-01,6.574512720108032227e-01,6.652404069900512695e-01,6.734237670898437500e-01,6.820214986801147461e-01,6.910546422004699707e-01,7.005468010902404785e-01,7.105224728584289551e-01,7.210092544555664062e-01,7.320366501808166504e-01,7.436367273330688477e-01,7.558439970016479492e-01,7.686968445777893066e-01,7.825558781623840332e-01,7.972965836524963379e-01,8.128839135169982910e-01,8.292350769042968750e-01,8.465223312377929688e-01,8.648604750633239746e-01,8.841332793235778809e-01,9.045601487159729004e-01,9.263198971748352051e-01,9.491391181945800781e-01,9.737241268157958984e-01,9.996156692504882812e-01,1.027433395385742188e+00,1.057069420814514160e+00,1.088578939437866211e+00,1.122692823410034180e+00,1.159050703048706055e+00,1.196098089218139648e+00,1.197138905525207520e+00,1.186996102333068848e+00,1.177379250526428223e+00,1.168269991874694824e+00,1.159651398658752441e+00,1.151507139205932617e+00,1.143822193145751953e+00,1.136583209037780762e+00,1.129777431488037109e+00,1.123392581939697266e+00,1.117418169975280762e+00,1.111843705177307129e+00,1.106659889221191406e+00,1.101858615875244141e+00,1.097431421279907227e+00,1.093371510505676270e+00,1.089672088623046875e+00,1.086327433586120605e+00,1.083332300186157227e+00,1.080681681632995605e+00,1.078371882438659668e+00,1.076399326324462891e+00,1.074760317802429199e+00,1.073453068733215332e+00,1.072475314140319824e+00,1.071825623512268066e+00,1.071502566337585449e+00,esquerda
5.969684600830078125e+00,5.971524238586425781e+00,5.975183963775634766e+00,5.980671882629394531e+00,5.987996101379394531e+00,5.634289741516113281e+00,4.909484863281250000e+00,4.250687599182128906e+00,3.749324083328247070e+00,3.355177402496337891e+00,3.036240577697753906e+00,2.773048400878906250e+00,2.553143978118896484e+00,2.365419864654541016e+00,2.204034566879272461e+00,2.063932895660400391e+00,1.941224932670593262e+00,1.833307862281799316e+00,1.737130999565124512e+00,1.650642156600952148e+00,1.572801828384399414e+00,1.502444624900817871e+00,1.438120603561401367e+00,1.379360198974609375e+00,1.326124310493469238e+00,1.277009129524230957e+00,1.231596112251281738e+00,1.189360260963439941e+00,1.150698542594909668e+00,1.114632606506347656e+00,1.080790877342224121e+00,1.049531459808349609e+00,1.020129084587097168e+00,9.925295114517211914e-01,9.668400883674621582e-01,9.424461722373962402e-01,9.198030829429626465e-01,8.982111215591430664e-01,8.779404163360595703e-01,8.588142395019531250e-01,8.406149148941040039e-01,8.234577178955078125e-01,8.072292208671569824e-01,7.917585372924804688e-01,7.771277427673339844e-01,7.633700370788574219e-01,7.506161332130432129e-01,7.385026812553405762e-01,7.269917130470275879e-01,7.160488963127136230e-01,7.056423425674438477e-01,6.957429051399230957e-01,6.863235235214233398e-01,6.773594617843627930e-01,6.688276529312133789e-01,6.607066392898559570e-01,6.529769897460937500e-01,6.456206440925598145e-01,6.386207342147827148e-01,6.319610476493835449e-01,6.256277561187744141e-01,6.196067333221435547e-01,6.138858199119567871e-01,6.084532141685485840e-01,6.032982468605041504e-01,5.984104275703430176e-01,5.937808156013488770e-01,5.894002318382263184e-01,5.852608680725097656e-01,5.813549757003784180e-01,5.776758193969726562e-01,5.742167234420776367e-01,5.709716677665710449e-01,5.679350495338439941e-01,5.651018619537353516e-01,5.624672174453735352e-01,5.600268840789794922e-01,5.577768683433532715e-01,5.557133555412292480e-01,5.538331270217895508e-01,5.521332621574401855e-01,5.506109595298767090e-01,5.492640137672424316e-01,5.480899810791015625e-01,5.470873713493347168e-01,5.462544560432434082e-01,5.455899834632873535e-01,5.450930595397949219e-01,5.447627902030944824e-01,5.445988178253173828e-01,5.446006655693054199e-01,5.447683930397033691e-01,5.451024174690246582e-01,5.456030964851379395e-01,5.462712645530700684e-01,5.471079349517822266e-01,5.481144189834594727e-01,5.492922067642211914e-01,5.506431460380554199e-01,5.521693825721740723e-01,5.538732409477233887e-01,5.557575821876525879e-01,5.578251481056213379e-01,5.600794553756713867e-01,5.625240802764892578e-01,5.651630759239196777e-01,5.680006742477416992e-01,5.710419416427612305e-01,5.742917060852050781e-01,5.777556896209716797e-01,5.814399123191833496e-01,5.853509306907653809e-01,5.894955396652221680e-01,5.938815474510192871e-01,5.985168814659118652e-01,6.034106612205505371e-01,6.085716485977172852e-01,6.140106320381164551e-01,6.197381615638732910e-01,6.257658600807189941e-01,6.321064233779907227e-01,6.387734413146972656e-01,6.457813382148742676e-01,6.531457901000976562e-01,6.608839035034179688e-01,6.690137386322021484e-01,6.775552034378051758e-01,6.865290999412536621e-01,6.959590315818786621e-01,7.058694362640380859e-01,7.162875533103942871e-01,7.272427678108215332e-01,7.387667894363403320e-01,7.508941888809204102e-01,7.636629343032836914e-01,7.774246931076049805e-01,7.920716404914855957e-01,8.075597286224365234e-01,8.238065838813781738e-01,8.409833908081054688e-01,8.592042326927185059e-01,8.783534765243530273e-01,8.986494541168212891e-01,9.202696084976196289e-01,9.429422616958618164e-01,9.673693180084228516e-01,9.930943846702575684e-01,1.020732998847961426e+00,1.050178289413452148e+00,1.081484794616699219e+00,1.115378737449645996e+00,1.151502132415771484e+00,1.188832640647888184e+00,1.197137832641601562e+00,1.186995029449462891e+00,1.177378177642822266e+00,1.168269157409667969e+00,1.159650325775146484e+00,1.151506066322326660e+00,1.143821120262145996e+00,1.136582136154174805e+00,1.129776239395141602e+00,1.123391509056091309e+00,1.117417097091674805e+00,1.111842513084411621e+00,1.106658816337585449e+00,1.101857423782348633e+00,1.097430229187011719e+00,1.093370318412780762e+00,1.089670896530151367e+00,1.086326360702514648e+00,1.083331227302551270e+00,1.080680608749389648e+00,1.078370809555053711e+00,1.076398253440856934e+00,1.074759244918823242e+00,1.073451995849609375e+00,1.072474122047424316e+00,1.071824431419372559e+00,1.071501493453979492e+00,esquerda
5.969684123992919922e+00,5.971523761749267578e+00,5.975183963775634766e+00,5.980672359466552734e+00,5.987996578216552734e+00,5.615342140197753906e+00,4.876861572265625000e+00,4.222526073455810547e+00,3.724537372589111328e+00,3.333032846450805664e+00,3.016226291656494141e+00,2.754787206649780273e+00,2.536344289779663086e+00,2.349865198135375977e+00,2.189548015594482422e+00,2.050372362136840820e+00,1.928474068641662598e+00,1.821268796920776367e+00,1.725724935531616211e+00,1.639805078506469727e+00,1.562476396560668945e+00,1.492581248283386230e+00,1.428679108619689941e+00,1.370304346084594727e+00,1.317416787147521973e+00,1.268623352050781250e+00,1.223507285118103027e+00,1.181547641754150391e+00,1.143138289451599121e+00,1.107307910919189453e+00,1.073686838150024414e+00,1.042631149291992188e+00,1.013420224189758301e+00,9.860004186630249023e-01,9.604778885841369629e-01,9.362424612045288086e-01,9.137464165687561035e-01,8.922943472862243652e-01,8.721549510955810547e-01,8.531525731086730957e-01,8.350707888603210449e-01,8.180243372917175293e-01,8.019004464149475098e-01,7.865293622016906738e-01,7.719925045967102051e-01,7.583384513854980469e-01,7.456685304641723633e-01,7.336349487304687500e-01,7.221999168395996094e-01,7.113291621208190918e-01,7.009912133216857910e-01,6.911570429801940918e-01,6.817997097969055176e-01,6.728947162628173828e-01,6.644191741943359375e-01,6.563516855239868164e-01,6.486729979515075684e-01,6.413651704788208008e-01,6.344113349914550781e-01,6.277955770492553711e-01,6.215040683746337891e-01,6.155226230621337891e-01,6.098394393920898438e-01,6.044427156448364258e-01,5.993216633796691895e-01,5.944660902023315430e-01,5.898668766021728516e-01,5.855152010917663574e-01,5.814031362533569336e-01,5.775230526924133301e-01,5.738681554794311523e-01,5.704318284988403320e-01,5.672082304954528809e-01,5.641915798187255859e-01,5.613770484924316406e-01,5.587598085403442383e-01,5.563355088233947754e-01,5.541002750396728516e-01,5.520504117012023926e-01,5.501825809478759766e-01,5.484938621520996094e-01,5.469816923141479492e-01,5.456434488296508789e-01,5.444772839546203613e-01,5.434812307357788086e-01,5.426538586616516113e-01,5.419937968254089355e-01,5.415000915527343750e-01,5.411720275878906250e-01,5.410090088844299316e-01,5.410108566284179688e-01,5.411775708198547363e-01,5.415093302726745605e-01,5.420066118240356445e-01,5.426704287528991699e-01,5.435016155242919922e-01,5.445014238357543945e-01,5.456715226173400879e-01,5.470135807991027832e-01,5.485297441482543945e-01,5.502223968505859375e-01,5.520943403244018555e-01,5.541482567787170410e-01,5.563876628875732422e-01,5.588161349296569824e-01,5.614377856254577637e-01,5.642567873001098633e-01,5.672778487205505371e-01,5.705062150955200195e-01,5.739473700523376465e-01,5.776073932647705078e-01,5.814926028251647949e-01,5.856098532676696777e-01,5.899669528007507324e-01,5.945717692375183105e-01,5.994332432746887207e-01,6.045602560043334961e-01,6.099633574485778809e-01,6.156531572341918945e-01,6.216411590576171875e-01,6.279398202896118164e-01,6.345629692077636719e-01,6.415246725082397461e-01,6.488406062126159668e-01,6.565276384353637695e-01,6.646038889884948730e-01,6.730890274047851562e-01,6.820037961006164551e-01,6.913716197013854980e-01,7.012166976928710938e-01,7.115660905838012695e-01,7.224490642547607422e-01,7.338971495628356934e-01,7.459445595741271973e-01,7.586290836334228516e-01,7.722943425178527832e-01,7.868475317955017090e-01,8.022363781929016113e-01,8.183790445327758789e-01,8.354454636573791504e-01,8.535490036010742188e-01,8.725749254226684570e-01,8.927397727966308594e-01,9.142203330993652344e-01,9.367467164993286133e-01,9.610156416893005371e-01,9.865742325782775879e-01,1.014034032821655273e+00,1.043288469314575195e+00,1.074391841888427734e+00,1.108065843582153320e+00,1.143954753875732422e+00,1.181568384170532227e+00,1.197137951850891113e+00,1.186995267868041992e+00,1.177378535270690918e+00,1.168269276618957520e+00,1.159650564193725586e+00,1.151506185531616211e+00,1.143821358680725098e+00,1.136582374572753906e+00,1.129776477813720703e+00,1.123391628265380859e+00,1.117417216300964355e+00,1.111842751502990723e+00,1.106658935546875000e+00,1.101857662200927734e+00,1.097430467605590820e+00,1.093370556831359863e+00,1.089671015739440918e+00,1.086326479911804199e+00,1.083331346511840820e+00,1.080680847167968750e+00,1.078370928764343262e+00,1.076398372650146484e+00,1.074759483337402344e+00,1.073452115058898926e+00,1.072474241256713867e+00,1.071824669837951660e+00,1.071501612663269043e+00,esquerda
5.969686031341552734e+00,5.971525669097900391e+00,5.975185394287109375e+00,5.980673789978027344e+00,5.987997531890869141e+00,5.598230838775634766e+00,4.847173690795898438e+00,4.196557044982910156e+00,3.701452016830444336e+00,3.312246084213256836e+00,2.997320413589477539e+00,2.737447500228881836e+00,2.520322561264038086e+00,2.334975242614746094e+00,2.175636529922485352e+00,2.037313699722290039e+00,1.916165590286254883e+00,1.809621572494506836e+00,1.714669346809387207e+00,1.629282712936401367e+00,1.552434802055358887e+00,1.482975244522094727e+00,1.419471979141235352e+00,1.361461877822875977e+00,1.308905601501464844e+00,1.260418057441711426e+00,1.215584993362426758e+00,1.173888921737670898e+00,1.135721087455749512e+00,1.100116014480590820e+00,1.066706657409667969e+00,1.035846352577209473e+00,1.006819486618041992e+00,9.795722365379333496e-01,9.542106389999389648e-01,9.301278591156005859e-01,9.077734947204589844e-01,8.864564895629882812e-01,8.664439320564270020e-01,8.475610613822937012e-01,8.295928835868835449e-01,8.126537203788757324e-01,7.966309785842895508e-01,7.813562750816345215e-01,7.669104337692260742e-01,7.533064484596252441e-01,7.407206296920776367e-01,7.287668585777282715e-01,7.174077033996582031e-01,7.066091299057006836e-01,6.963397264480590820e-01,6.865708231925964355e-01,6.772755980491638184e-01,6.684297323226928711e-01,6.600104570388793945e-01,6.519964337348937988e-01,6.443686485290527344e-01,6.371093392372131348e-01,6.302016377449035645e-01,6.236298680305480957e-01,6.173799633979797363e-01,6.114383339881896973e-01,6.057928204536437988e-01,6.004319190979003906e-01,5.953448414802551270e-01,5.905215740203857422e-01,5.859528183937072754e-01,5.816301107406616211e-01,5.775452852249145508e-01,5.736908912658691406e-01,5.700601935386657715e-01,5.666466951370239258e-01,5.634444355964660645e-01,5.604478120803833008e-01,5.576519966125488281e-01,5.550521612167358398e-01,5.526438951492309570e-01,5.504235625267028809e-01,5.483872890472412109e-01,5.465318560600280762e-01,5.448543429374694824e-01,5.433521866798400879e-01,5.420228242874145508e-01,5.408643484115600586e-01,5.398749113082885742e-01,5.390530228614807129e-01,5.383973121643066406e-01,5.379070043563842773e-01,5.375810265541076660e-01,5.374191403388977051e-01,5.374209880828857422e-01,5.375865697860717773e-01,5.379161238670349121e-01,5.384101867675781250e-01,5.390695929527282715e-01,5.398952364921569824e-01,5.408884286880493164e-01,5.420507192611694336e-01,5.433838963508605957e-01,5.448899269104003906e-01,5.465713143348693848e-01,5.484308600425720215e-01,5.504711270332336426e-01,5.526956915855407715e-01,5.551081299781799316e-01,5.577123165130615234e-01,5.605126023292541504e-01,5.635136365890502930e-01,5.667206048965454102e-01,5.701388716697692871e-01,5.737745761871337891e-01,5.776340365409851074e-01,5.817239880561828613e-01,5.860521793365478516e-01,5.906264185905456543e-01,5.954556465148925781e-01,6.005486845970153809e-01,6.059159040451049805e-01,6.115679144859313965e-01,6.175162196159362793e-01,6.237730979919433594e-01,6.303522586822509766e-01,6.372677087783813477e-01,6.445351243019104004e-01,6.521712541580200195e-01,6.601938605308532715e-01,6.686226725578308105e-01,6.774783134460449219e-01,6.867839097976684570e-01,6.965637207031250000e-01,7.068445086479187012e-01,7.176552414894104004e-01,7.290273308753967285e-01,7.409948110580444336e-01,7.535952925682067871e-01,7.672168612480163574e-01,7.816793322563171387e-01,7.969720363616943359e-01,8.130137324333190918e-01,8.299732804298400879e-01,8.479635119438171387e-01,8.668702244758605957e-01,8.869075775146484375e-01,9.082508683204650879e-01,9.306331872940063477e-01,9.547468423843383789e-01,9.801416397094726562e-01,1.007425427436828613e+00,1.036492347717285156e+00,1.067396283149719238e+00,1.100854158401489258e+00,1.136512517929077148e+00,1.174405932426452637e+00,1.197136640548706055e+00,1.186993837356567383e+00,1.177377223968505859e+00,1.168267846107482910e+00,1.159649252891540527e+00,1.151504993438720703e+00,1.143820047378540039e+00,1.136581063270568848e+00,1.129775285720825195e+00,1.123390436172485352e+00,1.117415904998779297e+00,1.111841559410095215e+00,1.106657862663269043e+00,1.101856470108032227e+00,1.097429156303405762e+00,1.093369483947753906e+00,1.089669942855834961e+00,1.086325287818908691e+00,1.083330154418945312e+00,1.080679655075073242e+00,1.078369855880737305e+00,1.076397299766540527e+00,1.074758291244506836e+00,1.073451042175292969e+00,1.072473287582397461e+00,1.071823596954345703e+00,1.071500658988952637e+00,esquerda
5.969686985015869141e+00,5.971526145935058594e+00,5.975185871124267578e+00,5.980674266815185547e+00,5.987998008728027344e+00,5.579284191131591797e+00,4.814551830291748047e+00,4.168396472930908203e+00,3.676665782928466797e+00,3.290101051330566406e+00,2.977306127548217773e+00,2.719186544418334961e+00,2.503522872924804688e+00,2.319420337677001953e+00,2.161150217056274414e+00,2.023753404617309570e+00,1.903415083885192871e+00,1.797582387924194336e+00,1.703263282775878906e+00,1.618445754051208496e+00,1.542109370231628418e+00,1.473111987113952637e+00,1.410030841827392578e+00,1.352405786514282227e+00,1.300198316574096680e+00,1.252032279968261719e+00,1.207496166229248047e+00,1.166076183319091797e+00,1.128160834312438965e+00,1.092791199684143066e+00,1.059602499008178711e+00,1.028946042060852051e+00,1.000110626220703125e+00,9.730431437492370605e-01,9.478484392166137695e-01,9.239241480827331543e-01,9.017168283462524414e-01,8.805397748947143555e-01,8.606584668159484863e-01,8.418993353843688965e-01,8.240488767623901367e-01,8.072202205657958984e-01,7.913021445274353027e-01,7.761270403861999512e-01,7.617751955986022949e-01,7.482735514640808105e-01,7.357718944549560547e-01,7.238979339599609375e-01,7.126147150993347168e-01,7.018883228302001953e-01,6.916874647140502930e-01,6.819838881492614746e-01,6.727507710456848145e-01,6.639639735221862793e-01,6.556009054183959961e-01,6.476404070854187012e-01,6.400636434555053711e-01,6.328527927398681641e-01,6.259912848472595215e-01,6.194633245468139648e-01,6.132552623748779297e-01,6.073532700538635254e-01,6.017455458641052246e-01,5.964204072952270508e-01,5.913673639297485352e-01,5.865762829780578613e-01,5.820381641387939453e-01,5.777442455291748047e-01,5.736867189407348633e-01,5.698580741882324219e-01,5.662516355514526367e-01,5.628609061241149902e-01,5.596800446510314941e-01,5.567035079002380371e-01,5.539263486862182617e-01,5.513437986373901367e-01,5.489517450332641602e-01,5.467461943626403809e-01,5.447235107421875000e-01,5.428804159164428711e-01,5.412141680717468262e-01,5.397220253944396973e-01,5.384016036987304688e-01,5.372508168220520020e-01,5.362680554389953613e-01,5.354516506195068359e-01,5.348003506660461426e-01,5.343132019042968750e-01,5.339894890785217285e-01,5.338286757469177246e-01,5.338305234909057617e-01,5.339949131011962891e-01,5.343223214149475098e-01,5.348130464553833008e-01,5.354680418968200684e-01,5.362882018089294434e-01,5.372747778892517090e-01,5.384293198585510254e-01,5.397536158561706543e-01,5.412495732307434082e-01,5.429196953773498535e-01,5.447668433189392090e-01,5.467935204505920410e-01,5.490032434463500977e-01,5.513995885848999023e-01,5.539863705635070801e-01,5.567678809165954590e-01,5.597489476203918457e-01,5.629343986511230469e-01,5.663299560546875000e-01,5.699412822723388672e-01,5.737749338150024414e-01,5.778375267982482910e-01,5.821368694305419922e-01,5.866805315017700195e-01,5.914775133132934570e-01,5.965363979339599609e-01,6.018678545951843262e-01,6.074820756912231445e-01,6.133905649185180664e-01,6.196057200431823730e-01,6.261409521102905273e-01,6.330102086067199707e-01,6.402290463447570801e-01,6.478140950202941895e-01,6.557831764221191406e-01,6.641557216644287109e-01,6.729521155357360840e-01,6.821956634521484375e-01,6.919101476669311523e-01,7.021221518516540527e-01,7.128607630729675293e-01,7.241569757461547852e-01,7.360444068908691406e-01,7.485606670379638672e-01,7.620860934257507324e-01,7.764547467231750488e-01,7.916481494903564453e-01,8.075855374336242676e-01,8.244347572326660156e-01,8.423076868057250977e-01,8.610910177230834961e-01,8.809975981712341309e-01,9.022014737129211426e-01,9.244371652603149414e-01,9.483928084373474121e-01,9.736212491989135742e-01,1.000725984573364258e+00,1.029601931571960449e+00,1.060302972793579102e+00,1.093540787696838379e+00,1.128964781761169434e+00,1.166939735412597656e+00,1.195128560066223145e+00,1.186993002891540527e+00,1.177376389503479004e+00,1.168267011642456055e+00,1.159648537635803223e+00,1.151504158973693848e+00,1.143819332122802734e+00,1.136580348014831543e+00,1.129774451255798340e+00,1.123389840126037598e+00,1.117415189743041992e+00,1.111840844154357910e+00,1.106657147407531738e+00,1.101855754852294922e+00,1.097428441047668457e+00,1.093368768692016602e+00,1.089669227600097656e+00,1.086324691772460938e+00,1.083329558372497559e+00,1.080678939819335938e+00,1.078369140625000000e+00,1.076396584510803223e+00,1.074757695198059082e+00,1.073450326919555664e+00,1.072472572326660156e+00,1.071822881698608398e+00,1.071499824523925781e+00,esquerda
5.969686508178710938e+00,5.971526145935058594e+00,5.975185871124267578e+00,5.980674743652343750e+00,5.987998485565185547e+00,5.560291767120361328e+00,4.781851768493652344e+00,4.140169143676757812e+00,3.651822328567504883e+00,3.267909288406372070e+00,2.957253456115722656e+00,2.700893163681030273e+00,2.486695766448974609e+00,2.303841829299926758e+00,2.146642684936523438e+00,2.010174512863159180e+00,1.890648126602172852e+00,1.785528779029846191e+00,1.691844582557678223e+00,1.607597112655639648e+00,1.531773447990417480e+00,1.463238835334777832e+00,1.400580286979675293e+00,1.343341588973999023e+00,1.291483163833618164e+00,1.243639230728149414e+00,1.199400782585144043e+00,1.158257365226745605e+00,1.120594978332519531e+00,1.085460901260375977e+00,1.052493333816528320e+00,1.022040963172912598e+00,9.933972954750061035e-01,9.665095210075378418e-01,9.414821863174438477e-01,9.177166223526000977e-01,8.956562876701354980e-01,8.746194243431091309e-01,8.548697829246520996e-01,8.362343907356262207e-01,8.185017704963684082e-01,8.017839789390563965e-01,7.859705686569213867e-01,7.708950638771057129e-01,7.566372752189636230e-01,7.432407140731811523e-01,7.308230996131896973e-01,7.190290093421936035e-01,7.078216075897216797e-01,6.971673965454101562e-01,6.870352029800415039e-01,6.773968338966369629e-01,6.682257652282714844e-01,6.594981551170349121e-01,6.511912941932678223e-01,6.432844400405883789e-01,6.357586979866027832e-01,6.285963058471679688e-01,6.217809319496154785e-01,6.152969002723693848e-01,6.091305613517761230e-01,6.032683253288269043e-01,5.976982712745666504e-01,5.924089550971984863e-01,5.873898267745971680e-01,5.826309323310852051e-01,5.781233310699462891e-01,5.738583803176879883e-01,5.698281526565551758e-01,5.660251975059509277e-01,5.624430179595947266e-01,5.590751171112060547e-01,5.559156537055969238e-01,5.529590845108032227e-01,5.502007007598876953e-01,5.476354360580444336e-01,5.452594757080078125e-01,5.430687665939331055e-01,5.410596728324890137e-01,5.392290949821472168e-01,5.375739932060241699e-01,5.360918641090393066e-01,5.347803831100463867e-01,5.336374044418334961e-01,5.326611399650573730e-01,5.318502187728881836e-01,5.312033295631408691e-01,5.307195186614990234e-01,5.303979516029357910e-01,5.302382111549377441e-01,5.302399992942810059e-01,5.304033756256103516e-01,5.307285189628601074e-01,5.312160253524780273e-01,5.318666100502014160e-01,5.326812267303466797e-01,5.336611270904541016e-01,5.348078608512878418e-01,5.361232161521911621e-01,5.376092195510864258e-01,5.392681360244750977e-01,5.411027669906616211e-01,5.431157946586608887e-01,5.453106164932250977e-01,5.476908087730407715e-01,5.502601861953735352e-01,5.530230402946472168e-01,5.559840202331542969e-01,5.591480135917663574e-01,5.625207424163818359e-01,5.661079287528991699e-01,5.699157714843750000e-01,5.739510655403137207e-01,5.782214403152465820e-01,5.827345848083496094e-01,5.874992609024047852e-01,5.925242304801940918e-01,5.978197455406188965e-01,6.033962368965148926e-01,6.092650294303894043e-01,6.154383420944213867e-01,6.219295859336853027e-01,6.287526488304138184e-01,6.359229683876037598e-01,6.434570550918579102e-01,6.513724923133850098e-01,6.596887111663818359e-01,6.684259772300720215e-01,6.776072382926940918e-01,6.872563958168029785e-01,6.973996758460998535e-01,7.080660462379455566e-01,7.192862629890441895e-01,7.310938239097595215e-01,7.435258626937866211e-01,7.569550275802612305e-01,7.712301611900329590e-01,7.863242030143737793e-01,8.021574020385742188e-01,8.188961744308471680e-01,8.366519212722778320e-01,8.553118705749511719e-01,8.750877976417541504e-01,8.961521387100219727e-01,9.182415008544921875e-01,9.420392513275146484e-01,9.671011567115783691e-01,9.940270185470581055e-01,1.022712349891662598e+00,1.053210258483886719e+00,1.086228251457214355e+00,1.121417760848999023e+00,1.159141421318054199e+00,1.189799308776855469e+00,1.186993002891540527e+00,1.177376270294189453e+00,1.168267011642456055e+00,1.159648299217224121e+00,1.151504039764404297e+00,1.143819212913513184e+00,1.136580228805541992e+00,1.129774332046508789e+00,1.123389720916748047e+00,1.117415070533752441e+00,1.111840724945068359e+00,1.106657028198242188e+00,1.101855635643005371e+00,1.097428321838378906e+00,1.093368530273437500e+00,1.089669108390808105e+00,1.086324453353881836e+00,1.083329319953918457e+00,1.080678820610046387e+00,1.078368902206420898e+00,1.076396346092224121e+00,1.074757456779479980e+00,1.073450088500976562e+00,1.072472214698791504e+00,1.071822643280029297e+00,1.071499586105346680e+00,esquerda
5.969686985015869141e+00,5.971526622772216797e+00,5.975186347961425781e+00,5.980675220489501953e+00,5.987998962402343750e+00,5.541769504547119141e+00,4.749777317047119141e+00,4.112203598022460938e+00,3.627075672149658203e+00,3.245773553848266602e+00,2.937246084213256836e+00,2.682637453079223633e+00,2.469899892807006836e+00,2.288290262222290039e+00,2.132158994674682617e+00,1.996616244316101074e+00,1.877899289131164551e+00,1.773490786552429199e+00,1.680439472198486328e+00,1.596760988235473633e+00,1.521448612213134766e+00,1.453375816345214844e+00,1.391139268875122070e+00,1.334285616874694824e+00,1.282776117324829102e+00,1.235253453254699707e+00,1.191311836242675781e+00,1.150444507598876953e+00,1.113034605979919434e+00,1.078135967254638672e+00,1.045389056205749512e+00,1.015140414237976074e+00,9.866881370544433594e-01,9.599800109863281250e-01,9.351195693016052246e-01,9.115124940872192383e-01,8.895992040634155273e-01,8.687022924423217773e-01,8.490837812423706055e-01,8.305722475051879883e-01,8.129570484161376953e-01,7.963500618934631348e-01,7.806411981582641602e-01,7.656652927398681641e-01,7.515013813972473145e-01,7.382076382637023926e-01,7.258740663528442383e-01,7.141598463058471680e-01,7.030283808708190918e-01,6.924462318420410156e-01,6.823827028274536133e-01,6.728095412254333496e-01,6.637006998062133789e-01,6.550320982933044434e-01,6.467815637588500977e-01,6.389282345771789551e-01,6.314533948898315430e-01,6.243395209312438965e-01,6.175702810287475586e-01,6.111301779747009277e-01,6.050055623054504395e-01,5.991830229759216309e-01,5.936506390571594238e-01,5.883971452713012695e-01,5.834120512008666992e-01,5.786854028701782227e-01,5.742083191871643066e-01,5.699722170829772949e-01,5.659692883491516113e-01,5.621921420097351074e-01,5.586342811584472656e-01,5.552892088890075684e-01,5.521511435508728027e-01,5.492146015167236328e-01,5.464748144149780273e-01,5.439270138740539551e-01,5.415671467781066895e-01,5.393912196159362793e-01,5.373957157135009766e-01,5.355775356292724609e-01,5.339336395263671875e-01,5.324615836143493652e-01,5.311589241027832031e-01,5.300236344337463379e-01,5.290540456771850586e-01,5.282486081123352051e-01,5.276060700416564941e-01,5.271254777908325195e-01,5.268060564994812012e-01,5.266473889350891113e-01,5.266491770744323730e-01,5.268114209175109863e-01,5.271344184875488281e-01,5.276186466217041016e-01,5.282648801803588867e-01,5.290739536285400391e-01,5.300472378730773926e-01,5.311861634254455566e-01,5.324926376342773438e-01,5.339685082435607910e-01,5.356162190437316895e-01,5.374384522438049316e-01,5.394378304481506348e-01,5.416178107261657715e-01,5.439819097518920898e-01,5.465338826179504395e-01,5.492780208587646484e-01,5.522189736366271973e-01,5.553616285324096680e-01,5.587114095687866211e-01,5.622742176055908203e-01,5.660562515258789062e-01,5.700642466545104980e-01,5.743057131767272949e-01,5.787882804870605469e-01,5.835207104682922363e-01,5.885116457939147949e-01,5.937713384628295898e-01,5.993101000785827637e-01,6.051391363143920898e-01,6.112706065177917480e-01,6.177179217338562012e-01,6.244947910308837891e-01,6.316165328025817871e-01,6.390995979309082031e-01,6.469613909721374512e-01,6.552212834358215332e-01,6.638994216918945312e-01,6.730185151100158691e-01,6.826022863388061523e-01,6.926769614219665527e-01,7.032710909843444824e-01,7.144153118133544922e-01,7.261428236961364746e-01,7.384907007217407227e-01,7.518237829208374023e-01,7.660051584243774414e-01,7.810000777244567871e-01,7.967289090156555176e-01,8.133574128150939941e-01,8.309957981109619141e-01,8.495324254035949707e-01,8.691777586936950684e-01,8.901048898696899414e-01,9.120504260063171387e-01,9.356933236122131348e-01,9.605922102928161621e-01,9.873426556587219238e-01,1.015841364860534668e+00,1.046140909194946289e+00,1.078944206237792969e+00,1.113905072212219238e+00,1.151383638381958008e+00,1.184500336647033691e+00,1.186992645263671875e+00,1.177375912666320801e+00,1.168266654014587402e+00,1.159647941589355469e+00,1.151503801345825195e+00,1.143818855285644531e+00,1.136579871177673340e+00,1.129774093627929688e+00,1.123389482498168945e+00,1.117414832115173340e+00,1.111840486526489258e+00,1.106656789779663086e+00,1.101855516433715820e+00,1.097428083419799805e+00,1.093368411064147949e+00,1.089668750762939453e+00,1.086324214935302734e+00,1.083329081535339355e+00,1.080678582191467285e+00,1.078368782997131348e+00,1.076396226882934570e+00,1.074757218360900879e+00,1.073449969291687012e+00,1.072472095489501953e+00,1.071822404861450195e+00,1.071499466896057129e+00,esquerda
5.969688892364501953e+00,5.971528530120849609e+00,5.975188255310058594e+00,5.980676174163818359e+00,5.988000392913818359e+00,5.524196147918701172e+00,4.719486236572265625e+00,4.086005210876464844e+00,3.603929042816162109e+00,3.224962234497070312e+00,2.918320894241333008e+00,2.665282011032104492e+00,2.453865051269531250e+00,2.273389339447021484e+00,2.118238210678100586e+00,1.983549475669860840e+00,1.865583419799804688e+00,1.761837720870971680e+00,1.669378638267517090e+00,1.586233973503112793e+00,1.511402964591979980e+00,1.443766117095947266e+00,1.381928920745849609e+00,1.325440406799316406e+00,1.274262309074401855e+00,1.227046012878417969e+00,1.183387756347656250e+00,1.142783999443054199e+00,1.105615735054016113e+00,1.070942640304565430e+00,1.038407564163208008e+00,1.008354425430297852e+00,9.800862669944763184e-01,9.535510540008544922e-01,9.288515448570251465e-01,9.053971767425537109e-01,8.836255073547363281e-01,8.628639578819274902e-01,8.433721661567687988e-01,8.249803185462951660e-01,8.074789047241210938e-01,7.909790277481079102e-01,7.753715515136718750e-01,7.604919672012329102e-01,7.464192509651184082e-01,7.331753373146057129e-01,7.209259271621704102e-01,7.092915773391723633e-01,6.982359290122985840e-01,6.877259612083435059e-01,6.777309775352478027e-01,6.682231426239013672e-01,6.591763496398925781e-01,6.505668163299560547e-01,6.423725485801696777e-01,6.345726847648620605e-01,6.271487474441528320e-01,6.200835108757019043e-01,6.133604049682617188e-01,6.069642305374145508e-01,6.008813381195068359e-01,5.950984954833984375e-01,5.896038413047790527e-01,5.843862295150756836e-01,5.794350504875183105e-01,5.747406482696533203e-01,5.702940225601196289e-01,5.660868287086486816e-01,5.621111989021301270e-01,5.583598017692565918e-01,5.548261404037475586e-01,5.515038371086120605e-01,5.483871698379516602e-01,5.454707145690917969e-01,5.427495241165161133e-01,5.402191877365112305e-01,5.378752946853637695e-01,5.357142686843872070e-01,5.337324142456054688e-01,5.319265127182006836e-01,5.302938818931579590e-01,5.288318395614624023e-01,5.275380611419677734e-01,5.264105200767517090e-01,5.254475474357604980e-01,5.246475934982299805e-01,5.240094661712646484e-01,5.235321521759033203e-01,5.232149958610534668e-01,5.230574011802673340e-01,5.230591893196105957e-01,5.232203602790832520e-01,5.235410928726196289e-01,5.240219235420227051e-01,5.246637463569641113e-01,5.254672765731811523e-01,5.264340043067932129e-01,5.275651812553405762e-01,5.288627147674560547e-01,5.303285717964172363e-01,5.319650173187255859e-01,5.337747931480407715e-01,5.357605814933776855e-01,5.379257202148437500e-01,5.402736663818359375e-01,5.428082942962646484e-01,5.455337166786193848e-01,5.484545826911926270e-01,5.515757799148559570e-01,5.549027919769287109e-01,5.584413409233093262e-01,5.621976256370544434e-01,5.661782026290893555e-01,5.703907608985900879e-01,5.748427510261535645e-01,5.795429944992065430e-01,5.844998955726623535e-01,5.897237062454223633e-01,5.952246189117431641e-01,6.010139584541320801e-01,6.071037054061889648e-01,6.135070919990539551e-01,6.202377080917358398e-01,6.273108720779418945e-01,6.347429752349853516e-01,6.425511837005615234e-01,6.507547497749328613e-01,6.593737602233886719e-01,6.684306859970092773e-01,6.779491901397705078e-01,6.879551410675048828e-01,6.984769701957702637e-01,7.095452547073364258e-01,7.211928963661193848e-01,7.334564924240112305e-01,7.466934919357299805e-01,7.607811093330383301e-01,7.756766676902770996e-01,7.913012504577636719e-01,8.078193068504333496e-01,8.253404498100280762e-01,8.437536954879760742e-01,8.632680773735046387e-01,8.840553760528564453e-01,9.058543443679809570e-01,9.293392300605773926e-01,9.540715813636779785e-01,9.806430339813232422e-01,1.008950829505920410e+00,1.039047241210937500e+00,1.071630477905273438e+00,1.106356739997863770e+00,1.143583655357360840e+00,1.179169178009033203e+00,1.186990737915039062e+00,1.177374005317687988e+00,1.168264865875244141e+00,1.159646153450012207e+00,1.151502013206481934e+00,1.143817067146301270e+00,1.136578083038330078e+00,1.129772305488586426e+00,1.123387575149536133e+00,1.117413043975830078e+00,1.111838579177856445e+00,1.106654882431030273e+00,1.101853728294372559e+00,1.097426414489746094e+00,1.093366503715515137e+00,1.089667081832885742e+00,1.086322426795959473e+00,1.083327412605285645e+00,1.080676913261413574e+00,1.078367114067077637e+00,1.076394557952880859e+00,1.074755549430847168e+00,1.073448300361633301e+00,1.072470426559448242e+00,1.071820735931396484e+00,1.071497797966003418e+00,esquerda
5.969688415527343750e+00,5.971528053283691406e+00,5.975188255310058594e+00,5.980676651000976562e+00,5.988000869750976562e+00,5.505262374877929688e+00,4.686884880065917969e+00,4.057859420776367188e+00,3.579154491424560547e+00,3.202827215194702148e+00,2.898314237594604492e+00,2.647026538848876953e+00,2.437070369720458984e+00,2.257838964462280273e+00,2.103755235671997070e+00,1.969992160797119141e+00,1.852835536003112793e+00,1.749800920486450195e+00,1.657974958419799805e+00,1.575398564338684082e+00,1.501079201698303223e+00,1.433904290199279785e+00,1.372488856315612793e+00,1.316385507583618164e+00,1.265555977821350098e+00,1.218660712242126465e+00,1.175299525260925293e+00,1.134972095489501953e+00,1.098056197166442871e+00,1.063618421554565430e+00,1.031303882598876953e+00,1.001454591751098633e+00,9.733778834342956543e-01,9.470221996307373047e-01,9.224896430969238281e-01,8.991937637329101562e-01,8.775690793991088867e-01,8.569473624229431152e-01,8.375869989395141602e-01,8.193188309669494629e-01,8.019350171089172363e-01,7.855457663536071777e-01,7.700427770614624023e-01,7.552627325057983398e-01,7.412840127944946289e-01,7.281439900398254395e-01,7.159785628318786621e-01,7.044240832328796387e-01,6.934443712234497070e-01,6.830064654350280762e-01,6.730800867080688477e-01,6.636374592781066895e-01,6.546527147293090820e-01,6.461023688316345215e-01,6.379642486572265625e-01,6.302179694175720215e-01,6.228450536727905273e-01,6.158282160758972168e-01,6.091511249542236328e-01,6.027988791465759277e-01,5.967578291893005371e-01,5.910146236419677734e-01,5.855576992034912109e-01,5.803758502006530762e-01,5.754586458206176758e-01,5.707964897155761719e-01,5.663803815841674805e-01,5.622019767761230469e-01,5.582537055015563965e-01,5.545280575752258301e-01,5.510186553001403809e-01,5.477191805839538574e-01,5.446239113807678223e-01,5.417274832725524902e-01,5.390248894691467285e-01,5.365118980407714844e-01,5.341840982437133789e-01,5.320378541946411133e-01,5.300696492195129395e-01,5.282762050628662109e-01,5.266547203063964844e-01,5.252026915550231934e-01,5.239177942276000977e-01,5.227980017662048340e-01,5.218416452407836914e-01,5.210472345352172852e-01,5.204134583473205566e-01,5.199394822120666504e-01,5.196244716644287109e-01,5.194679498672485352e-01,5.194696784019470215e-01,5.196297764778137207e-01,5.199483036994934082e-01,5.204258561134338379e-01,5.210631489753723145e-01,5.218612551689147949e-01,5.228212475776672363e-01,5.239447355270385742e-01,5.252333283424377441e-01,5.266891121864318848e-01,5.283143520355224609e-01,5.301117300987243652e-01,5.320839285850524902e-01,5.342341661453247070e-01,5.365659594535827637e-01,5.390832424163818359e-01,5.417900085449218750e-01,5.446908473968505859e-01,5.477906465530395508e-01,5.510947108268737793e-01,5.546090006828308105e-01,5.583395361900329590e-01,5.622928738594055176e-01,5.664764642715454102e-01,5.708978772163391113e-01,5.755657553672790527e-01,5.804886817932128906e-01,5.856766104698181152e-01,5.911398530006408691e-01,5.968894362449645996e-01,6.029374599456787109e-01,6.092968583106994629e-01,6.159812808036804199e-01,6.230059862136840820e-01,6.303870081901550293e-01,6.381416916847229004e-01,6.462889313697814941e-01,6.548487544059753418e-01,6.638435125350952148e-01,6.732965707778930664e-01,6.832339167594909668e-01,6.936836242675781250e-01,7.046759128570556641e-01,7.162435650825500488e-01,7.284231185913085938e-01,7.415627837181091309e-01,7.555567026138305664e-01,7.703530788421630859e-01,7.858734726905822754e-01,8.022810220718383789e-01,8.196850419044494629e-01,8.379749059677124023e-01,8.573583960533142090e-01,8.780059814453125000e-01,8.996584415435791016e-01,9.229853153228759766e-01,9.475510120391845703e-01,9.739434719085693359e-01,1.002060294151306152e+00,1.031953692436218262e+00,1.064316868782043457e+00,1.098808407783508301e+00,1.135783672332763672e+00,1.173838734626770020e+00,1.186990737915039062e+00,1.177374005317687988e+00,1.168264865875244141e+00,1.159646153450012207e+00,1.151501893997192383e+00,1.143816947937011719e+00,1.136578083038330078e+00,1.129772186279296875e+00,1.123387455940246582e+00,1.117412924766540527e+00,1.111838459968566895e+00,1.106654763221740723e+00,1.101853370666503906e+00,1.097426295280456543e+00,1.093366384506225586e+00,1.089666843414306641e+00,1.086322188377380371e+00,1.083327293395996094e+00,1.080676674842834473e+00,1.078366875648498535e+00,1.076394319534301758e+00,1.074755311012268066e+00,1.073448061943054199e+00,1.072470188140869141e+00,1.071820497512817383e+00,1.071497559547424316e+00,esquerda
5.969688892364501953e+00,5.971528530120849609e+00,5.975188732147216797e+00,5.980677127838134766e+00,5.988001346588134766e+00,5.486334800720214844e+00,4.654294013977050781e+00,4.029721260070800781e+00,3.554387569427490234e+00,3.180698633193969727e+00,2.878313541412353516e+00,2.628777265548706055e+00,2.420280218124389648e+00,2.242292165756225586e+00,2.089275598526000977e+00,1.956437826156616211e+00,1.840090513229370117e+00,1.737766623497009277e+00,1.646573305130004883e+00,1.564565658569335938e+00,1.490757346153259277e+00,1.424044132232666016e+00,1.363050460815429688e+00,1.307331919670104980e+00,1.256850957870483398e+00,1.210277318954467773e+00,1.167212963104248047e+00,1.127161145210266113e+00,1.090497851371765137e+00,1.056295275688171387e+00,1.024201393127441406e+00,9.945557713508605957e-01,9.666704535484313965e-01,9.404942393302917480e-01,9.161286950111389160e-01,8.929911255836486816e-01,8.715133666992187500e-01,8.510316014289855957e-01,8.318024873733520508e-01,8.136579394340515137e-01,7.963916659355163574e-01,7.801131606101989746e-01,7.647146582603454590e-01,7.500341534614562988e-01,7.361492514610290527e-01,7.231118083000183105e-01,7.110304236412048340e-01,6.995556950569152832e-01,6.886519193649291992e-01,6.782861948013305664e-01,6.684283614158630371e-01,6.590511202812194824e-01,6.501284241676330566e-01,6.416371464729309082e-01,6.335553526878356934e-01,6.258625984191894531e-01,6.185405254364013672e-01,6.115722060203552246e-01,6.049413681030273438e-01,5.986329317092895508e-01,5.926336050033569336e-01,5.869301557540893555e-01,5.815109610557556152e-01,5.763648748397827148e-01,5.714817643165588379e-01,5.668517947196960449e-01,5.624662041664123535e-01,5.583167672157287598e-01,5.543956756591796875e-01,5.506957769393920898e-01,5.472106337547302246e-01,5.439338684082031250e-01,5.408599972724914551e-01,5.379835367202758789e-01,5.352997183799743652e-01,5.328040719032287598e-01,5.304924249649047852e-01,5.283610820770263672e-01,5.264064669609069824e-01,5.246253609657287598e-01,5.230151414871215820e-01,5.215731263160705566e-01,5.202971100807189941e-01,5.191850662231445312e-01,5.182353258132934570e-01,5.174463391304016113e-01,5.168169736862182617e-01,5.163461565971374512e-01,5.160332918167114258e-01,5.158779025077819824e-01,5.158796906471252441e-01,5.160385966300964355e-01,5.163550376892089844e-01,5.168292522430419922e-01,5.174622535705566406e-01,5.182548165321350098e-01,5.192081928253173828e-01,5.203238725662231445e-01,5.216036438941955566e-01,5.230493545532226562e-01,5.246633291244506836e-01,5.264483094215393066e-01,5.284068584442138672e-01,5.305422544479370117e-01,5.328578948974609375e-01,5.353577136993408203e-01,5.380457639694213867e-01,5.409265160560607910e-01,5.440049767494201660e-01,5.472863316535949707e-01,5.507762432098388672e-01,5.544809699058532715e-01,5.584070086479187012e-01,5.625616908073425293e-01,5.669527053833007812e-01,5.715882778167724609e-01,5.764771103858947754e-01,5.816292762756347656e-01,5.870547294616699219e-01,5.927645564079284668e-01,5.987706780433654785e-01,6.050861477851867676e-01,6.117244958877563477e-01,6.187005639076232910e-01,6.260306239128112793e-01,6.337316632270812988e-01,6.418226957321166992e-01,6.503233909606933594e-01,6.592559218406677246e-01,6.686437726020812988e-01,6.785124540328979492e-01,6.888899207115173340e-01,6.998062133789062500e-01,7.112939357757568359e-01,7.233893871307373047e-01,7.364323735237121582e-01,7.503327727317810059e-01,7.650297880172729492e-01,7.804459333419799805e-01,7.967431545257568359e-01,8.140298724174499512e-01,8.321963548660278320e-01,8.514490723609924316e-01,8.719569444656372070e-01,8.934630155563354492e-01,9.166318774223327637e-01,9.410310983657836914e-01,9.672445654869079590e-01,9.951705336570739746e-01,1.024860978126525879e+00,1.057004332542419434e+00,1.091261267662048340e+00,1.127984881401062012e+00,1.168104887008666992e+00,1.186476349830627441e+00,1.177373290061950684e+00,1.168264150619506836e+00,1.159645438194274902e+00,1.151501297950744629e+00,1.143816351890563965e+00,1.136577248573303223e+00,1.129771471023559570e+00,1.123386859893798828e+00,1.117412328720092773e+00,1.111837863922119141e+00,1.106654167175292969e+00,1.101852774620056152e+00,1.097425580024719238e+00,1.093365669250488281e+00,1.089666247367858887e+00,1.086321592330932617e+00,1.083326578140258789e+00,1.080676078796386719e+00,1.078366279602050781e+00,1.076393604278564453e+00,1.074754714965820312e+00,1.073447465896606445e+00,1.072469592094421387e+00,1.071819901466369629e+00,1.071496844291687012e+00,esquerda
5.969691276550292969e+00,5.971530914306640625e+00,5.975190162658691406e+00,5.980678558349609375e+00,5.988002300262451172e+00,5.469110012054443359e+00,4.624419212341308594e+00,4.003604888916015625e+00,3.531182765960693359e+00,3.159815549850463867e+00,2.859329223632812500e+00,2.611371755599975586e+00,2.404202938079833984e+00,2.227354764938354492e+00,2.075322866439819336e+00,1.943342685699462891e+00,1.827749729156494141e+00,1.726091146469116211e+00,1.635492086410522461e+00,1.554020166397094727e+00,1.480694890022277832e+00,1.414419054985046387e+00,1.353826045989990234e+00,1.298473954200744629e+00,1.248325467109680176e+00,1.202058434486389160e+00,1.159278273582458496e+00,1.119490981101989746e+00,1.083069801330566406e+00,1.049093365669250488e+00,1.017211794853210449e+00,9.877621531486511230e-01,9.600614905357360840e-01,9.340584278106689453e-01,9.098541140556335449e-01,8.868696689605712891e-01,8.655340671539306641e-01,8.451876044273376465e-01,8.260856270790100098e-01,8.080610036849975586e-01,7.909086942672729492e-01,7.747376561164855957e-01,7.594404816627502441e-01,7.448567152023315430e-01,7.310631871223449707e-01,7.180796265602111816e-01,7.060824036598205566e-01,6.946875452995300293e-01,6.838596463203430176e-01,6.735659837722778320e-01,6.637767553329467773e-01,6.544647216796875000e-01,6.456041932106018066e-01,6.371719241142272949e-01,6.291463375091552734e-01,6.215071082115173340e-01,6.142361164093017578e-01,6.073162555694580078e-01,6.007315516471862793e-01,5.944670438766479492e-01,5.885095000267028809e-01,5.828457474708557129e-01,5.774641633033752441e-01,5.723539590835571289e-01,5.675047636032104492e-01,5.629070401191711426e-01,5.585519671440124512e-01,5.544313192367553711e-01,5.505375266075134277e-01,5.468633770942687988e-01,5.434024930000305176e-01,5.401486158370971680e-01,5.370961427688598633e-01,5.342396497726440430e-01,5.315745472908020020e-01,5.290963053703308105e-01,5.268007516860961914e-01,5.246841907501220703e-01,5.227431654930114746e-01,5.209744572639465332e-01,5.193753838539123535e-01,5.179434418678283691e-01,5.166762471199035645e-01,5.155720114707946777e-01,5.146288275718688965e-01,5.138453245162963867e-01,5.132203102111816406e-01,5.127528905868530273e-01,5.124422311782836914e-01,5.122879147529602051e-01,5.122897028923034668e-01,5.124475359916687012e-01,5.127617120742797852e-01,5.132326483726501465e-01,5.138611793518066406e-01,5.146482586860656738e-01,5.155949592590332031e-01,5.167028903961181641e-01,5.179736614227294922e-01,5.194092988967895508e-01,5.210120677947998047e-01,5.227846503257751465e-01,5.247296094894409180e-01,5.268500447273254395e-01,5.291497111320495605e-01,5.316322445869445801e-01,5.343014597892761230e-01,5.371622443199157715e-01,5.402191877365112305e-01,5.434776544570922852e-01,5.469433069229125977e-01,5.506222844123840332e-01,5.545209646224975586e-01,5.586467385292053223e-01,5.630070567131042480e-01,5.676105022430419922e-01,5.724653005599975586e-01,5.775816440582275391e-01,5.829693675041198730e-01,5.886394977569580078e-01,5.946038365364074707e-01,6.008753180503845215e-01,6.074673533439636230e-01,6.143949031829833984e-01,6.216738820075988770e-01,6.293213963508605957e-01,6.373560428619384766e-01,6.457976698875427246e-01,6.546680927276611328e-01,6.639905571937561035e-01,6.737905144691467285e-01,6.840957999229431152e-01,6.949361562728881836e-01,7.063438892364501953e-01,7.183551192283630371e-01,7.313526272773742676e-01,7.451620697975158691e-01,7.597629427909851074e-01,7.750781178474426270e-01,7.912683486938476562e-01,8.084416389465332031e-01,8.264887332916259766e-01,8.456147909164428711e-01,8.659871816635131836e-01,8.873494267463684082e-01,9.103629589080810547e-01,9.345984458923339844e-01,9.606360197067260742e-01,9.883744120597839355e-01,1.017865300178527832e+00,1.049792528152465820e+00,1.083819150924682617e+00,1.120295763015747070e+00,1.160145640373229980e+00,1.183035969734191895e+00,1.177371740341186523e+00,1.168262481689453125e+00,1.159644007682800293e+00,1.151499748229980469e+00,1.143814802169799805e+00,1.136575937271118164e+00,1.129770040512084961e+00,1.123385310173034668e+00,1.117411017417907715e+00,1.111836433410644531e+00,1.106652975082397461e+00,1.101851463317871094e+00,1.097424268722534180e+00,1.093364477157592773e+00,1.089665055274963379e+00,1.086320400238037109e+00,1.083325386047363281e+00,1.080674648284912109e+00,1.078364968299865723e+00,1.076392412185668945e+00,1.074753403663635254e+00,1.073446154594421387e+00,1.072468400001525879e+00,1.071818709373474121e+00,1.071495652198791504e+00,esquerda
5.969691753387451172e+00,5.971531391143798828e+00,5.975190639495849609e+00,5.980679035186767578e+00,5.973672389984130859e+00,5.437519073486328125e+00,4.591813564300537109e+00,3.975464582443237305e+00,3.506416559219360352e+00,3.137687444686889648e+00,2.839328765869140625e+00,2.593122243881225586e+00,2.387412548065185547e+00,2.211808204650878906e+00,2.060843467712402344e+00,1.929788589477539062e+00,1.815004587173461914e+00,1.714056730270385742e+00,1.624090671539306641e+00,1.543187141418457031e+00,1.470373034477233887e+00,1.404558777809143066e+00,1.344387412071228027e+00,1.289420485496520996e+00,1.239620447158813477e+00,1.193674921989440918e+00,1.151191592216491699e+00,1.111680030822753906e+00,1.075511455535888672e+00,1.041770219802856445e+00,1.010109305381774902e+00,9.808632731437683105e-01,9.533538818359375000e-01,9.275304675102233887e-01,9.034929871559143066e-01,8.806670308113098145e-01,8.594782948493957520e-01,8.392719030380249023e-01,8.203010559082031250e-01,8.024000525474548340e-01,7.853654026985168457e-01,7.693048715591430664e-01,7.541124820709228516e-01,7.396280169486999512e-01,7.259283661842346191e-01,7.130476832389831543e-01,7.011345028877258301e-01,6.898195147514343262e-01,6.790673732757568359e-01,6.688458919525146484e-01,6.591254472732543945e-01,6.498786807060241699e-01,6.410802006721496582e-01,6.327069401741027832e-01,6.247375607490539551e-01,6.171518564224243164e-01,6.099317669868469238e-01,6.030604243278503418e-01,5.965219140052795410e-01,5.903013944625854492e-01,5.843855142593383789e-01,5.787614583969116211e-01,5.734176635742187500e-01,5.683432221412658691e-01,5.635280013084411621e-01,5.589623451232910156e-01,5.546378493309020996e-01,5.505461096763610840e-01,5.466796755790710449e-01,5.430313348770141602e-01,5.395946502685546875e-01,5.363636016845703125e-01,5.333324670791625977e-01,5.304960608482360840e-01,5.278496742248535156e-01,5.253887176513671875e-01,5.231091380119323730e-01,5.210074186325073242e-01,5.190799832344055176e-01,5.173237323760986328e-01,5.157358646392822266e-01,5.143139362335205078e-01,5.130557417869567871e-01,5.119591951370239258e-01,5.110226273536682129e-01,5.102446675300598145e-01,5.096240043640136719e-01,5.091598629951477051e-01,5.088513493537902832e-01,5.086981058120727539e-01,5.086998343467712402e-01,5.088564753532409668e-01,5.091685056686401367e-01,5.096361637115478516e-01,5.102603435516357422e-01,5.110418796539306641e-01,5.119819641113281250e-01,5.130821466445922852e-01,5.143440365791320801e-01,5.157696008682250977e-01,5.173611044883728027e-01,5.191212296485900879e-01,5.210525989532470703e-01,5.231582522392272949e-01,5.254417061805725098e-01,5.279067754745483398e-01,5.305573940277099609e-01,5.333980321884155273e-01,5.364335775375366211e-01,5.396692752838134766e-01,5.431106090545654297e-01,5.467637777328491211e-01,5.506352186203002930e-01,5.547320842742919922e-01,5.590618848800659180e-01,5.636329650878906250e-01,5.684537887573242188e-01,5.735342502593994141e-01,5.788841247558593750e-01,5.845145583152770996e-01,5.904371738433837891e-01,5.966646671295166016e-01,6.032105684280395508e-01,6.100896000862121582e-01,6.173175573348999023e-01,6.249114871025085449e-01,6.328898668289184570e-01,6.412722468376159668e-01,6.500805020332336426e-01,6.593376994132995605e-01,6.690689921379089355e-01,6.793019771575927734e-01,6.900663971900939941e-01,7.013942599296569824e-01,7.133213281631469727e-01,7.262221574783325195e-01,7.399377822875976562e-01,7.544394731521606445e-01,7.696502804756164551e-01,7.857302427291870117e-01,8.027861714363098145e-01,8.207100033760070801e-01,8.397052288055419922e-01,8.599382638931274414e-01,8.811540007591247559e-01,9.040096998214721680e-01,9.280788302421569824e-01,9.539374113082885742e-01,9.814849495887756348e-01,1.010772824287414551e+00,1.042480230331420898e+00,1.076272368431091309e+00,1.112497448921203613e+00,1.152072429656982422e+00,1.179546594619750977e+00,1.177371025085449219e+00,1.168261885643005371e+00,1.159643292427062988e+00,1.151499032974243164e+00,1.143814086914062500e+00,1.136575222015380859e+00,1.129769444465637207e+00,1.123384714126586914e+00,1.117410182952880859e+00,1.111835837364196777e+00,1.106652021408081055e+00,1.101850867271423340e+00,1.097423553466796875e+00,1.093363881111145020e+00,1.089664340019226074e+00,1.086319804191589355e+00,1.083324670791625977e+00,1.080674052238464355e+00,1.078364372253417969e+00,1.076391816139221191e+00,1.074752926826477051e+00,1.073445558547973633e+00,1.072467803955078125e+00,1.071818113327026367e+00,1.071495175361633301e+00,esquerda
5.969691276550292969e+00,5.971530914306640625e+00,5.975190639495849609e+00,5.980679512023925781e+00,5.951234817504882812e+00,5.398790359497070312e+00,4.559236049652099609e+00,3.947336912155151367e+00,3.481656551361083984e+00,3.115563631057739258e+00,2.819331407546997070e+00,2.574875354766845703e+00,2.370625019073486328e+00,2.196263790130615234e+00,2.046365737915039062e+00,1.916235685348510742e+00,1.802260994911193848e+00,1.702023625373840332e+00,1.612690210342407227e+00,1.532354950904846191e+00,1.460052132606506348e+00,1.394699573516845703e+00,1.334949970245361328e+00,1.280367851257324219e+00,1.230916142463684082e+00,1.185291886329650879e+00,1.143105506896972656e+00,1.103869915008544922e+00,1.067953467369079590e+00,1.034447550773620605e+00,1.003007173538208008e+00,9.739648699760437012e-01,9.466468095779418945e-01,9.210028648376464844e-01,8.971323966979980469e-01,8.744648098945617676e-01,8.534228801727294922e-01,8.333564400672912598e-01,8.145167827606201172e-01,7.967395186424255371e-01,7.798223495483398438e-01,7.638726830482482910e-01,7.487846016883850098e-01,7.343996167182922363e-01,7.207939624786376953e-01,7.080148458480834961e-01,6.961857676506042480e-01,6.849506497383117676e-01,6.742744445800781250e-01,6.641252040863037109e-01,6.544731259346008301e-01,6.452916264533996582e-01,6.365552544593811035e-01,6.282411217689514160e-01,6.203281283378601074e-01,6.127958893775939941e-01,6.056267619132995605e-01,5.988039970397949219e-01,5.923115611076354980e-01,5.861348509788513184e-01,5.802608132362365723e-01,5.746763944625854492e-01,5.693702697753906250e-01,5.643317103385925293e-01,5.595504641532897949e-01,5.550171732902526855e-01,5.507231950759887695e-01,5.466603040695190430e-01,5.428211092948913574e-01,5.391984581947326660e-01,5.357860326766967773e-01,5.325776934623718262e-01,5.295680165290832520e-01,5.267516374588012695e-01,5.241239070892333984e-01,5.216804146766662598e-01,5.194169878959655762e-01,5.173300504684448242e-01,5.154162645339965820e-01,5.136724114418029785e-01,5.120956897735595703e-01,5.106838345527648926e-01,5.094344019889831543e-01,5.083456039428710938e-01,5.074155926704406738e-01,5.066431760787963867e-01,5.060268640518188477e-01,5.055660605430603027e-01,5.052597522735595703e-01,5.051075816154479980e-01,5.051093101501464844e-01,5.052649378776550293e-01,5.055746436119079590e-01,5.060389637947082520e-01,5.066586732864379883e-01,5.074347853660583496e-01,5.083681941032409668e-01,5.094606280326843262e-01,5.107136368751525879e-01,5.121291875839233398e-01,5.137094855308532715e-01,5.154572129249572754e-01,5.173748731613159180e-01,5.194656252861022949e-01,5.217330455780029297e-01,5.241806507110595703e-01,5.268124938011169434e-01,5.296331644058227539e-01,5.326473116874694824e-01,5.358601212501525879e-01,5.392771959304809570e-01,5.429046154022216797e-01,5.467486977577209473e-01,5.508165955543518066e-01,5.551158785820007324e-01,5.596547126770019531e-01,5.644415616989135742e-01,5.694860219955444336e-01,5.747981667518615723e-01,5.803889632225036621e-01,5.862696170806884766e-01,5.924533009529113770e-01,5.989529490470886230e-01,6.057834029197692871e-01,6.129603981971740723e-01,6.205006837844848633e-01,6.284226775169372559e-01,6.367458701133728027e-01,6.454920768737792969e-01,6.546838879585266113e-01,6.643465161323547363e-01,6.745072603225708008e-01,6.851956844329833984e-01,6.964434981346130371e-01,7.082864642143249512e-01,7.210916876792907715e-01,7.347136139869689941e-01,7.491160035133361816e-01,7.642225623130798340e-01,7.801921367645263672e-01,7.971308231353759766e-01,8.149313926696777344e-01,8.337956070899963379e-01,8.538892269134521484e-01,8.749589323997497559e-01,8.976566791534423828e-01,9.215593338012695312e-01,9.472390413284301758e-01,9.745958447456359863e-01,1.003680825233459473e+00,1.035168528556823730e+00,1.068726301193237305e+00,1.104699969291687012e+00,1.144000291824340820e+00,1.176058292388916016e+00,1.177371025085449219e+00,1.168261885643005371e+00,1.159643173217773438e+00,1.151498913764953613e+00,1.143814086914062500e+00,1.136575102806091309e+00,1.129769325256347656e+00,1.123384594917297363e+00,1.117410063743591309e+00,1.111835598945617676e+00,1.106651902198791504e+00,1.101850748062133789e+00,1.097423434257507324e+00,1.093363642692565918e+00,1.089664101600646973e+00,1.086319446563720703e+00,1.083324432373046875e+00,1.080673933029174805e+00,1.078364133834838867e+00,1.076391577720642090e+00,1.074752569198608398e+00,1.073445320129394531e+00,1.072467446327209473e+00,1.071817755699157715e+00,1.071494817733764648e+00,esquerda
5.969693183898925781e+00,5.971532821655273438e+00,5.975192546844482422e+00,5.980680465698242188e+00,5.928806781768798828e+00,5.360075950622558594e+00,4.526666641235351562e+00,3.919214963912963867e+00,3.456900119781494141e+00,3.093442440032958984e+00,2.799336433410644531e+00,2.556629896163940430e+00,2.353838682174682617e+00,2.180719614028930664e+00,2.031888484954833984e+00,1.902683258056640625e+00,1.789517045021057129e+00,1.689990162849426270e+00,1.601289391517639160e+00,1.521522521972656250e+00,1.449730753898620605e+00,1.384839653968811035e+00,1.325511574745178223e+00,1.271314382553100586e+00,1.222211241722106934e+00,1.176908135414123535e+00,1.135018467903137207e+00,1.096058845520019531e+00,1.060394883155822754e+00,1.027124166488647461e+00,9.959043860435485840e-01,9.670655727386474609e-01,9.399389624595642090e-01,9.144745469093322754e-01,8.907709121704101562e-01,8.682617545127868652e-01,8.473666310310363770e-01,8.274402618408203125e-01,8.087317347526550293e-01,7.910782694816589355e-01,7.742785811424255371e-01,7.584394216537475586e-01,7.434559464454650879e-01,7.291705608367919922e-01,7.156587243080139160e-01,7.029820680618286133e-01,6.912370324134826660e-01,6.800817847251892090e-01,6.694815158843994141e-01,6.594043374061584473e-01,6.498209834098815918e-01,6.407046914100646973e-01,6.320304870605468750e-01,6.237754821777343750e-01,6.159186363220214844e-01,6.084399819374084473e-01,6.013218760490417480e-01,5.945475697517395020e-01,5.881012678146362305e-01,5.819684863090515137e-01,5.761361122131347656e-01,5.705913901329040527e-01,5.653230547904968262e-01,5.603202581405639648e-01,5.555730462074279785e-01,5.510719418525695801e-01,5.468085408210754395e-01,5.427744984626770020e-01,5.389625430107116699e-01,5.353657007217407227e-01,5.319775342941284180e-01,5.287920236587524414e-01,5.258037447929382324e-01,5.230073332786560059e-01,5.203983187675476074e-01,5.179721117019653320e-01,5.157248377799987793e-01,5.136528015136718750e-01,5.117524862289428711e-01,5.100210309028625488e-01,5.084555745124816895e-01,5.070537328720092773e-01,5.058131814002990723e-01,5.047321319580078125e-01,5.038088560104370117e-01,5.030418634414672852e-01,5.024300217628479004e-01,5.019724369049072266e-01,5.016682744026184082e-01,5.015171766281127930e-01,5.015188455581665039e-01,5.016733407974243164e-01,5.019809007644653320e-01,5.024418830871582031e-01,5.030572414398193359e-01,5.038278102874755859e-01,5.047546625137329102e-01,5.058393478393554688e-01,5.070834159851074219e-01,5.084888339042663574e-01,5.100578665733337402e-01,5.117931962013244629e-01,5.136972069740295410e-01,5.157731771469116211e-01,5.180243849754333496e-01,5.204545855522155762e-01,5.230678319931030273e-01,5.258685350418090820e-01,5.288611650466918945e-01,5.320511460304260254e-01,5.354439616203308105e-01,5.390455126762390137e-01,5.428622364997863770e-01,5.469012856483459473e-01,5.511699318885803223e-01,5.556765794754028320e-01,5.604293346405029297e-01,5.654380321502685547e-01,5.707125067710876465e-01,5.762633681297302246e-01,5.821023583412170410e-01,5.882419347763061523e-01,5.946954488754272461e-01,6.014773249626159668e-01,6.086034178733825684e-01,6.160900592803955078e-01,6.239558458328247070e-01,6.322198510169982910e-01,6.409037709236145020e-01,6.500301957130432129e-01,6.596242189407348633e-01,6.697127819061279297e-01,6.803252696990966797e-01,6.914931535720825195e-01,7.032518386840820312e-01,7.159609794616699219e-01,7.294892668724060059e-01,7.437924742698669434e-01,7.587946653366088867e-01,7.746538519859313965e-01,7.914752960205078125e-01,8.091524839401245117e-01,8.278859257698059082e-01,8.478399515151977539e-01,8.687646985054016113e-01,8.913072943687438965e-01,9.150466322898864746e-01,9.405508637428283691e-01,9.677207469940185547e-01,9.966070055961608887e-01,1.027879476547241211e+00,1.061208248138427734e+00,1.096936464309692383e+00,1.135968685150146484e+00,1.172587752342224121e+00,1.177369594573974609e+00,1.168260335922241211e+00,1.159641742706298828e+00,1.151497483253479004e+00,1.143812656402587891e+00,1.136573791503906250e+00,1.129767894744873047e+00,1.123383164405822754e+00,1.117408752441406250e+00,1.111834406852722168e+00,1.106650710105895996e+00,1.101849436759948730e+00,1.097422122955322266e+00,1.093362450599670410e+00,1.089662909507751465e+00,1.086318254470825195e+00,1.083323121070861816e+00,1.080672621726989746e+00,1.078362941741943359e+00,1.076390385627746582e+00,1.074751377105712891e+00,1.073444128036499023e+00,1.072466373443603516e+00,1.071816682815551758e+00,1.071493744850158691e+00,esquerda
5.969693660736083984e+00,5.971533298492431641e+00,5.975193023681640625e+00,5.980680942535400391e+00,5.908791065216064453e+00,5.325196266174316406e+00,4.496822834014892578e+00,3.893128395080566406e+00,3.433722734451293945e+00,3.072583198547363281e+00,2.780371189117431641e+00,2.539241075515747070e+00,2.337774991989135742e+00,2.165794372558593750e+00,2.017946004867553711e+00,1.889597535133361816e+00,1.777184605598449707e+00,1.678322196006774902e+00,1.590214848518371582e+00,1.510983228683471680e+00,1.439674019813537598e+00,1.375219702720642090e+00,1.316291928291320801e+00,1.262460708618164062e+00,1.213689565658569336e+00,1.168693184852600098e+00,1.127087354660034180e+00,1.088391900062561035e+00,1.052969813346862793e+00,1.019925117492675781e+00,9.889174699783325195e-01,9.602746367454528809e-01,9.333323836326599121e-01,9.080409407615661621e-01,8.844985961914062500e-01,8.621423244476318359e-01,8.413892388343811035e-01,8.215981721878051758e-01,8.030167222023010254e-01,7.854829430580139160e-01,7.687972187995910645e-01,7.530654072761535645e-01,7.381833195686340332e-01,7.239944934844970703e-01,7.105738520622253418e-01,6.979498863220214844e-01,6.862890124320983887e-01,6.752135753631591797e-01,6.646891832351684570e-01,6.546841263771057129e-01,6.451693177223205566e-01,6.361183524131774902e-01,6.275061964988708496e-01,6.193103194236755371e-01,6.115097403526306152e-01,6.040846109390258789e-01,5.970174670219421387e-01,5.902915596961975098e-01,5.838914513587951660e-01,5.778025388717651367e-01,5.720120072364807129e-01,5.665069818496704102e-01,5.612763762474060059e-01,5.563093423843383789e-01,5.515961050987243652e-01,5.471272468566894531e-01,5.428943037986755371e-01,5.388891696929931641e-01,5.351045727729797363e-01,5.315334200859069824e-01,5.281695723533630371e-01,5.250068902969360352e-01,5.220400094985961914e-01,5.192635655403137207e-01,5.166731476783752441e-01,5.142643451690673828e-01,5.120331048965454102e-01,5.099759101867675781e-01,5.080893039703369141e-01,5.063701868057250977e-01,5.048159360885620117e-01,5.034241676330566406e-01,5.021924972534179688e-01,5.011191964149475098e-01,5.002024769783020020e-01,4.994409382343292236e-01,4.988334476947784424e-01,4.983791112899780273e-01,4.980771839618682861e-01,4.979271590709686279e-01,4.979288578033447266e-01,4.980822801589965820e-01,4.983876049518585205e-01,4.988453388214111328e-01,4.994562864303588867e-01,5.002212524414062500e-01,5.011414885520935059e-01,5.022183656692504883e-01,5.034535527229309082e-01,5.048489570617675781e-01,5.064067840576171875e-01,5.081297159194946289e-01,5.100200772285461426e-01,5.120810866355895996e-01,5.143163204193115234e-01,5.167291164398193359e-01,5.193235874176025391e-01,5.221041440963745117e-01,5.250754356384277344e-01,5.282425880432128906e-01,5.316110253334045410e-01,5.351869463920593262e-01,5.389763712882995605e-01,5.429864525794982910e-01,5.472245812416076660e-01,5.516989827156066895e-01,5.564176440238952637e-01,5.613905787467956543e-01,5.666272044181823730e-01,5.721384286880493164e-01,5.779355168342590332e-01,5.840312242507934570e-01,5.904384851455688477e-01,5.971718430519104004e-01,6.042468547821044922e-01,6.116799712181091309e-01,6.194894313812255859e-01,6.276942491531372070e-01,6.363160610198974609e-01,6.453772187232971191e-01,6.549025177955627441e-01,6.649188995361328125e-01,6.754553318023681641e-01,6.865434050559997559e-01,6.982178092002868652e-01,7.108309268951416016e-01,7.242653965950012207e-01,7.384693622589111328e-01,7.533673644065856934e-01,7.691161632537841797e-01,7.858204245567321777e-01,8.033741116523742676e-01,8.219767212867736816e-01,8.417912125587463379e-01,8.625692725181579590e-01,8.849540948867797852e-01,9.085271358489990234e-01,9.338520765304565430e-01,9.608312845230102539e-01,9.895145893096923828e-01,1.020567059516906738e+00,1.053661346435546875e+00,1.089138150215148926e+00,1.127895236015319824e+00,1.169098258018493652e+00,1.177368760108947754e+00,1.168259620666503906e+00,1.159641027450561523e+00,1.151496767997741699e+00,1.143811941146850586e+00,1.136572957038879395e+00,1.129767179489135742e+00,1.123382449150085449e+00,1.117408156394958496e+00,1.111833691596984863e+00,1.106649994850158691e+00,1.101848602294921875e+00,1.097421526908874512e+00,1.093361735343933105e+00,1.089662194252014160e+00,1.086317658424377441e+00,1.083322525024414062e+00,1.080671906471252441e+00,1.078362226486206055e+00,1.076389670372009277e+00,1.074750781059265137e+00,1.073443412780761719e+00,1.072465658187866211e+00,1.071815967559814453e+00,1.071492910385131836e+00,esquerda
5.969693183898925781e+00,5.971532821655273438e+00,5.975193023681640625e+00,5.980681419372558594e+00,5.886301994323730469e+00,5.286378860473632812e+00,4.464170455932617188e+00,3.864936828613281250e+00,3.408910989761352539e+00,3.050418615341186523e+00,2.760340929031372070e+00,2.520966529846191406e+00,2.320963859558105469e+00,2.150229692459106445e+00,2.003451108932495117e+00,1.876029968261718750e+00,1.764427542686462402e+00,1.666277170181274414e+00,1.578804016113281250e+00,1.500141620635986328e+00,1.429344415664672852e+00,1.365352511405944824e+00,1.306847095489501953e+00,1.253401398658752441e+00,1.204979181289672852e+00,1.160304665565490723e+00,1.118996143341064453e+00,1.080577015876770020e+00,1.045407652854919434e+00,1.012598395347595215e+00,9.818116426467895508e-01,9.533726572990417480e-01,9.266219139099121094e-01,9.015102982521057129e-01,8.781350255012512207e-01,8.559374213218688965e-01,8.353312611579895020e-01,8.156803250312805176e-01,7.972301840782165527e-01,7.798202037811279297e-01,7.632521986961364746e-01,7.476311326026916504e-01,7.328536510467529297e-01,7.187644243240356445e-01,7.054377794265747070e-01,6.929169297218322754e-01,6.813400983810424805e-01,6.703445315361022949e-01,6.598960161209106445e-01,6.499631404876708984e-01,6.405170559883117676e-01,6.315312981605529785e-01,6.229811906814575195e-01,6.148443818092346191e-01,6.071000099182128906e-01,5.997285842895507812e-01,5.927122831344604492e-01,5.860349535942077637e-01,5.796809792518615723e-01,5.736359953880310059e-01,5.678871273994445801e-01,5.624219179153442383e-01,5.572289824485778809e-01,5.522977709770202637e-01,5.476185083389282227e-01,5.431818366050720215e-01,5.389793515205383301e-01,5.350031852722167969e-01,5.312458872795104980e-01,5.277004837989807129e-01,5.243608951568603516e-01,5.212210416793823242e-01,5.182755589485168457e-01,5.155191421508789062e-01,5.129474401473999023e-01,5.105559229850769043e-01,5.083408355712890625e-01,5.062984228134155273e-01,5.044254064559936523e-01,5.027187466621398926e-01,5.011757016181945801e-01,4.997939169406890869e-01,4.985711872577667236e-01,4.975056052207946777e-01,4.965955018997192383e-01,4.958394467830657959e-01,4.952363371849060059e-01,4.947853088378906250e-01,4.944855570793151855e-01,4.943366050720214844e-01,4.943382740020751953e-01,4.944905936717987061e-01,4.947938024997711182e-01,4.952481985092163086e-01,4.958547055721282959e-01,4.966141879558563232e-01,4.975277483463287354e-01,4.985968470573425293e-01,4.998231232166290283e-01,5.012084841728210449e-01,5.027551054954528809e-01,5.044655203819274902e-01,5.063422918319702148e-01,5.083885192871093750e-01,5.106075406074523926e-01,5.130029916763305664e-01,5.155787467956542969e-01,5.183392763137817383e-01,5.212891101837158203e-01,5.244333744049072266e-01,5.277776122093200684e-01,5.313277244567871094e-01,5.350897908210754395e-01,5.390710234642028809e-01,5.432785749435424805e-01,5.477206707000732422e-01,5.524054169654846191e-01,5.573423504829406738e-01,5.625412464141845703e-01,5.680127143859863281e-01,5.737680792808532715e-01,5.798197984695434570e-01,5.861808657646179199e-01,5.928656458854675293e-01,5.998896360397338867e-01,6.072691679000854492e-01,6.150223016738891602e-01,6.231679916381835938e-01,6.317276358604431152e-01,6.407234072685241699e-01,6.501800417900085449e-01,6.601241827011108398e-01,6.705846190452575684e-01,6.815927624702453613e-01,6.931830048561096191e-01,7.057004570960998535e-01,7.190413475036621094e-01,7.331460118293762207e-01,7.479398846626281738e-01,7.635783553123474121e-01,7.801652550697326660e-01,7.975957989692687988e-01,8.160675764083862305e-01,8.357425928115844727e-01,8.563742041587829590e-01,8.786010742187500000e-01,9.020075798034667969e-01,9.271538257598876953e-01,9.539423584938049316e-01,9.824227690696716309e-01,1.013255596160888672e+00,1.046115279197692871e+00,1.081340670585632324e+00,1.119823217391967773e+00,1.161202311515808105e+00,1.175822138786315918e+00,1.168259620666503906e+00,1.159640908241271973e+00,1.151496767997741699e+00,1.143811821937561035e+00,1.136572837829589844e+00,1.129767060279846191e+00,1.123382449150085449e+00,1.117407917976379395e+00,1.111833572387695312e+00,1.106649875640869141e+00,1.101848483085632324e+00,1.097421288490295410e+00,1.093361496925354004e+00,1.089662075042724609e+00,1.086317420005798340e+00,1.083322286605834961e+00,1.080671787261962891e+00,1.078361988067626953e+00,1.076389431953430176e+00,1.074750542640686035e+00,1.073443293571472168e+00,1.072465419769287109e+00,1.071815729141235352e+00,1.071492671966552734e+00,esquerda
5.969695568084716797e+00,5.971535205841064453e+00,5.975194454193115234e+00,5.980682849884033203e+00,5.863858699798583984e+00,5.247647285461425781e+00,4.431600093841552734e+00,3.836819410324096680e+00,3.384160757064819336e+00,3.028302907943725586e+00,2.740350246429443359e+00,2.502724885940551758e+00,2.304180383682250977e+00,2.134688615798950195e+00,1.988976478576660156e+00,1.862479448318481445e+00,1.751685857772827148e+00,1.654245972633361816e+00,1.567404985427856445e+00,1.489310979843139648e+00,1.419024705886840820e+00,1.355494260787963867e+00,1.297410249710083008e+00,1.244349479675292969e+00,1.196275830268859863e+00,1.151922225952148438e+00,1.110910534858703613e+00,1.072767138481140137e+00,1.037850022315979004e+00,1.005276083946228027e+00,9.747098684310913086e-01,9.464744329452514648e-01,9.199150204658508301e-01,8.949829339981079102e-01,8.717744946479797363e-01,8.497350811958312988e-01,8.292760252952575684e-01,8.097648620605468750e-01,7.914459705352783203e-01,7.741596698760986328e-01,7.577090859413146973e-01,7.421986460685729980e-01,7.275256514549255371e-01,7.135359644889831543e-01,7.003032565116882324e-01,6.878858208656311035e-01,6.763931512832641602e-01,6.654774546623229980e-01,6.551046967506408691e-01,6.452438831329345703e-01,6.358664035797119141e-01,6.269459128379821777e-01,6.184579133987426758e-01,6.103802323341369629e-01,6.026920676231384277e-01,5.953741073608398438e-01,5.884088277816772461e-01,5.817799568176269531e-01,5.754721164703369141e-01,5.694710016250610352e-01,5.637639164924621582e-01,5.583383440971374512e-01,5.531830787658691406e-01,5.482877492904663086e-01,5.436424612998962402e-01,5.392380356788635254e-01,5.350661277770996094e-01,5.311187505722045898e-01,5.273886919021606445e-01,5.238690376281738281e-01,5.205537080764770508e-01,5.174366235733032227e-01,5.145125389099121094e-01,5.117761492729187012e-01,5.092231035232543945e-01,5.068489909172058105e-01,5.046499371528625488e-01,5.026223659515380859e-01,5.007629990577697754e-01,4.990686774253845215e-01,4.975368678569793701e-01,4.961651563644409180e-01,4.949512779712677002e-01,4.938934147357940674e-01,4.929899275302886963e-01,4.922393560409545898e-01,4.916406273841857910e-01,4.911928772926330566e-01,4.908952713012695312e-01,4.907474219799041748e-01,4.907490909099578857e-01,4.909002780914306641e-01,4.912012815475463867e-01,4.916523993015289307e-01,4.922545552253723145e-01,4.930084943771362305e-01,4.939154386520385742e-01,4.949767589569091797e-01,4.961941242218017578e-01,4.975694119930267334e-01,4.991048276424407959e-01,5.008028149604797363e-01,5.026659965515136719e-01,5.046973824501037598e-01,5.069002509117126465e-01,5.092783570289611816e-01,5.118353962898254395e-01,5.145758390426635742e-01,5.175042748451232910e-01,5.206257104873657227e-01,5.239456295967102051e-01,5.274699330329895020e-01,5.312047600746154785e-01,5.351570248603820801e-01,5.393340587615966797e-01,5.437438488006591797e-01,5.483946204185485840e-01,5.532957911491394043e-01,5.584569573402404785e-01,5.638886690139770508e-01,5.696021318435668945e-01,5.756099820137023926e-01,5.819249153137207031e-01,5.885611772537231445e-01,5.955341458320617676e-01,6.028600335121154785e-01,6.105569005012512207e-01,6.186434626579284668e-01,6.271409392356872559e-01,6.360714435577392578e-01,6.454594135284423828e-01,6.553313136100769043e-01,6.657158136367797852e-01,6.766440272331237793e-01,6.881501674652099609e-01,7.005685567855834961e-01,7.138157486915588379e-01,7.278211116790771484e-01,7.425106167793273926e-01,7.580385208129882812e-01,7.745081782341003418e-01,7.918152213096618652e-01,8.101559877395629883e-01,8.296914100646972656e-01,8.501762747764587402e-01,8.722448945045471191e-01,8.954849243164062500e-01,9.204520583152770996e-01,9.470496177673339844e-01,9.753269553184509277e-01,1.005939841270446777e+00,1.038565039634704590e+00,1.073538780212402344e+00,1.111746311187744141e+00,1.152829289436340332e+00,1.174108505249023438e+00,1.168258905410766602e+00,1.159640192985534668e+00,1.151495933532714844e+00,1.143811225891113281e+00,1.136572241783142090e+00,1.129766464233398438e+00,1.123381733894348145e+00,1.117407202720642090e+00,1.111832857131958008e+00,1.106649160385131836e+00,1.101847887039184570e+00,1.097420692443847656e+00,1.093360781669616699e+00,1.089661240577697754e+00,1.086316823959350586e+00,1.083321690559387207e+00,1.080671191215515137e+00,1.078361392021179199e+00,1.076388835906982422e+00,1.074749827384948730e+00,1.073442578315734863e+00,1.072464704513549805e+00,1.071815133094787598e+00,1.071492075920104980e+00,esquerda
5.969696044921875000e+00,5.971535682678222656e+00,5.975194931030273438e+00,5.980683326721191406e+00,5.842150688171386719e+00,5.209898948669433594e+00,4.399423122406005859e+00,3.808796167373657227e+00,3.359419584274291992e+00,3.006195068359375000e+00,2.720366239547729492e+00,2.484488725662231445e+00,2.287401676177978516e+00,2.119151830673217773e+00,1.974505782127380371e+00,1.848932743072509766e+00,1.738947510719299316e+00,1.642217516899108887e+00,1.556008696556091309e+00,1.478482484817504883e+00,1.408706903457641602e+00,1.345637917518615723e+00,1.287975311279296875e+00,1.235299229621887207e+00,1.187573552131652832e+00,1.143541216850280762e+00,1.102826118469238281e+00,1.064958691596984863e+00,1.030293822288513184e+00,9.979549050331115723e-01,9.676091670989990234e-01,9.395772814750671387e-01,9.132091999053955078e-01,8.884564042091369629e-01,8.654149174690246582e-01,8.435339331626892090e-01,8.232215046882629395e-01,8.038501739501953125e-01,7.856625914573669434e-01,7.684997916221618652e-01,7.521668672561645508e-01,7.367669939994812012e-01,7.221985459327697754e-01,7.083081603050231934e-01,6.951692700386047363e-01,6.828532218933105469e-01,6.714445352554321289e-01,6.606087088584899902e-01,6.503119468688964844e-01,6.405232548713684082e-01,6.312143802642822266e-01,6.223590970039367676e-01,6.139332056045532227e-01,6.059145927429199219e-01,5.982827544212341309e-01,5.910183191299438477e-01,5.841040015220642090e-01,5.775235295295715332e-01,5.712618827819824219e-01,5.653046369552612305e-01,5.596393942832946777e-01,5.542535185813903809e-01,5.491359829902648926e-01,5.442764163017272949e-01,5.396651029586791992e-01,5.352928638458251953e-01,5.311514139175415039e-01,5.272330045700073242e-01,5.235303044319152832e-01,5.200363993644714355e-01,5.167452692985534668e-01,5.136509537696838379e-01,5.107482671737670898e-01,5.080319046974182129e-01,5.054975152015686035e-01,5.031408071517944336e-01,5.009578466415405273e-01,4.989451467990875244e-01,4.970993399620056152e-01,4.954174160957336426e-01,4.938967823982238770e-01,4.925350844860076904e-01,4.913301169872283936e-01,4.902800023555755615e-01,4.893831312656402588e-01,4.886380732059478760e-01,4.880437254905700684e-01,4.875992238521575928e-01,4.873037934303283691e-01,4.871570467948913574e-01,4.871586859226226807e-01,4.873087704181671143e-01,4.876075387001037598e-01,4.880553483963012695e-01,4.886530637741088867e-01,4.894015491008758545e-01,4.903018176555633545e-01,4.913554191589355469e-01,4.925639033317565918e-01,4.939291179180145264e-01,4.954532682895660400e-01,4.971388578414916992e-01,4.989883601665496826e-01,5.010048747062683105e-01,5.031916499137878418e-01,5.055523514747619629e-01,5.080907344818115234e-01,5.108110904693603516e-01,5.137181282043457031e-01,5.168167352676391602e-01,5.201123952865600586e-01,5.236108303070068359e-01,5.273182392120361328e-01,5.312417149543762207e-01,5.353881716728210449e-01,5.397657752037048340e-01,5.443824529647827148e-01,5.492476820945739746e-01,5.543711185455322266e-01,5.597630739212036133e-01,5.654348134994506836e-01,5.713987350463867188e-01,5.776674747467041016e-01,5.842550992965698242e-01,5.911770462989807129e-01,5.984494090080261230e-01,6.060898900032043457e-01,6.141172647476196289e-01,6.225526928901672363e-01,6.314178109169006348e-01,6.407370567321777344e-01,6.505367159843444824e-01,6.608452796936035156e-01,6.716934442520141602e-01,6.831155419349670410e-01,6.954869627952575684e-01,7.086431980133056641e-01,7.225521206855773926e-01,7.371403574943542480e-01,7.525612115859985352e-01,7.689173221588134766e-01,7.861047387123107910e-01,8.043187856674194336e-01,8.237190246582031250e-01,8.440622687339782715e-01,8.659761548042297363e-01,8.890523910522460938e-01,9.138436913490295410e-01,9.402536749839782715e-01,9.683314561843872070e-01,9.987281560897827148e-01,1.031122922897338867e+00,1.065849661827087402e+00,1.103786945343017578e+00,1.144579768180847168e+00,1.172419428825378418e+00,1.168257355690002441e+00,1.159638643264770508e+00,1.151494622230529785e+00,1.143809676170349121e+00,1.136570692062377930e+00,1.129765033721923828e+00,1.123380303382873535e+00,1.117405891418457031e+00,1.111831426620483398e+00,1.106647729873657227e+00,1.101846575736999512e+00,1.097419261932373047e+00,1.093359470367431641e+00,1.089660048484802246e+00,1.086315512657165527e+00,1.083320498466491699e+00,1.080669879913330078e+00,1.078360199928283691e+00,1.076387643814086914e+00,1.074748754501342773e+00,1.073441386222839355e+00,1.072463631629943848e+00,1.071813941001892090e+00,1.071491003036499023e+00,esquerda
5.969695568084716797e+00,5.971535205841064453e+00,5.975194931030273438e+00,5.980683803558349609e+00,5.821384906768798828e+00,5.174006938934326172e+00,4.369154453277587891e+00,3.782587528228759766e+00,3.336210012435913086e+00,2.985309123992919922e+00,2.701379537582397461e+00,2.467082023620605469e+00,2.271322965621948242e+00,2.104213476181030273e+00,1.960551619529724121e+00,1.835836768150329590e+00,1.726605653762817383e+00,1.630541205406188965e+00,1.544926881790161133e+00,1.467936635017395020e+00,1.398644208908081055e+00,1.336012482643127441e+00,1.278750658035278320e+00,1.226440787315368652e+00,1.179047584533691406e+00,1.135322213172912598e+00,1.094891190528869629e+00,1.057288169860839844e+00,1.022865533828735352e+00,9.907527565956115723e-01,9.606193304061889648e-01,9.327834844589233398e-01,9.065999388694763184e-01,8.820204734802246094e-01,8.591402173042297363e-01,8.374122381210327148e-01,8.172419667243957520e-01,7.980061173439025879e-01,7.799456715583801270e-01,7.629027962684631348e-01,7.466837167739868164e-01,7.313913106918334961e-01,7.169243097305297852e-01,7.031305432319641113e-01,6.900830268859863281e-01,6.778200268745422363e-01,6.664954423904418945e-01,6.557395458221435547e-01,6.455185413360595703e-01,6.358020901679992676e-01,6.265618205070495605e-01,6.177718043327331543e-01,6.094080805778503418e-01,6.014485359191894531e-01,5.938729047775268555e-01,5.866620540618896484e-01,5.797986388206481934e-01,5.732668042182922363e-01,5.670511722564697266e-01,5.611380338668823242e-01,5.555143952369689941e-01,5.501682162284851074e-01,5.450884103775024414e-01,5.402646660804748535e-01,5.356873273849487305e-01,5.313473343849182129e-01,5.272365212440490723e-01,5.233469009399414062e-01,5.196714401245117188e-01,5.162032842636108398e-01,5.129364132881164551e-01,5.098649859428405762e-01,5.069836378097534180e-01,5.042873620986938477e-01,5.017716288566589355e-01,4.994323253631591797e-01,4.972654283046722412e-01,4.952675104141235352e-01,4.934353232383728027e-01,4.917658269405364990e-01,4.902564287185668945e-01,4.889047741889953613e-01,4.877086579799652100e-01,4.866662919521331787e-01,4.857760071754455566e-01,4.850364327430725098e-01,4.844464361667633057e-01,4.840052425861358643e-01,4.837120175361633301e-01,4.835663139820098877e-01,4.835679531097412109e-01,4.837169647216796875e-01,4.840134978294372559e-01,4.844580292701721191e-01,4.850513637065887451e-01,4.857942461967468262e-01,4.866879582405090332e-01,4.877337813377380371e-01,4.889333546161651611e-01,4.902885258197784424e-01,4.918013811111450195e-01,4.934745430946350098e-01,4.953104853630065918e-01,4.973120987415313721e-01,4.994828104972839355e-01,5.018259882926940918e-01,5.043457150459289551e-01,5.070459842681884766e-01,5.099316239356994629e-01,5.130074620246887207e-01,5.162787437438964844e-01,5.197514891624450684e-01,5.234315991401672363e-01,5.273260474205017090e-01,5.314419865608215332e-01,5.357872843742370605e-01,5.403699278831481934e-01,5.451993346214294434e-01,5.502849817276000977e-01,5.556372404098510742e-01,5.612671971321105957e-01,5.671870708465576172e-01,5.734096169471740723e-01,5.799486637115478516e-01,5.868196487426757812e-01,5.940384268760681152e-01,6.016226410865783691e-01,6.095908284187316895e-01,6.179640293121337891e-01,6.267638206481933594e-01,6.360143423080444336e-01,6.457418203353881836e-01,6.559744477272033691e-01,6.667426228523254395e-01,6.780804395675659180e-01,6.903566122055053711e-01,7.034189701080322266e-01,7.172287702560424805e-01,7.317127585411071777e-01,7.470233440399169922e-01,7.632621526718139648e-01,7.803263068199157715e-01,7.984095811843872070e-01,8.176704049110412598e-01,8.378672003746032715e-01,8.596236109733581543e-01,8.825334906578063965e-01,9.071458578109741211e-01,9.333652257919311523e-01,9.612402319908142090e-01,9.914171695709228516e-01,1.023577570915222168e+00,1.058052897453308105e+00,1.095715641975402832e+00,1.136212825775146484e+00,1.170707583427429199e+00,1.168257474899291992e+00,1.159638643264770508e+00,1.151494622230529785e+00,1.143809676170349121e+00,1.136570692062377930e+00,1.129764914512634277e+00,1.123380303382873535e+00,1.117405772209167480e+00,1.111831426620483398e+00,1.106647729873657227e+00,1.101846456527709961e+00,1.097419142723083496e+00,1.093359351158142090e+00,1.089659929275512695e+00,1.086315393447875977e+00,1.083320260047912598e+00,1.080669760704040527e+00,1.078360080718994141e+00,1.076387405395507812e+00,1.074748516082763672e+00,1.073441267013549805e+00,1.072463393211364746e+00,1.071813702583312988e+00,1.071490645408630371e+00,esquerda
5.969696044921875000e+00,5.971535682678222656e+00,5.975195407867431641e+00,5.980684280395507812e+00,5.798977851867675781e+00,5.135326862335205078e+00,4.336611270904541016e+00,3.754484891891479492e+00,3.311469078063964844e+00,2.963201522827148438e+00,2.681395292282104492e+00,2.448845624923706055e+00,2.254544496536254883e+00,2.088676691055297852e+00,1.946080923080444336e+00,1.822289824485778809e+00,1.713867187500000000e+00,1.618512630462646484e+00,1.533530473709106445e+00,1.457108020782470703e+00,1.388326525688171387e+00,1.326156139373779297e+00,1.269315600395202637e+00,1.217390418052673340e+00,1.170345425605773926e+00,1.126941204071044922e+00,1.086806893348693848e+00,1.049479603767395020e+00,1.015309214591979980e+00,9.834315776824951172e-01,9.535185694694519043e-01,9.258862733840942383e-01,8.998940587043762207e-01,8.754939436912536621e-01,8.527805805206298828e-01,8.312109708786010742e-01,8.111875057220458984e-01,7.920915484428405762e-01,7.741621732711791992e-01,7.572429180145263672e-01,7.411413192749023438e-01,7.259595394134521484e-01,7.115970849990844727e-01,6.979027986526489258e-01,6.849491000175476074e-01,6.727883815765380859e-01,6.615478992462158203e-01,6.508717536926269531e-01,6.407268047332763672e-01,6.310823559761047363e-01,6.219106912612915039e-01,6.131859421730041504e-01,6.048843264579772949e-01,5.969838500022888184e-01,5.894644856452941895e-01,5.823071002960205078e-01,5.754947066307067871e-01,5.690112709999084473e-01,5.628418922424316406e-01,5.569725632667541504e-01,5.513906478881835938e-01,5.460841655731201172e-01,5.410420894622802734e-01,5.362541675567626953e-01,5.317108035087585449e-01,5.274029970169067383e-01,5.233226418495178223e-01,5.194619894027709961e-01,5.158137679100036621e-01,5.123713612556457520e-01,5.091287493705749512e-01,5.060800909996032715e-01,5.032201409339904785e-01,5.005438327789306641e-01,4.980468451976776123e-01,4.957248270511627197e-01,4.935741126537322998e-01,4.915910065174102783e-01,4.897723793983459473e-01,4.881152808666229248e-01,4.866170883178710938e-01,4.852754473686218262e-01,4.840882420539855957e-01,4.830535948276519775e-01,4.821699261665344238e-01,4.814358651638031006e-01,4.808502495288848877e-01,4.804123044013977051e-01,4.801212251186370850e-01,4.799766242504119873e-01,4.799782633781433105e-01,4.801261425018310547e-01,4.804205000400543213e-01,4.808617532253265381e-01,4.814506471157073975e-01,4.821880459785461426e-01,4.830751121044158936e-01,4.841131567955017090e-01,4.853038489818572998e-01,4.866489470005035400e-01,4.881505668163299561e-01,4.898113608360290527e-01,4.916335940361022949e-01,4.936203658580780029e-01,4.957749545574188232e-01,4.981008768081665039e-01,5.006017684936523438e-01,5.032820701599121094e-01,5.061461925506591797e-01,5.091991424560546875e-01,5.124462246894836426e-01,5.158932209014892578e-01,5.195460319519042969e-01,5.234115123748779297e-01,5.274968743324279785e-01,5.318099260330200195e-01,5.363585352897644043e-01,5.411521792411804199e-01,5.462000370025634766e-01,5.515125393867492676e-01,5.571007132530212402e-01,5.629765987396240234e-01,5.691529512405395508e-01,5.756435990333557129e-01,5.824635028839111328e-01,5.896286964416503906e-01,5.971565246582031250e-01,6.050655841827392578e-01,6.133766174316406250e-01,6.221110820770263672e-01,6.312929987907409668e-01,6.409482359886169434e-01,6.511049270629882812e-01,6.617931723594665527e-01,6.730467677116394043e-01,6.852264404296875000e-01,6.981951594352722168e-01,7.119057774543762207e-01,7.262855768203735352e-01,7.414857149124145508e-01,7.576073408126831055e-01,7.745481133460998535e-01,7.925004959106445312e-01,8.116217851638793945e-01,8.316721916198730469e-01,8.532709479331970215e-01,8.760145306587219238e-01,9.004480242729187012e-01,9.264765977859497070e-01,9.541487097740173340e-01,9.841058850288391113e-01,1.016031980514526367e+00,1.050255775451660156e+00,1.087643742561340332e+00,1.127845168113708496e+00,1.168994903564453125e+00,1.168256640434265137e+00,1.159638047218322754e+00,1.151493787765502930e+00,1.143808960914611816e+00,1.136570096015930176e+00,1.129764199256896973e+00,1.123379588127136230e+00,1.117405176162719727e+00,1.111830711364746094e+00,1.106647014617919922e+00,1.101845741271972656e+00,1.097418427467346191e+00,1.093358635902404785e+00,1.089659214019775391e+00,1.086314558982849121e+00,1.083319544792175293e+00,1.080669045448303223e+00,1.078359365463256836e+00,1.076386809349060059e+00,1.074747800827026367e+00,1.073440551757812500e+00,1.072462677955627441e+00,1.071812987327575684e+00,1.071490049362182617e+00,esquerda
5.969697952270507812e+00,5.971537590026855469e+00,5.975197315216064453e+00,5.980685234069824219e+00,5.776517868041992188e+00,5.096554756164550781e+00,4.303989887237548828e+00,3.726316928863525391e+00,3.286676168441772461e+00,2.941051483154296875e+00,2.661376714706420898e+00,2.430580615997314453e+00,2.237741231918334961e+00,2.073118448257446289e+00,1.931591033935546875e+00,1.808726668357849121e+00,1.701113939285278320e+00,1.606470942497253418e+00,1.522122383117675781e+00,1.446269035339355469e+00,1.377999067306518555e+00,1.316290736198425293e+00,1.259872436523437500e+00,1.208332419395446777e+00,1.161636590957641602e+00,1.118553757667541504e+00,1.078716635704040527e+00,1.041665315628051758e+00,1.007747530937194824e+00,9.761053919792175293e-01,9.464130997657775879e-01,9.189847111701965332e-01,8.931839466094970703e-01,8.689635396003723145e-01,8.464171290397644043e-01,8.250061273574829102e-01,8.051295876502990723e-01,7.861735820770263672e-01,7.683756351470947266e-01,7.515800595283508301e-01,7.355962395668029785e-01,7.205251455307006836e-01,7.062672376632690430e-01,6.926724314689636230e-01,6.798127889633178711e-01,6.677556633949279785e-01,6.565991640090942383e-01,6.460030078887939453e-01,6.359338164329528809e-01,6.263616681098937988e-01,6.172585487365722656e-01,6.085990667343139648e-01,6.003594398498535156e-01,5.925181508064270020e-01,5.850550532341003418e-01,5.779511928558349609e-01,5.711897611618041992e-01,5.647547841072082520e-01,5.586315989494323730e-01,5.528061389923095703e-01,5.472660064697265625e-01,5.419992208480834961e-01,5.369948744773864746e-01,5.322427153587341309e-01,5.277333855628967285e-01,5.234578847885131836e-01,5.194079875946044922e-01,5.155761837959289551e-01,5.119552612304687500e-01,5.085386037826538086e-01,5.053202509880065918e-01,5.022944808006286621e-01,4.994558691978454590e-01,4.967995882034301758e-01,4.943212568759918213e-01,4.920166134834289551e-01,4.898819625377655029e-01,4.879137277603149414e-01,4.861087799072265625e-01,4.844639897346496582e-01,4.829770028591156006e-01,4.816454052925109863e-01,4.804670810699462891e-01,4.794401824474334717e-01,4.785631597042083740e-01,4.778345525264739990e-01,4.772533178329467773e-01,4.768186509609222412e-01,4.765297770500183105e-01,4.763862490653991699e-01,4.763878583908081055e-01,4.765346646308898926e-01,4.768268465995788574e-01,4.772647619247436523e-01,4.778492450714111328e-01,4.785811305046081543e-01,4.794615209102630615e-01,4.804918169975280762e-01,4.816735982894897461e-01,4.830086529254913330e-01,4.844990372657775879e-01,4.861473739147186279e-01,4.879560172557830811e-01,4.899279773235321045e-01,4.920664131641387939e-01,4.943749010562896729e-01,4.968571662902832031e-01,4.995173215866088867e-01,5.023601055145263672e-01,5.053901672363281250e-01,5.086129903793334961e-01,5.120341777801513672e-01,5.156596302986145020e-01,5.194962620735168457e-01,5.235510468482971191e-01,5.278318524360656738e-01,5.323464870452880859e-01,5.371041297912597656e-01,5.421143174171447754e-01,5.473870635032653809e-01,5.529333949089050293e-01,5.587654113769531250e-01,5.648955702781677246e-01,5.713375806808471680e-01,5.781064629554748535e-01,5.852180719375610352e-01,5.926896929740905762e-01,6.005395650863647461e-01,6.087883710861206055e-01,6.174575090408325195e-01,6.265707612037658691e-01,6.361537575721740723e-01,6.462344527244567871e-01,6.568427681922912598e-01,6.680122613906860352e-01,6.800957322120666504e-01,6.929708123207092285e-01,7.065821290016174316e-01,7.208577394485473633e-01,7.359474897384643555e-01,7.519518136978149414e-01,7.687693238258361816e-01,7.865908741950988770e-01,8.055726289749145508e-01,8.254765272140502930e-01,8.469182252883911133e-01,8.694980144500732422e-01,8.937557935714721680e-01,9.195971488952636719e-01,9.470702409744262695e-01,9.768120646476745605e-01,1.008508682250976562e+00,1.042486786842346191e+00,1.079606294631958008e+00,1.119519352912902832e+00,1.162687063217163086e+00,1.168255090713500977e+00,1.159636616706848145e+00,1.151492357254028320e+00,1.143807530403137207e+00,1.136568665504455566e+00,1.129762887954711914e+00,1.123378157615661621e+00,1.117403864860534668e+00,1.111829400062561035e+00,1.106645822525024414e+00,1.101844429969787598e+00,1.097417354583740234e+00,1.093357563018798828e+00,1.089658021926879883e+00,1.086313366889953613e+00,1.083318352699279785e+00,1.080667853355407715e+00,1.078358173370361328e+00,1.076385498046875000e+00,1.074746608734130859e+00,1.073439359664916992e+00,1.072461485862731934e+00,1.071811914443969727e+00,1.071488857269287109e+00,esquerda
5.969698429107666016e+00,5.971538066864013672e+00,5.975197792053222656e+00,5.980686187744140625e+00,5.756390094757080078e+00,5.061503410339355469e+00,4.274036407470703125e+00,3.700155258178710938e+00,3.263442277908325195e+00,2.920147418975830078e+00,2.642375707626342773e+00,2.413161754608154297e+00,2.221652507781982422e+00,2.058171749114990234e+00,1.917630791664123535e+00,1.795625448226928711e+00,1.688767910003662109e+00,1.594790935516357422e+00,1.511037349700927734e+00,1.435720324516296387e+00,1.367933869361877441e+00,1.306663393974304199e+00,1.250645875930786133e+00,1.199472784996032715e+00,1.153109192848205566e+00,1.110333800315856934e+00,1.070780873298645020e+00,1.033994197845458984e+00,1.000318765640258789e+00,9.689028859138488770e-01,9.394229650497436523e-01,9.121907949447631836e-01,8.865746855735778809e-01,8.625273704528808594e-01,8.401424288749694824e-01,8.188846111297607422e-01,7.991501688957214355e-01,7.803297042846679688e-01,7.626589536666870117e-01,7.459833621978759766e-01,7.301135063171386719e-01,7.151497602462768555e-01,7.009933590888977051e-01,6.874952912330627441e-01,6.747269034385681152e-01,6.627241373062133789e-01,6.516517400741577148e-01,6.411352753639221191e-01,6.311420202255249023e-01,6.216419935226440430e-01,6.126074790954589844e-01,6.040132045745849609e-01,5.958357453346252441e-01,5.880535244941711426e-01,5.806465744972229004e-01,5.735962986946105957e-01,5.668857693672180176e-01,5.604993700981140137e-01,5.544223189353942871e-01,5.486406683921813965e-01,5.431423783302307129e-01,5.379152297973632812e-01,5.329486131668090820e-01,5.282322764396667480e-01,5.237569212913513184e-01,5.195135474205017090e-01,5.154942870140075684e-01,5.116913318634033203e-01,5.080977082252502441e-01,5.047067999839782715e-01,5.015126466751098633e-01,4.985096156597137451e-01,4.956924617290496826e-01,4.930562078952789307e-01,4.905965626239776611e-01,4.883093237876892090e-01,4.861906766891479492e-01,4.842372834682464600e-01,4.824458956718444824e-01,4.808135926723480225e-01,4.793377816677093506e-01,4.780162572860717773e-01,4.768467545509338379e-01,4.758276045322418213e-01,4.749571979045867920e-01,4.742341339588165283e-01,4.736572802066802979e-01,4.732258915901184082e-01,4.729391336441040039e-01,4.727966785430908203e-01,4.727982878684997559e-01,4.729439616203308105e-01,4.732339382171630859e-01,4.736685752868652344e-01,4.742486476898193359e-01,4.749750196933746338e-01,4.758487939834594727e-01,4.768713414669036865e-01,4.780442118644714355e-01,4.793692231178283691e-01,4.808484017848968506e-01,4.824843108654022217e-01,4.842793345451354980e-01,4.862363934516906738e-01,4.883587360382080078e-01,4.906498193740844727e-01,4.931133389472961426e-01,4.957534968852996826e-01,4.985748231410980225e-01,5.015820860862731934e-01,5.047806501388549805e-01,5.081760287284851074e-01,5.117741823196411133e-01,5.155819058418273926e-01,5.196061730384826660e-01,5.238546729087829590e-01,5.283352732658386230e-01,5.330571532249450684e-01,5.380295515060424805e-01,5.432626008987426758e-01,5.487671494483947754e-01,5.545552372932434082e-01,5.606390833854675293e-01,5.670325756072998047e-01,5.737504959106445312e-01,5.808085203170776367e-01,5.882238149642944336e-01,5.960145592689514160e-01,6.042011976242065430e-01,6.128050684928894043e-01,6.218496561050415039e-01,6.313605308532714844e-01,6.413651704788208008e-01,6.518936157226562500e-01,6.629788279533386230e-01,6.749664545059204102e-01,6.877477765083312988e-01,7.012599110603332520e-01,7.154312133789062500e-01,7.304107546806335449e-01,7.462978959083557129e-01,7.629919648170471191e-01,7.806826233863830566e-01,7.995249629020690918e-01,8.192824721336364746e-01,8.405660986900329590e-01,8.629795312881469727e-01,8.870582580566406250e-01,9.127089381217956543e-01,9.399790763854980469e-01,9.695010185241699219e-01,1.000963211059570312e+00,1.034689903259277344e+00,1.071534395217895508e+00,1.111151933670043945e+00,1.153999567031860352e+00,1.168254375457763672e+00,1.159635782241821289e+00,1.151491641998291016e+00,1.143806815147399902e+00,1.136567950248718262e+00,1.129762172698974609e+00,1.123377442359924316e+00,1.117403030395507812e+00,1.111828684806823730e+00,1.106644868850708008e+00,1.101843714714050293e+00,1.097416520118713379e+00,1.093356847763061523e+00,1.089657306671142578e+00,1.086312770843505859e+00,1.083317756652832031e+00,1.080667257308959961e+00,1.078357458114624023e+00,1.076384782791137695e+00,1.074746012687683105e+00,1.073438644409179688e+00,1.072460889816284180e+00,1.071811199188232422e+00,1.071488142013549805e+00,esquerda
5.969697952270507812e+00,5.971537590026855469e+00,5.975197792053222656e+00,5.980686187744140625e+00,5.733991622924804688e+00,5.022836685180664062e+00,4.241501331329345703e+00,3.672057628631591797e+00,3.238705158233642578e+00,2.898042201995849609e+00,2.622393608093261719e+00,2.394927501678466797e+00,2.204875469207763672e+00,2.042636156082153320e+00,1.903160929679870605e+00,1.782079339027404785e+00,1.676030039787292480e+00,1.582762837409973145e+00,1.499641418457031250e+00,1.424892187118530273e+00,1.357616543769836426e+00,1.296807289123535156e+00,1.241210937500000000e+00,1.190422534942626953e+00,1.144407272338867188e+00,1.101952791213989258e+00,1.062696576118469238e+00,1.026185750961303711e+00,9.927624464035034180e-01,9.615816473960876465e-01,9.323222637176513672e-01,9.052934646606445312e-01,8.798686861991882324e-01,8.560010194778442383e-01,8.337827324867248535e-01,8.126832246780395508e-01,7.930955886840820312e-01,7.744150161743164062e-01,7.568753957748413086e-01,7.403233051300048828e-01,7.245709896087646484e-01,7.097179293632507324e-01,6.956660151481628418e-01,6.822673678398132324e-01,6.695929169654846191e-01,6.576916575431823730e-01,6.467033028602600098e-01,6.362668275833129883e-01,6.263494491577148438e-01,6.169214248657226562e-01,6.079555153846740723e-01,5.994266271591186523e-01,5.913112163543701172e-01,5.835880637168884277e-01,5.762373805046081543e-01,5.692406892776489258e-01,5.625811219215393066e-01,5.562431216239929199e-01,5.502122044563293457e-01,5.444745421409606934e-01,5.390179753303527832e-01,5.338305234909057617e-01,5.289015769958496094e-01,5.242210626602172852e-01,5.197796821594238281e-01,5.155686140060424805e-01,5.115797519683837891e-01,5.078057050704956055e-01,5.042393803596496582e-01,5.008742213249206543e-01,4.977043569087982178e-01,4.947241246700286865e-01,4.919283688068389893e-01,4.893121421337127686e-01,4.868711531162261963e-01,4.846012294292449951e-01,4.824987053871154785e-01,4.805601537227630615e-01,4.787823557853698730e-01,4.771624803543090820e-01,4.756978750228881836e-01,4.743863642215728760e-01,4.732257723808288574e-01,4.722143113613128662e-01,4.713504910469055176e-01,4.706329107284545898e-01,4.700604677200317383e-01,4.696323275566101074e-01,4.693478047847747803e-01,4.692064225673675537e-01,4.692080318927764893e-01,4.693526029586791992e-01,4.696403741836547852e-01,4.700717031955718994e-01,4.706473946571350098e-01,4.713682234287261963e-01,4.722353816032409668e-01,4.732501506805419922e-01,4.744140803813934326e-01,4.757290184497833252e-01,4.771969616413116455e-01,4.788204729557037354e-01,4.806018471717834473e-01,4.825440049171447754e-01,4.846502840518951416e-01,4.869239628314971924e-01,4.893687665462493896e-01,4.919888973236083984e-01,4.947888255119323730e-01,4.977732300758361816e-01,5.009474754333496094e-01,5.043170452117919922e-01,5.078878998756408691e-01,5.116667151451110840e-01,5.156604051589965820e-01,5.198766589164733887e-01,5.243232846260070801e-01,5.290092229843139648e-01,5.339438915252685547e-01,5.391371846199035645e-01,5.445998907089233398e-01,5.503440499305725098e-01,5.563818216323852539e-01,5.627266764640808105e-01,5.693935751914978027e-01,5.763979554176330566e-01,5.837570428848266602e-01,5.914885401725769043e-01,5.996130704879760742e-01,6.081515550613403320e-01,6.171275377273559570e-01,6.265660524368286133e-01,6.364947557449340820e-01,6.469432115554809570e-01,6.579443812370300293e-01,6.698363423347473145e-01,6.825240850448608398e-01,6.959369182586669922e-01,7.100041508674621582e-01,7.248733043670654297e-01,7.406432628631591797e-01,7.572141289710998535e-01,7.747740745544433594e-01,7.934768199920654297e-01,8.130879402160644531e-01,8.342137336730957031e-01,8.564607501029968262e-01,8.803606033325195312e-01,9.058206081390380859e-01,9.328879117965698242e-01,9.621900916099548340e-01,9.934179782867431641e-01,1.026893258094787598e+00,1.063463330268859863e+00,1.102784991264343262e+00,1.145313024520874023e+00,1.168254494667053223e+00,1.159635782241821289e+00,1.151491641998291016e+00,1.143806815147399902e+00,1.136567950248718262e+00,1.129762053489685059e+00,1.123377442359924316e+00,1.117403030395507812e+00,1.111828565597534180e+00,1.106644868850708008e+00,1.101843595504760742e+00,1.097416520118713379e+00,1.093356728553771973e+00,1.089657187461853027e+00,1.086312532424926758e+00,1.083317637443542480e+00,1.080667018890380859e+00,1.078357219696044922e+00,1.076384663581848145e+00,1.074745774269104004e+00,1.073438525199890137e+00,1.072460651397705078e+00,1.071810960769653320e+00,1.071488022804260254e+00,esquerda
5.969700336456298828e+00,5.971539974212646484e+00,5.975199222564697266e+00,5.980687618255615234e+00,5.711604595184326172e+00,4.984188556671142578e+00,4.208979606628417969e+00,3.643972158432006836e+00,3.213977813720703125e+00,2.875945329666137695e+00,2.602418899536132812e+00,2.376698970794677734e+00,2.188103199005126953e+00,2.027105093002319336e+00,1.888694643974304199e+00,1.768536448478698730e+00,1.663294911384582520e+00,1.570737361907958984e+00,1.488247752189636230e+00,1.414066314697265625e+00,1.347301125526428223e+00,1.286953091621398926e+00,1.231778025627136230e+00,1.181374073028564453e+00,1.135707020759582520e+00,1.093573331832885742e+00,1.054613709449768066e+00,1.018378496170043945e+00,9.852073192596435547e-01,9.542616009712219238e-01,9.252226352691650391e-01,8.983973264694213867e-01,8.731637597084045410e-01,8.494753241539001465e-01,8.274238705635070801e-01,8.064826726913452148e-01,7.870418429374694824e-01,7.685011029243469238e-01,7.510924935340881348e-01,7.346641421318054199e-01,7.190293073654174805e-01,7.042868137359619141e-01,6.903393268585205078e-01,6.770401000976562500e-01,6.644594073295593262e-01,6.526594758033752441e-01,6.417552828788757324e-01,6.313985586166381836e-01,6.215570569038391113e-01,6.122012734413146973e-01,6.033039093017578125e-01,5.948402285575866699e-01,5.867869853973388672e-01,5.791229605674743652e-01,5.718284845352172852e-01,5.648852586746215820e-01,5.582766532897949219e-01,5.519872307777404785e-01,5.460024476051330566e-01,5.403086543083190918e-01,5.348938107490539551e-01,5.297461152076721191e-01,5.248548984527587891e-01,5.202102065086364746e-01,5.158028006553649902e-01,5.116239190101623535e-01,5.076656341552734375e-01,5.039204359054565430e-01,5.003814101219177246e-01,4.970419704914093018e-01,4.938963651657104492e-01,4.909389913082122803e-01,4.881645739078521729e-01,4.855683445930480957e-01,4.831460714340209961e-01,4.808935225009918213e-01,4.788071215152740479e-01,4.768833518028259277e-01,4.751191735267639160e-01,4.735116660594940186e-01,4.720582664012908936e-01,4.707567989826202393e-01,4.696050584316253662e-01,4.686014056205749512e-01,4.677442014217376709e-01,4.670320749282836914e-01,4.664640128612518311e-01,4.660391211509704590e-01,4.657567739486694336e-01,4.656165242195129395e-01,4.656181037425994873e-01,4.657615721225738525e-01,4.660471081733703613e-01,4.664751291275024414e-01,4.670464396476745605e-01,4.677618145942687988e-01,4.686223268508911133e-01,4.696292877197265625e-01,4.707843363285064697e-01,4.720892012119293213e-01,4.735459387302398682e-01,4.751570522785186768e-01,4.769247472286224365e-01,4.788521230220794678e-01,4.809422194957733154e-01,4.831985235214233398e-01,4.856246411800384521e-01,4.882247149944305420e-01,4.910032153129577637e-01,4.939648211002349854e-01,4.971147775650024414e-01,5.004585385322570801e-01,5.040021538734436035e-01,5.077520012855529785e-01,5.117151737213134766e-01,5.158991217613220215e-01,5.203117132186889648e-01,5.249618291854858398e-01,5.298587679862976074e-01,5.350123047828674316e-01,5.404332876205444336e-01,5.461334586143493652e-01,5.521249771118164062e-01,5.584213137626647949e-01,5.650373101234436035e-01,5.719881057739257812e-01,5.792907476425170898e-01,5.869631767272949219e-01,5.950255990028381348e-01,6.034987568855285645e-01,6.124058961868286133e-01,6.217723488807678223e-01,6.316251158714294434e-01,6.419936418533325195e-01,6.529105305671691895e-01,6.647066473960876465e-01,6.773006916046142578e-01,6.906144618988037109e-01,7.045773267745971680e-01,7.193361520767211914e-01,7.349889874458312988e-01,7.514365315437316895e-01,7.688656449317932129e-01,7.874289155006408691e-01,8.068935871124267578e-01,8.278615474700927734e-01,8.499419689178466797e-01,8.736630678176879883e-01,8.989322185516357422e-01,9.257967472076416016e-01,9.548790454864501953e-01,9.858725666999816895e-01,1.019096493721008301e+00,1.055391669273376465e+00,1.094417810440063477e+00,1.136626005172729492e+00,1.168253660202026367e+00,1.159635066986083984e+00,1.151490807533264160e+00,1.143805980682373047e+00,1.136567234992980957e+00,1.129761457443237305e+00,1.123376727104187012e+00,1.117402315139770508e+00,1.111827850341796875e+00,1.106644153594970703e+00,1.101842880249023438e+00,1.097415804862976074e+00,1.093356013298034668e+00,1.089656472206115723e+00,1.086311817169189453e+00,1.083316922187805176e+00,1.080666303634643555e+00,1.078356504440307617e+00,1.076383948326110840e+00,1.074745059013366699e+00,1.073437809944152832e+00,1.072459936141967773e+00,1.071810245513916016e+00,1.071487307548522949e+00,esquerda
5.969700813293457031e+00,5.971540451049804688e+00,5.975199699401855469e+00,5.980688095092773438e+00,5.689228534698486328e+00,4.945557117462158203e+00,4.176469802856445312e+00,3.615892171859741211e+00,3.189253807067871094e+00,2.853850364685058594e+00,2.582445144653320312e+00,2.358471393585205078e+00,2.171331405639648438e+00,2.011573791503906250e+00,1.874228477478027344e+00,1.754993557929992676e+00,1.650559663772583008e+00,1.558711647987365723e+00,1.476853966712951660e+00,1.403240084648132324e+00,1.336985230445861816e+00,1.277098178863525391e+00,1.222344279289245605e+00,1.172324895858764648e+00,1.127005815505981445e+00,1.085193157196044922e+00,1.046530008316040039e+00,1.010570526123046875e+00,9.776516556739807129e-01,9.469408392906188965e-01,9.181222915649414062e-01,8.915004730224609375e-01,8.664580583572387695e-01,8.429489731788635254e-01,8.210644721984863281e-01,8.002814054489135742e-01,7.809873819351196289e-01,7.625864744186401367e-01,7.453090548515319824e-01,7.290042638778686523e-01,7.134867906570434570e-01,6.988549828529357910e-01,6.850119233131408691e-01,6.718121767044067383e-01,6.593253612518310547e-01,6.476266980171203613e-01,6.368066072463989258e-01,6.265297532081604004e-01,6.167641878128051758e-01,6.074804663658142090e-01,5.986518263816833496e-01,5.902533531188964844e-01,5.822621583938598633e-01,5.746572613716125488e-01,5.674190521240234375e-01,5.605294108390808105e-01,5.539717078208923340e-01,5.477307438850402832e-01,5.417921543121337891e-01,5.361422896385192871e-01,5.307692289352416992e-01,5.256611704826354980e-01,5.208076238632202148e-01,5.161987543106079102e-01,5.118253827095031738e-01,5.076786875724792480e-01,5.037509799003601074e-01,5.000346302986145020e-01,4.965228736400604248e-01,4.932092130184173584e-01,4.900878667831420898e-01,4.871532320976257324e-01,4.844002723693847656e-01,4.818241000175476074e-01,4.794204235076904297e-01,4.771852791309356689e-01,4.751149117946624756e-01,4.732060432434082031e-01,4.714554846286773682e-01,4.698603153228759766e-01,4.684181511402130127e-01,4.671266973018646240e-01,4.659838974475860596e-01,4.649879336357116699e-01,4.641373455524444580e-01,4.634307026863098145e-01,4.628670215606689453e-01,4.624454379081726074e-01,4.621652662754058838e-01,4.620260596275329590e-01,4.620276689529418945e-01,4.621700048446655273e-01,4.624533653259277344e-01,4.628780782222747803e-01,4.634449779987335205e-01,4.641548097133636475e-01,4.650086760520935059e-01,4.660079181194305420e-01,4.671539962291717529e-01,4.684488177299499512e-01,4.698943793773651123e-01,4.714930057525634766e-01,4.732471108436584473e-01,4.751595556735992432e-01,4.772335886955261230e-01,4.794725179672241211e-01,4.818798601627349854e-01,4.844599366188049316e-01,4.872170090675354004e-01,4.901557564735412598e-01,4.932814240455627441e-01,4.965994358062744141e-01,5.001156330108642578e-01,5.038365721702575684e-01,5.077692270278930664e-01,5.119209289550781250e-01,5.162994861602783203e-01,5.209137797355651855e-01,5.257728695869445801e-01,5.308867096900939941e-01,5.362658500671386719e-01,5.419220328330993652e-01,5.478674173355102539e-01,5.541152358055114746e-01,5.606801509857177734e-01,5.675773620605468750e-01,5.748237371444702148e-01,5.824370384216308594e-01,5.904371738433837891e-01,5.988450050354003906e-01,6.076835393905639648e-01,6.169776916503906250e-01,6.267544627189636230e-01,6.370429992675781250e-01,6.478757858276367188e-01,6.596228480339050293e-01,6.721258163452148438e-01,6.853430867195129395e-01,6.992046236991882324e-01,7.138563394546508789e-01,7.293951511383056641e-01,7.457231283187866211e-01,7.630253434181213379e-01,7.814532518386840820e-01,8.007761240005493164e-01,8.215911388397216797e-01,8.435096144676208496e-01,8.670546412467956543e-01,8.921363353729248047e-01,9.188012480735778809e-01,9.476675391197204590e-01,9.784306287765502930e-01,1.011407494544982910e+00,1.047432541847229004e+00,1.086168169975280762e+00,1.128062248229980469e+00,1.168252110481262207e+00,1.159633636474609375e+00,1.151489496231079102e+00,1.143804550170898438e+00,1.136565685272216797e+00,1.129760026931762695e+00,1.123375177383422852e+00,1.117400884628295898e+00,1.111826419830322266e+00,1.106642842292785645e+00,1.101841568946838379e+00,1.097414374351501465e+00,1.093354582786560059e+00,1.089655160903930664e+00,1.086310625076293945e+00,1.083315610885620117e+00,1.080665111541748047e+00,1.078355193138122559e+00,1.076382637023925781e+00,1.074743866920471191e+00,1.073436617851257324e+00,1.072458744049072266e+00,1.071809053421020508e+00,1.071486115455627441e+00,esquerda
5.969700336456298828e+00,5.971539974212646484e+00,5.975199699401855469e+00,5.980688571929931641e+00,5.669012546539306641e+00,4.910351753234863281e+00,4.146383285522460938e+00,3.589619159698486328e+00,3.165930986404418945e+00,2.832874298095703125e+00,2.563384532928466797e+00,2.341002702713012695e+00,2.155200719833374023e+00,1.996590733528137207e+00,1.860235929489135742e+00,1.741864085197448730e+00,1.638188362121582031e+00,1.547009229660034180e+00,1.465748548507690430e+00,1.392672896385192871e+00,1.326903223991394043e+00,1.267455220222473145e+00,1.213103652000427246e+00,1.163451910018920898e+00,1.118466496467590332e+00,1.076961874961853027e+00,1.038583874702453613e+00,1.002889513969421387e+00,9.702135920524597168e-01,9.397296905517578125e-01,9.111239314079284668e-01,8.846988081932067871e-01,8.598414659500122070e-01,8.365060687065124512e-01,8.147832751274108887e-01,7.941536307334899902e-01,7.750020623207092285e-01,7.567369937896728516e-01,7.395869493484497070e-01,7.234023809432983398e-01,7.079992294311523438e-01,6.934749484062194824e-01,6.797335147857666016e-01,6.666306257247924805e-01,6.542353630065917969e-01,6.425938010215759277e-01,6.318578124046325684e-01,6.216608285903930664e-01,6.119710803031921387e-01,6.027595996856689453e-01,5.939995050430297852e-01,5.856662988662719727e-01,5.777372121810913086e-01,5.701913833618164062e-01,5.630094408988952637e-01,5.561733245849609375e-01,5.496665835380554199e-01,5.434741377830505371e-01,5.375816822052001953e-01,5.319758057594299316e-01,5.266444087028503418e-01,5.215760469436645508e-01,5.167602896690368652e-01,5.121872425079345703e-01,5.078477859497070312e-01,5.037333369255065918e-01,4.998360872268676758e-01,4.961487054824829102e-01,4.926642179489135742e-01,4.893763065338134766e-01,4.862792193889617920e-01,4.833674132823944092e-01,4.806358218193054199e-01,4.780796170234680176e-01,4.756946563720703125e-01,4.734768867492675781e-01,4.714226424694061279e-01,4.695285856723785400e-01,4.677916169166564941e-01,4.662088453769683838e-01,4.647778868675231934e-01,4.634965062141418457e-01,4.623625874519348145e-01,4.613743424415588379e-01,4.605303406715393066e-01,4.598292112350463867e-01,4.592699110507965088e-01,4.588516354560852051e-01,4.585736393928527832e-01,4.584355354309082031e-01,4.584370553493499756e-01,4.585782885551452637e-01,4.588594734668731689e-01,4.592808783054351807e-01,4.598433673381805420e-01,4.605476558208465576e-01,4.613948762416839600e-01,4.623863697052001953e-01,4.635235965251922607e-01,4.648083448410034180e-01,4.662425816059112549e-01,4.678288102149963379e-01,4.695693254470825195e-01,4.714669585227966309e-01,4.735248386859893799e-01,4.757462739944458008e-01,4.781349897384643555e-01,4.806950092315673828e-01,4.834306538105010986e-01,4.863465726375579834e-01,4.894479215145111084e-01,4.927401244640350342e-01,4.962290227413177490e-01,4.999211132526397705e-01,5.038231015205383301e-01,5.079425573348999023e-01,5.122870802879333496e-01,5.168655514717102051e-01,5.216869115829467773e-01,5.267609953880310059e-01,5.320982933044433594e-01,5.377105474472045898e-01,5.436097383499145508e-01,5.498089194297790527e-01,5.563228130340576172e-01,5.631664395332336426e-01,5.703565478324890137e-01,5.779105424880981445e-01,5.858486294746398926e-01,5.941911339759826660e-01,6.029608845710754395e-01,6.121828556060791016e-01,6.218836903572082520e-01,6.320922970771789551e-01,6.428408026695251465e-01,6.544926762580871582e-01,6.669020056724548340e-01,6.800200343132019043e-01,6.937773823738098145e-01,7.083187699317932129e-01,7.237404584884643555e-01,7.399450540542602539e-01,7.571164965629577637e-01,7.754050493240356445e-01,7.945814132690429688e-01,8.152387142181396484e-01,8.369910717010498047e-01,8.603572845458984375e-01,8.852484226226806641e-01,9.117104411125183105e-01,9.403570890426635742e-01,9.708858728408813477e-01,1.003611445426940918e+00,1.039361834526062012e+00,1.077802181243896484e+00,1.119376182556152344e+00,1.164439916610717773e+00,1.159633517265319824e+00,1.151489377021789551e+00,1.143804550170898438e+00,1.136565685272216797e+00,1.129759907722473145e+00,1.123375177383422852e+00,1.117400765419006348e+00,1.111826419830322266e+00,1.106642723083496094e+00,1.101841568946838379e+00,1.097414255142211914e+00,1.093354463577270508e+00,1.089655041694641113e+00,1.086310505867004395e+00,1.083315491676330566e+00,1.080664992332458496e+00,1.078355073928833008e+00,1.076382517814636230e+00,1.074743628501892090e+00,1.073436379432678223e+00,1.072458505630493164e+00,1.071808934211730957e+00,1.071485877037048340e+00,esquerda
5.969702243804931641e+00,5.971541881561279297e+00,5.975201606750488281e+00,5.980689525604248047e+00,5.646613597869873047e+00,4.871691703796386719e+00,4.113864898681640625e+00,3.561540603637695312e+00,3.141210317611694336e+00,2.810782909393310547e+00,2.543413877487182617e+00,2.322778224945068359e+00,2.138431787490844727e+00,1.981062412261962891e+00,1.845772624015808105e+00,1.728323936462402344e+00,1.625455737113952637e+00,1.534986138343811035e+00,1.454357028007507324e+00,1.381849050521850586e+00,1.316589713096618652e+00,1.257602691650390625e+00,1.203672170639038086e+00,1.154404878616333008e+00,1.109767556190490723e+00,1.068583846092224121e+00,1.030502319335937500e+00,9.950835704803466797e-01,9.626596570014953613e-01,9.324107766151428223e-01,9.040254354476928711e-01,8.778036832809448242e-01,8.531374335289001465e-01,8.299815058708190918e-01,8.084253668785095215e-01,7.879540920257568359e-01,7.689490914344787598e-01,7.508239150047302246e-01,7.338050007820129395e-01,7.177439332008361816e-01,7.024582028388977051e-01,6.880446076393127441e-01,6.744075417518615723e-01,6.614040732383728027e-01,6.491025686264038086e-01,6.375623941421508789e-01,6.269105076789855957e-01,6.167932748794555664e-01,6.071794629096984863e-01,5.980400443077087402e-01,5.893485546112060547e-01,5.810806155204772949e-01,5.732136368751525879e-01,5.657268762588500977e-01,5.586011409759521484e-01,5.518185496330261230e-01,5.453628897666931152e-01,5.392189025878906250e-01,5.333725810050964355e-01,5.278105139732360840e-01,5.225208997726440430e-01,5.174922347068786621e-01,5.127141475677490234e-01,5.081769227981567383e-01,5.038714408874511719e-01,4.997891783714294434e-01,4.959224760532379150e-01,4.922639131546020508e-01,4.888067245483398438e-01,4.855445921421051025e-01,4.824717640876770020e-01,4.795827567577362061e-01,4.768725335597991943e-01,4.743363857269287109e-01,4.719701111316680908e-01,4.697696864604949951e-01,4.677315354347229004e-01,4.658522605895996094e-01,4.641289114952087402e-01,4.625585377216339111e-01,4.611388146877288818e-01,4.598674178123474121e-01,4.587423503398895264e-01,4.577618539333343506e-01,4.569244980812072754e-01,4.562288820743560791e-01,4.556739330291748047e-01,4.552589356899261475e-01,4.549830853939056396e-01,4.548460841178894043e-01,4.548476338386535645e-01,4.549877643585205078e-01,4.552666842937469482e-01,4.556848108768463135e-01,4.562429189682006836e-01,4.569417238235473633e-01,4.577823281288146973e-01,4.587660133838653564e-01,4.598942995071411133e-01,4.611689746379852295e-01,4.625920355319976807e-01,4.641658663749694824e-01,4.658926725387573242e-01,4.677754640579223633e-01,4.698172807693481445e-01,4.720213711261749268e-01,4.743913710117340088e-01,4.769313037395477295e-01,4.796454906463623047e-01,4.825386106967926025e-01,4.856156706809997559e-01,4.888821244239807129e-01,4.923436641693115234e-01,4.960068762302398682e-01,4.998783171176910400e-01,5.039654970169067383e-01,5.082759857177734375e-01,5.128185749053955078e-01,5.176022648811340332e-01,5.226365923881530762e-01,5.279321074485778809e-01,5.335004925727844238e-01,5.393534302711486816e-01,5.455041527748107910e-01,5.519670248031616211e-01,5.587570071220397949e-01,5.658907890319824219e-01,5.733857154846191406e-01,5.812615752220153809e-01,5.895388126373291016e-01,5.982399582862854004e-01,6.073896884918212891e-01,6.170145273208618164e-01,6.271432042121887207e-01,6.378076076507568359e-01,6.493630409240722656e-01,6.616786718368530273e-01,6.746974587440490723e-01,6.883506774902343750e-01,7.027815580368041992e-01,7.180861234664916992e-01,7.341675162315368652e-01,7.512079477310180664e-01,7.693570852279663086e-01,7.883872389793395996e-01,8.088864684104919434e-01,8.304725885391235352e-01,8.536602258682250977e-01,8.783605694770812988e-01,9.046198129653930664e-01,9.330466985702514648e-01,9.633412361145019531e-01,9.958154559135437012e-01,1.031291007995605469e+00,1.069435834884643555e+00,1.110690116882324219e+00,1.155406832695007324e+00,1.159632802009582520e+00,1.151488542556762695e+00,1.143803834915161133e+00,1.136564850807189941e+00,1.129759192466735840e+00,1.123374462127685547e+00,1.117400050163269043e+00,1.111825704574584961e+00,1.106642127037048340e+00,1.101840853691101074e+00,1.097413539886474609e+00,1.093353748321533203e+00,1.089654326438903809e+00,1.086309790611267090e+00,1.083314776420593262e+00,1.080664277076721191e+00,1.078354358673095703e+00,1.076381802558898926e+00,1.074743032455444336e+00,1.073435664176940918e+00,1.072457790374755859e+00,1.071808218955993652e+00,1.071485161781311035e+00,esquerda
5.969702720642089844e+00,5.971542358398437500e+00,5.975202083587646484e+00,5.980690002441406250e+00,5.624247074127197266e+00,4.833076000213623047e+00,4.081366539001464844e+00,3.533471345901489258e+00,3.116495370864868164e+00,2.788695573806762695e+00,2.523446559906005859e+00,2.304555892944335938e+00,2.121664762496948242e+00,1.965535283088684082e+00,1.831309914588928223e+00,1.714784145355224609e+00,1.612723350524902344e+00,1.522962808609008789e+00,1.442965388298034668e+00,1.371024727821350098e+00,1.306275725364685059e+00,1.247749567031860352e+00,1.194240093231201172e+00,1.145357251167297363e+00,1.101067781448364258e+00,1.060204982757568359e+00,1.022419929504394531e+00,9.872766733169555664e-01,9.551048278808593750e-01,9.250909686088562012e-01,8.969260454177856445e-01,8.709076642990112305e-01,8.464326262474060059e-01,8.234559297561645508e-01,8.020666241645812988e-01,7.817535400390625000e-01,7.628954052925109863e-01,7.449098825454711914e-01,7.280221581459045410e-01,7.120845913887023926e-01,6.969162821769714355e-01,6.826132535934448242e-01,6.690807342529296875e-01,6.561766266822814941e-01,6.439689993858337402e-01,6.325300931930541992e-01,6.219621300697326660e-01,6.119249463081359863e-01,6.023869514465332031e-01,5.933196544647216797e-01,5.846967697143554688e-01,5.764940977096557617e-01,5.686892271041870117e-01,5.612615942955017090e-01,5.541920661926269531e-01,5.474630594253540039e-01,5.410582423210144043e-01,5.349627733230590820e-01,5.291625857353210449e-01,5.236444473266601562e-01,5.183966159820556641e-01,5.134075880050659180e-01,5.086672306060791016e-01,5.041658282279968262e-01,4.998943209648132324e-01,4.958443045616149902e-01,4.920081198215484619e-01,4.883784651756286621e-01,4.849486052989959717e-01,4.817121624946594238e-01,4.786635935306549072e-01,4.757974147796630859e-01,4.731085598468780518e-01,4.705924093723297119e-01,4.682448208332061768e-01,4.660618007183074951e-01,4.640396833419799805e-01,4.621752798557281494e-01,4.604654908180236816e-01,4.589075446128845215e-01,4.574990272521972656e-01,4.562376439571380615e-01,4.551214873790740967e-01,4.541487395763397217e-01,4.533179402351379395e-01,4.526278078556060791e-01,4.520772397518157959e-01,4.516655206680297852e-01,4.513918757438659668e-01,4.512559771537780762e-01,4.512575268745422363e-01,4.513964951038360596e-01,4.516732394695281982e-01,4.520881175994873047e-01,4.526418149471282959e-01,4.533350765705108643e-01,4.541690647602081299e-01,4.551449418067932129e-01,4.562643766403198242e-01,4.575289785861968994e-01,4.589408040046691895e-01,4.605022072792053223e-01,4.622154235839843750e-01,4.640833139419555664e-01,4.661089479923248291e-01,4.682956933975219727e-01,4.706469476222991943e-01,4.731668829917907715e-01,4.758596718311309814e-01,4.787299633026123047e-01,4.817826747894287109e-01,4.850233793258666992e-01,4.884576499462127686e-01,4.920918643474578857e-01,4.959327876567840576e-01,4.999877512454986572e-01,5.042641758918762207e-01,5.087709426879882812e-01,5.135167837142944336e-01,5.185114145278930664e-01,5.237652063369750977e-01,5.292895436286926270e-01,5.350962877273559570e-01,5.411984920501708984e-01,5.476103425025939941e-01,5.543467402458190918e-01,5.614241957664489746e-01,5.688599944114685059e-01,5.766736865043640137e-01,5.848855376243591309e-01,5.935181379318237305e-01,6.025955677032470703e-01,6.121444702148437500e-01,6.221932172775268555e-01,6.327734589576721191e-01,6.442331671714782715e-01,6.564551591873168945e-01,6.693747639656066895e-01,6.829236745834350586e-01,6.972443461418151855e-01,7.124316692352294922e-01,7.283896207809448242e-01,7.452994585037231445e-01,7.633089423179626465e-01,7.821925878524780273e-01,8.025341629981994629e-01,8.239538073539733887e-01,8.469648957252502441e-01,8.714777827262878418e-01,8.975377678871154785e-01,9.257489442825317383e-01,9.558136463165283203e-01,9.880416393280029297e-01,1.023248553276062012e+00,1.061104297637939453e+00,1.102046370506286621e+00,1.146425008773803711e+00,1.159631371498107910e+00,1.151487112045288086e+00,1.143802404403686523e+00,1.136563539505004883e+00,1.129757881164550781e+00,1.123373031616210938e+00,1.117398738861083984e+00,1.111824393272399902e+00,1.106640696525573730e+00,1.101839423179626465e+00,1.097412347793579102e+00,1.093352556228637695e+00,1.089653015136718750e+00,1.086308598518371582e+00,1.083313584327697754e+00,1.080663084983825684e+00,1.078353285789489746e+00,1.076380729675292969e+00,1.074741959571838379e+00,1.073434591293334961e+00,1.072456717491149902e+00,1.071807026863098145e+00,1.071484088897705078e+00,esquerda
5.969702243804931641e+00,5.971541881561279297e+00,5.975202083587646484e+00,5.980690479278564453e+00,5.602427482604980469e+00,4.795148849487304688e+00,4.049062252044677734e+00,3.505421400070190430e+00,3.091786384582519531e+00,2.766613006591796875e+00,2.503483057022094727e+00,2.286337137222290039e+00,2.104900836944580078e+00,1.950011014938354492e+00,1.816849827766418457e+00,1.701246619224548340e+00,1.599992990493774414e+00,1.510941743850708008e+00,1.431575655937194824e+00,1.360202312469482422e+00,1.295963287353515625e+00,1.237898111343383789e+00,1.184809565544128418e+00,1.136311054229736328e+00,1.092369437217712402e+00,1.051827549934387207e+00,1.014338970184326172e+00,9.794712066650390625e-01,9.475513696670532227e-01,9.177724123001098633e-01,8.898278474807739258e-01,8.640127182006835938e-01,8.397288918495178223e-01,8.169314861297607422e-01,7.957089543342590332e-01,7.755540609359741211e-01,7.568426132202148438e-01,7.389969229698181152e-01,7.222401499748229980e-01,7.064263224601745605e-01,6.913753747940063477e-01,6.771828532218933105e-01,6.637547612190246582e-01,6.509500145912170410e-01,6.388362050056457520e-01,6.274981498718261719e-01,6.170142889022827148e-01,6.070569157600402832e-01,5.975948572158813477e-01,5.885996818542480469e-01,5.800454020500183105e-01,5.719079375267028809e-01,5.641651749610900879e-01,5.567966103553771973e-01,5.497833490371704102e-01,5.431078076362609863e-01,5.367539525032043457e-01,5.307070016860961914e-01,5.249529480934143066e-01,5.194787383079528809e-01,5.142726302146911621e-01,5.093232989311218262e-01,5.046206116676330566e-01,5.001550912857055664e-01,4.959175884723663330e-01,4.918997585773468018e-01,4.880940616130828857e-01,4.844932854175567627e-01,4.810906648635864258e-01,4.778799712657928467e-01,4.748556911945343018e-01,4.720122516155242920e-01,4.693447947502136230e-01,4.668486714363098145e-01,4.645197689533233643e-01,4.623541235923767090e-01,4.603481590747833252e-01,4.584985673427581787e-01,4.568023681640625000e-01,4.552568495273590088e-01,4.538595080375671387e-01,4.526081681251525879e-01,4.515008330345153809e-01,4.505358636379241943e-01,4.497116804122924805e-01,4.490270614624023438e-01,4.484808444976806641e-01,4.480723738670349121e-01,4.478009641170501709e-01,4.476660788059234619e-01,4.476675987243652344e-01,4.478054940700531006e-01,4.480800628662109375e-01,4.484916031360626221e-01,4.490408599376678467e-01,4.497286379337310791e-01,4.505559802055358887e-01,4.515241384506225586e-01,4.526346623897552490e-01,4.538891911506652832e-01,4.552897512912750244e-01,4.568387866020202637e-01,4.585383534431457520e-01,4.603914320468902588e-01,4.624009132385253906e-01,4.645702540874481201e-01,4.669027924537658691e-01,4.694027006626129150e-01,4.720740616321563721e-01,4.749214649200439453e-01,4.779499769210815430e-01,4.811648428440093994e-01,4.845717847347259521e-01,4.881771802902221680e-01,4.919874966144561768e-01,4.960101842880249023e-01,5.002526044845581055e-01,5.047234892845153809e-01,5.094316005706787109e-01,5.143865346908569336e-01,5.195984244346618652e-01,5.250788927078247070e-01,5.308394432067871094e-01,5.368930101394653320e-01,5.432538986206054688e-01,5.499367713928222656e-01,5.569579005241394043e-01,5.643345117568969727e-01,5.720860958099365234e-01,5.802326202392578125e-01,5.887964367866516113e-01,5.978017449378967285e-01,6.072746515274047852e-01,6.172434091567993164e-01,6.277394890785217285e-01,6.391039490699768066e-01,6.512323021888732910e-01,6.640527248382568359e-01,6.774974465370178223e-01,6.917077302932739258e-01,7.067779302597045898e-01,7.226127386093139648e-01,7.393916845321655273e-01,7.572617530822753906e-01,7.759991288185119629e-01,7.961827516555786133e-01,8.174362182617187500e-01,8.402681350708007812e-01,8.645902276039123535e-01,8.904472589492797852e-01,9.184384942054748535e-01,9.482687711715698242e-01,9.802452921867370605e-01,1.015177130699157715e+00,1.052737236022949219e+00,1.093359231948852539e+00,1.137390851974487305e+00,1.159631729125976562e+00,1.151487588882446289e+00,1.143802642822265625e+00,1.136563897132873535e+00,1.129758119583129883e+00,1.123373389244079590e+00,1.117399096488952637e+00,1.111824750900268555e+00,1.106640934944152832e+00,1.101839780807495117e+00,1.097412586212158203e+00,1.093352913856506348e+00,1.089653372764587402e+00,1.086308956146240234e+00,1.083313822746276855e+00,1.080663323402404785e+00,1.078353524208068848e+00,1.076380968093872070e+00,1.074742197990417480e+00,1.073434829711914062e+00,1.072457075119018555e+00,1.071807384490966797e+00,1.071484446525573730e+00,esquerda
5.969702720642089844e+00,5.971542358398437500e+00,5.975202560424804688e+00,5.980690956115722656e+00,5.581683635711669922e+00,4.759290695190429688e+00,4.018818378448486328e+00,3.479161977767944336e+00,3.068484783172607422e+00,2.745654106140136719e+00,2.484436511993408203e+00,2.268880367279052734e+00,2.088779926300048828e+00,1.935036540031433105e+00,1.802864789962768555e+00,1.688123822212219238e+00,1.587627649307250977e+00,1.499244332313537598e+00,1.420475006103515625e+00,1.349639296531677246e+00,1.285885214805603027e+00,1.228258728981018066e+00,1.175572156906127930e+00,1.127441167831420898e+00,1.083832859992980957e+00,1.043598771095275879e+00,1.006394982337951660e+00,9.717923998832702637e-01,9.401153922080993652e-01,9.105630517005920410e-01,8.828311562538146973e-01,8.572126626968383789e-01,8.331137895584106445e-01,8.104900121688842773e-01,7.894290685653686523e-01,7.694275975227355957e-01,7.508585453033447266e-01,7.331486344337463379e-01,7.165192961692810059e-01,7.008253335952758789e-01,6.858886480331420898e-01,6.718037128448486328e-01,6.584772467613220215e-01,6.457694172859191895e-01,6.337469816207885742e-01,6.224650740623474121e-01,6.120652556419372559e-01,6.021876931190490723e-01,5.928015112876892090e-01,5.838785171508789062e-01,5.753929018974304199e-01,5.673207044601440430e-01,5.596400499343872070e-01,5.523305535316467285e-01,5.453735589981079102e-01,5.387515425682067871e-01,5.324487686157226562e-01,5.264502167701721191e-01,5.207423567771911621e-01,5.153120160102844238e-01,5.101476311683654785e-01,5.052380561828613281e-01,5.005731582641601562e-01,4.961433410644531250e-01,4.919398128986358643e-01,4.879542887210845947e-01,4.841791689395904541e-01,4.806071817874908447e-01,4.772318899631500244e-01,4.740470051765441895e-01,4.710469543933868408e-01,4.682263135910034180e-01,4.655802547931671143e-01,4.631041884422302246e-01,4.607939720153808594e-01,4.586455821990966797e-01,4.566556811332702637e-01,4.548210203647613525e-01,4.531384408473968506e-01,4.516052901744842529e-01,4.502191245555877686e-01,4.489778578281402588e-01,4.478794634342193604e-01,4.469222128391265869e-01,4.461045861244201660e-01,4.454254508018493652e-01,4.448836743831634521e-01,4.444785118103027344e-01,4.442091882228851318e-01,4.440753757953643799e-01,4.440769255161285400e-01,4.442137479782104492e-01,4.444860816001892090e-01,4.448943138122558594e-01,4.454392194747924805e-01,4.461214542388916016e-01,4.469421505928039551e-01,4.479025304317474365e-01,4.490041434764862061e-01,4.502486586570739746e-01,4.516380131244659424e-01,4.531745314598083496e-01,4.548605084419250488e-01,4.566986858844757080e-01,4.586921036243438721e-01,4.608439505100250244e-01,4.631578624248504639e-01,4.656377136707305908e-01,4.682876467704772949e-01,4.711122214794158936e-01,4.741163849830627441e-01,4.773055613040924072e-01,4.806851744651794434e-01,4.842615425586700439e-01,4.880413115024566650e-01,4.920317828655242920e-01,4.962402284145355225e-01,5.006752014160156250e-01,5.053455233573913574e-01,5.102607607841491699e-01,5.154308676719665527e-01,5.208672881126403809e-01,5.265816450119018555e-01,5.325868129730224609e-01,5.388965606689453125e-01,5.455258488655090332e-01,5.524906516075134277e-01,5.598081350326538086e-01,5.674975514411926270e-01,5.755786895751953125e-01,5.840738415718078613e-01,5.930069088935852051e-01,6.024038195610046387e-01,6.122927069664001465e-01,6.227045655250549316e-01,6.339739561080932617e-01,6.460086703300476074e-01,6.587298512458801270e-01,6.720704436302185059e-01,6.861703991889953613e-01,7.011234760284423828e-01,7.168349623680114746e-01,7.334830760955810547e-01,7.512137293815612793e-01,7.698047161102294922e-01,7.898305058479309082e-01,8.109175562858581543e-01,8.335705399513244629e-01,8.577020764350891113e-01,8.833562135696411133e-01,9.111278653144836426e-01,9.407237768173217773e-01,9.724488854408264160e-01,1.007106184959411621e+00,1.044370651245117188e+00,1.084673047065734863e+00,1.128357768058776855e+00,1.159630537033081055e+00,1.151486515998840332e+00,1.143801689147949219e+00,1.136562705039978027e+00,1.129757046699523926e+00,1.123372435569763184e+00,1.117397904396057129e+00,1.111823678016662598e+00,1.106639981269836426e+00,1.101838707923889160e+00,1.097411513328552246e+00,1.093351721763610840e+00,1.089652299880981445e+00,1.086307764053344727e+00,1.083312630653381348e+00,1.080662250518798828e+00,1.078352332115173340e+00,1.076379776000976562e+00,1.074741005897521973e+00,1.073433637619018555e+00,1.072455763816833496e+00,1.071806192398071289e+00,1.071483135223388672e+00,esquerda
5.969705104827880859e+00,5.971544742584228516e+00,5.975203990936279297e+00,5.980692386627197266e+00,5.559267044067382812e+00,4.720588684082031250e+00,3.986246347427368164e+00,3.451031923294067383e+00,3.043721199035644531e+00,2.723527669906616211e+00,2.464437484741210938e+00,2.250631570816040039e+00,2.071990251541137695e+00,1.919489979743957520e+00,1.788385272026062012e+00,1.674569368362426758e+00,1.574882149696350098e+00,1.487209558486938477e+00,1.409072875976562500e+00,1.338805556297302246e+00,1.275562763214111328e+00,1.218397974967956543e+00,1.166132926940917969e+00,1.118386864662170410e+00,1.075127243995666504e+00,1.035214304924011230e+00,9.983075261116027832e-01,9.639807939529418945e-01,9.325562715530395508e-01,9.032392501831054688e-01,8.757280111312866211e-01,8.503132462501525879e-01,8.264056444168090820e-01,8.039613366127014160e-01,7.830672860145568848e-01,7.632243037223815918e-01,7.448021173477172852e-01,7.272320985794067383e-01,7.107339501380920410e-01,6.951638460159301758e-01,6.803446412086486816e-01,6.663704514503479004e-01,6.531484723091125488e-01,6.405401229858398438e-01,6.286116838455200195e-01,6.174323558807373047e-01,6.071167588233947754e-01,5.973190069198608398e-01,5.880087018013000488e-01,5.791578888893127441e-01,5.707408189773559570e-01,5.627338886260986328e-01,5.551153421401977539e-01,5.478649735450744629e-01,5.409641861915588379e-01,5.343957543373107910e-01,5.281438231468200684e-01,5.221939086914062500e-01,5.165321230888366699e-01,5.111457109451293945e-01,5.060231089591979980e-01,5.011532306671142578e-01,4.965260028839111328e-01,4.921319782733917236e-01,4.879625141620635986e-01,4.840092062950134277e-01,4.802645742893218994e-01,4.767214953899383545e-01,4.733734726905822754e-01,4.702143669128417969e-01,4.672385156154632568e-01,4.644407033920288086e-01,4.618160724639892578e-01,4.593600034713745117e-01,4.570684432983398438e-01,4.549374878406524658e-01,4.529636800289154053e-01,4.511437714099884033e-01,4.494747817516326904e-01,4.479540288448333740e-01,4.465791285037994385e-01,4.453478753566741943e-01,4.442583322525024414e-01,4.433088004589080811e-01,4.424978792667388916e-01,4.418242275714874268e-01,4.412867724895477295e-01,4.408848583698272705e-01,4.406177401542663574e-01,4.404850900173187256e-01,4.404865801334381104e-01,4.406222701072692871e-01,4.408924281597137451e-01,4.412973821163177490e-01,4.418378472328186035e-01,4.425145983695983887e-01,4.433286488056182861e-01,4.442813098430633545e-01,4.453740119934082031e-01,4.466083943843841553e-01,4.479865431785583496e-01,4.495106935501098633e-01,4.511829912662506104e-01,4.530062973499298096e-01,4.549836218357086182e-01,4.571180939674377441e-01,4.594133198261260986e-01,4.618730247020721436e-01,4.645015597343444824e-01,4.673033356666564941e-01,4.702832400798797607e-01,4.734465479850769043e-01,4.767988622188568115e-01,4.803463518619537354e-01,4.840955436229705811e-01,4.880537390708923340e-01,4.922281205654144287e-01,4.966273307800292969e-01,5.012598633766174316e-01,5.061352849006652832e-01,5.112636685371398926e-01,5.166562199592590332e-01,5.223243236541748047e-01,5.282809138298034668e-01,5.345396995544433594e-01,5.411153435707092285e-01,5.480238795280456543e-01,5.552821755409240723e-01,5.629093647003173828e-01,5.709252357482910156e-01,5.793516635894775391e-01,5.882125496864318848e-01,5.975334644317626953e-01,6.073423624038696289e-01,6.176700592041015625e-01,6.288437843322753906e-01,6.407849192619323730e-01,6.534069776535034180e-01,6.666432619094848633e-01,6.806329488754272461e-01,6.954688429832458496e-01,7.110570073127746582e-01,7.275742888450622559e-01,7.451655864715576172e-01,7.636101245880126953e-01,7.834782004356384277e-01,8.043988347053527832e-01,8.268728852272033691e-01,8.508136272430419922e-01,8.762649893760681152e-01,9.038168191909790039e-01,9.331783652305603027e-01,9.646523594856262207e-01,9.990348219871520996e-01,1.036003828048706055e+00,1.075986385345458984e+00,1.119324326515197754e+00,1.158159375190734863e+00,1.151484966278076172e+00,1.143800139427185059e+00,1.136561393737792969e+00,1.129755616188049316e+00,1.123370885848999023e+00,1.117396712303161621e+00,1.111822247505187988e+00,1.106638669967651367e+00,1.101837396621704102e+00,1.097410202026367188e+00,1.093350529670715332e+00,1.089650988578796387e+00,1.086306333541870117e+00,1.083311319351196289e+00,1.080660820007324219e+00,1.078351140022277832e+00,1.076378583908081055e+00,1.074739694595336914e+00,1.073432445526123047e+00,1.072454571723937988e+00,1.071805000305175781e+00,1.071481943130493164e+00,esquerda
5.969704151153564453e+00,5.971544265747070312e+00,5.975203990936279297e+00,5.980692863464355469e+00,5.536898612976074219e+00,4.681977748870849609e+00,3.953762292861938477e+00,3.422977924346923828e+00,3.019019842147827148e+00,2.701452016830444336e+00,2.444479942321777344e+00,2.232417821884155273e+00,2.055230617523193359e+00,1.903969883918762207e+00,1.773929119110107422e+00,1.661035537719726562e+00,1.562155127525329590e+00,1.475191473960876465e+00,1.397685885429382324e+00,1.327985763549804688e+00,1.265252947807312012e+00,1.208548903465270996e+00,1.156704783439636230e+00,1.109342813491821289e+00,1.066431045532226562e+00,1.026838779449462891e+00,9.902282953262329102e-01,9.561770558357238770e-01,9.250044822692871094e-01,8.959223031997680664e-01,8.686313033103942871e-01,8.434197306632995605e-01,8.197032809257507324e-01,7.974383234977722168e-01,7.767110466957092285e-01,7.570261955261230469e-01,7.387506365776062012e-01,7.213203310966491699e-01,7.049533128738403320e-01,6.895066499710083008e-01,6.748049855232238770e-01,6.609410643577575684e-01,6.478235721588134766e-01,6.353146433830261230e-01,6.234799027442932129e-01,6.124007105827331543e-01,6.021690964698791504e-01,5.924512743949890137e-01,5.832167863845825195e-01,5.744380950927734375e-01,5.660896301269531250e-01,5.581479668617248535e-01,5.505914688110351562e-01,5.434002280235290527e-01,5.365557074546813965e-01,5.300408005714416504e-01,5.238397717475891113e-01,5.179383754730224609e-01,5.123227238655090332e-01,5.069801807403564453e-01,5.018993616104125977e-01,4.970691502094268799e-01,4.924796223640441895e-01,4.881215095520019531e-01,4.839859604835510254e-01,4.800648093223571777e-01,4.763507544994354248e-01,4.728365540504455566e-01,4.695158004760742188e-01,4.663824141025543213e-01,4.634308218955993652e-01,4.606558382511138916e-01,4.580525755882263184e-01,4.556165039539337158e-01,4.533436298370361328e-01,4.512300491333007812e-01,4.492723345756530762e-01,4.474672377109527588e-01,4.458118677139282227e-01,4.443035125732421875e-01,4.429398179054260254e-01,4.417186081409454346e-01,4.406379163265228271e-01,4.396961629390716553e-01,4.388918280601501465e-01,4.382236301898956299e-01,4.376905858516693115e-01,4.372919499874114990e-01,4.370270371437072754e-01,4.368954002857208252e-01,4.368968904018402100e-01,4.370315074920654297e-01,4.372994601726531982e-01,4.377010762691497803e-01,4.382371604442596436e-01,4.389083683490753174e-01,4.397157728672027588e-01,4.406606554985046387e-01,4.417444467544555664e-01,4.429688155651092529e-01,4.443357288837432861e-01,4.458473920822143555e-01,4.475061297416687012e-01,4.493145644664764404e-01,4.512757956981658936e-01,4.533928930759429932e-01,4.556693434715270996e-01,4.581090509891510010e-01,4.607161283493041992e-01,4.634950757026672363e-01,4.664507210254669189e-01,4.695882201194763184e-01,4.729132354259490967e-01,4.764318466186523438e-01,4.801504611968994141e-01,4.840764105319976807e-01,4.882167875766754150e-01,4.925801157951354980e-01,4.971749484539031982e-01,5.020105838775634766e-01,5.070971846580505371e-01,5.124457478523254395e-01,5.180677175521850586e-01,5.239757299423217773e-01,5.301834940910339355e-01,5.367055535316467285e-01,5.435577630996704102e-01,5.507569313049316406e-01,5.583220124244689941e-01,5.662725567817687988e-01,5.746302604675292969e-01,5.834189057350158691e-01,5.926638841629028320e-01,6.023929119110107422e-01,6.126364469528198242e-01,6.237589120864868164e-01,6.356087327003479004e-01,6.481342315673828125e-01,6.612690687179565430e-01,6.751513481140136719e-01,6.898733377456665039e-01,7.053416967391967773e-01,7.217319011688232422e-01,7.391877174377441406e-01,7.574903368949890137e-01,7.772052288055419922e-01,7.979648113250732422e-01,8.202652335166931152e-01,8.440189361572265625e-01,8.692708611488342285e-01,8.966066241264343262e-01,9.257378578186035156e-01,9.569647908210754395e-01,9.910772442817687988e-01,1.027755975723266602e+00,1.067424297332763672e+00,1.110421538352966309e+00,1.150644183158874512e+00,1.151485204696655273e+00,1.143800497055053711e+00,1.136561632156372070e+00,1.129755854606628418e+00,1.123371243476867676e+00,1.117396950721740723e+00,1.111822485923767090e+00,1.106638908386230469e+00,1.101837635040283203e+00,1.097410559654235840e+00,1.093350768089294434e+00,1.089651226997375488e+00,1.086306810379028320e+00,1.083311676979064941e+00,1.080661177635192871e+00,1.078351378440856934e+00,1.076378822326660156e+00,1.074740052223205566e+00,1.073432683944702148e+00,1.072454929351806641e+00,1.071805238723754883e+00,1.071482181549072266e+00,esquerda
5.969705104827880859e+00,5.971544742584228516e+00,5.975204467773437500e+00,5.980693340301513672e+00,5.516654491424560547e+00,4.646734237670898438e+00,3.923659086227416992e+00,3.396698713302612305e+00,2.995693445205688477e+00,2.680472612380981445e+00,2.425416469573974609e+00,2.214946985244750977e+00,2.039098024368286133e+00,1.888984799385070801e+00,1.759934782981872559e+00,1.647904515266418457e+00,1.549782633781433105e+00,1.463487505912780762e+00,1.386579513549804688e+00,1.317417621612548828e+00,1.255170106887817383e+00,1.198905229568481445e+00,1.147463202476501465e+00,1.100469231605529785e+00,1.057890892028808594e+00,1.018606781959533691e+00,9.822813272476196289e-01,9.484954476356506348e-01,9.175658226013183594e-01,8.887104392051696777e-01,8.616323471069335938e-01,8.366175889968872070e-01,8.130861520767211914e-01,7.909948229789733887e-01,7.704291939735412598e-01,7.508978843688964844e-01,7.327648401260375977e-01,7.154704332351684570e-01,6.992307305335998535e-01,6.839042305946350098e-01,6.693168282508850098e-01,6.555606722831726074e-01,6.425448656082153320e-01,6.301326155662536621e-01,6.183894276618957520e-01,6.073682308197021484e-01,5.972207188606262207e-01,5.875827670097351074e-01,5.784241557121276855e-01,5.697177052497863770e-01,5.614377260208129883e-01,5.535614490509033203e-01,5.460669994354248047e-01,5.389347672462463379e-01,5.321465730667114258e-01,5.256851315498352051e-01,5.195351839065551758e-01,5.136821866035461426e-01,5.081126689910888672e-01,5.028140544891357422e-01,4.977749884128570557e-01,4.929844439029693604e-01,4.884326756000518799e-01,4.841102957725524902e-01,4.800087809562683105e-01,4.761198759078979492e-01,4.724362790584564209e-01,4.689509272575378418e-01,4.656575322151184082e-01,4.625498652458190918e-01,4.596225619316101074e-01,4.568703770637512207e-01,4.542885422706604004e-01,4.518724679946899414e-01,4.496182799339294434e-01,4.475220739841461182e-01,4.455804228782653809e-01,4.437901675701141357e-01,4.421484172344207764e-01,4.406524598598480225e-01,4.392999410629272461e-01,4.380887448787689209e-01,4.370169639587402344e-01,4.360829591751098633e-01,4.352852404117584229e-01,4.346225261688232422e-01,4.340938925743103027e-01,4.336985349655151367e-01,4.334357678890228271e-01,4.333052337169647217e-01,4.333067238330841064e-01,4.334402382373809814e-01,4.337059557437896729e-01,4.341042935848236084e-01,4.346359372138977051e-01,4.353016316890716553e-01,4.361024200916290283e-01,4.370395541191101074e-01,4.381144344806671143e-01,4.393287301063537598e-01,4.406843781471252441e-01,4.421837031841278076e-01,4.438287615776062012e-01,4.456223249435424805e-01,4.475674033164978027e-01,4.496671259403228760e-01,4.519248902797698975e-01,4.543445408344268799e-01,4.569302201271057129e-01,4.596863389015197754e-01,4.626176655292510986e-01,4.657294154167175293e-01,4.690271019935607910e-01,4.725167453289031982e-01,4.762048721313476562e-01,4.800985753536224365e-01,4.842049181461334229e-01,4.885323643684387207e-01,4.930894374847412109e-01,4.978854060173034668e-01,5.029301047325134277e-01,5.082347393035888672e-01,5.138105154037475586e-01,5.196699500083923340e-01,5.258267521858215332e-01,5.322952270507812500e-01,5.390911102294921875e-01,5.462311506271362305e-01,5.537340044975280762e-01,5.616192221641540527e-01,5.699083209037780762e-01,5.786247253417968750e-01,5.877937674522399902e-01,5.974428057670593262e-01,6.076021194458007812e-01,6.186288595199584961e-01,6.303851008415222168e-01,6.428113579750061035e-01,6.558420658111572266e-01,6.696140766143798828e-01,6.842187643051147461e-01,6.995639204978942871e-01,7.158234715461730957e-01,7.331397533416748047e-01,7.512958049774169922e-01,7.708529829978942871e-01,7.914462685585021973e-01,8.135679364204406738e-01,8.371313810348510742e-01,8.621805310249328613e-01,8.892965316772460938e-01,9.181935787200927734e-01,9.491691589355468750e-01,9.830070734024047852e-01,1.019390344619750977e+00,1.058739066123962402e+00,1.101389646530151367e+00,1.143018722534179688e+00,1.151484251022338867e+00,1.143799424171447754e+00,1.136560559272766113e+00,1.129754900932312012e+00,1.123370170593261719e+00,1.117395758628845215e+00,1.111821413040161133e+00,1.106637835502624512e+00,1.101836562156677246e+00,1.097409367561340332e+00,1.093349695205688477e+00,1.089650154113769531e+00,1.086305499076843262e+00,1.083310604095458984e+00,1.080659985542297363e+00,1.078350305557250977e+00,1.076377749443054199e+00,1.074738860130310059e+00,1.073431611061096191e+00,1.072453737258911133e+00,1.071804046630859375e+00,1.071481108665466309e+00,esquerda
5.969707012176513672e+00,5.971546649932861328e+00,5.975206375122070312e+00,5.980694293975830078e+00,5.494309902191162109e+00,4.608152866363525391e+00,3.891183614730834961e+00,3.368645668029785156e+00,2.970991849899291992e+00,2.658396244049072266e+00,2.405458211898803711e+00,2.196732282638549805e+00,2.022337436676025391e+00,1.873463511466979980e+00,1.745477437973022461e+00,1.634369134902954102e+00,1.537054300308227539e+00,1.451468110084533691e+00,1.375191092491149902e+00,1.306596398353576660e+00,1.244858980178833008e+00,1.189054727554321289e+00,1.138033628463745117e+00,1.091423749923706055e+00,1.049193382263183594e+00,1.010229945182800293e+00,9.742008447647094727e-01,9.406905174255371094e-01,9.100128412246704102e-01,8.813924193382263184e-01,8.545345664024353027e-01,8.297230601310729980e-01,8.063827753067016602e-01,7.844706773757934570e-01,7.640717625617980957e-01,7.446987032890319824e-01,7.267123460769653320e-01,7.095576524734497070e-01,6.934490203857421875e-01,6.782460808753967285e-01,6.637759804725646973e-01,6.501303911209106445e-01,6.372190117835998535e-01,6.249061822891235352e-01,6.132568120956420898e-01,6.023356914520263672e-01,5.922722816467285156e-01,5.827141404151916504e-01,5.736314654350280762e-01,5.649970769882202148e-01,5.567857623100280762e-01,5.489746332168579102e-01,5.415423512458801270e-01,5.344692468643188477e-01,5.277372598648071289e-01,5.213294625282287598e-01,5.152302980422973633e-01,5.094258785247802734e-01,5.039025545120239258e-01,4.986477494239807129e-01,4.936504960060119629e-01,4.888996779918670654e-01,4.843855798244476318e-01,4.800990223884582520e-01,4.760314822196960449e-01,4.721748232841491699e-01,4.685217738151550293e-01,4.650653004646301270e-01,4.617991447448730469e-01,4.587172865867614746e-01,4.558141827583312988e-01,4.530847966670989990e-01,4.505243301391601562e-01,4.481283128261566162e-01,4.458927512168884277e-01,4.438139200210571289e-01,4.418883919715881348e-01,4.401130080223083496e-01,4.384848177433013916e-01,4.370012283325195312e-01,4.356599748134613037e-01,4.344588220119476318e-01,4.333959221839904785e-01,4.324696063995361328e-01,4.316785037517547607e-01,4.310213029384613037e-01,4.304970204830169678e-01,4.301049411296844482e-01,4.298443496227264404e-01,4.297148883342742920e-01,4.297163784503936768e-01,4.298487603664398193e-01,4.301123023033142090e-01,4.305073022842407227e-01,4.310346245765686035e-01,4.316947758197784424e-01,4.324889183044433594e-01,4.334182739257812500e-01,4.344842731952667236e-01,4.356885254383087158e-01,4.370329678058624268e-01,4.385197758674621582e-01,4.401512444019317627e-01,4.419299960136413574e-01,4.438589215278625488e-01,4.459412395954132080e-01,4.481802880764007568e-01,4.505798816680908203e-01,4.531441330909729004e-01,4.558773934841156006e-01,4.587844610214233398e-01,4.618704617023468018e-01,4.651407599449157715e-01,4.686015248298645020e-01,4.722590744495391846e-01,4.761205017566680908e-01,4.801927804946899414e-01,4.844844341278076172e-01,4.890037477016448975e-01,4.937599301338195801e-01,4.987628757953643799e-01,5.040235519409179688e-01,5.095530748367309570e-01,5.153640508651733398e-01,5.214697718620300293e-01,5.278846621513366699e-01,5.346242785453796387e-01,5.417051315307617188e-01,5.491458177566528320e-01,5.569656491279602051e-01,5.651860833168029785e-01,5.738303065299987793e-01,5.829233527183532715e-01,5.924924612045288086e-01,6.025676131248474121e-01,6.134995222091674805e-01,6.251620650291442871e-01,6.374891996383666992e-01,6.504156589508056641e-01,6.640774011611938477e-01,6.785648465156555176e-01,6.937866806983947754e-01,7.099154591560363770e-01,7.270923256874084473e-01,7.451021075248718262e-01,7.645013928413391113e-01,7.849282622337341309e-01,8.068712949752807617e-01,8.302444219589233398e-01,8.550906181335449219e-01,8.819869756698608398e-01,9.106498360633850098e-01,9.413741827011108398e-01,9.749374985694885254e-01,1.011025071144104004e+00,1.050054073333740234e+00,1.092357993125915527e+00,1.135393500328063965e+00,1.151483416557312012e+00,1.143798708915710449e+00,1.136559844017028809e+00,1.129754066467285156e+00,1.123369455337524414e+00,1.117395043373107910e+00,1.111820697784423828e+00,1.106637001037597656e+00,1.101835846900939941e+00,1.097408652305603027e+00,1.093348860740661621e+00,1.089649438858032227e+00,1.086304783821105957e+00,1.083309888839721680e+00,1.080659389495849609e+00,1.078349590301513672e+00,1.076377034187316895e+00,1.074738144874572754e+00,1.073430895805358887e+00,1.072453022003173828e+00,1.071803331375122070e+00,1.071480393409729004e+00,esquerda
5.969707489013671875e+00,5.971547126770019531e+00,5.975206851959228516e+00,5.980695247650146484e+00,5.471969604492187500e+00,4.569579124450683594e+00,3.858715772628784180e+00,3.340600013732910156e+00,2.946295738220214844e+00,2.636323928833007812e+00,2.385502576828002930e+00,2.178519964218139648e+00,2.005578756332397461e+00,1.857943654060363770e+00,1.731020927429199219e+00,1.620834946632385254e+00,1.524326682090759277e+00,1.439449310302734375e+00,1.363803386688232422e+00,1.295775651931762695e+00,1.234547972679138184e+00,1.179204463958740234e+00,1.128604054450988770e+00,1.082378506660461426e+00,1.040495872497558594e+00,1.001853227615356445e+00,9.661204218864440918e-01,9.328854084014892578e-01,9.024598002433776855e-01,8.740741610527038574e-01,8.474365472793579102e-01,8.228283524513244629e-01,7.996792197227478027e-01,7.779464721679687500e-01,7.577141523361206055e-01,7.384992241859436035e-01,7.206594944000244141e-01,7.036445736885070801e-01,6.876670718193054199e-01,6.725875735282897949e-01,6.582350134849548340e-01,6.446999311447143555e-01,6.318928599357604980e-01,6.196793913841247559e-01,6.081238389015197754e-01,5.973030328750610352e-01,5.873237252235412598e-01,5.778453946113586426e-01,5.688386559486389160e-01,5.602763891220092773e-01,5.521336793899536133e-01,5.443878769874572754e-01,5.370176434516906738e-01,5.300036072731018066e-01,5.233278870582580566e-01,5.169736146926879883e-01,5.109255313873291016e-01,5.051695704460144043e-01,4.996923804283142090e-01,4.944815337657928467e-01,4.895260035991668701e-01,4.848148226737976074e-01,4.803384542465209961e-01,4.760877192020416260e-01,4.720541536808013916e-01,4.682296812534332275e-01,4.646071493625640869e-01,4.611796140670776367e-01,4.579407274723052979e-01,4.548845887184143066e-01,4.520057737827301025e-01,4.492991566658020020e-01,4.467601478099822998e-01,4.443841278553009033e-01,4.421673119068145752e-01,4.401057958602905273e-01,4.381963610649108887e-01,4.364357888698577881e-01,4.348212182521820068e-01,4.333500564098358154e-01,4.320199489593505859e-01,4.308288395404815674e-01,4.297748208045959473e-01,4.288562834262847900e-01,4.280717372894287109e-01,4.274200499057769775e-01,4.269001483917236328e-01,4.265113472938537598e-01,4.262529313564300537e-01,4.261245429515838623e-01,4.261260032653808594e-01,4.262573122978210449e-01,4.265186786651611328e-01,4.269104003906250000e-01,4.274332523345947266e-01,4.280879199504852295e-01,4.288754463195800781e-01,4.297970533370971680e-01,4.308541119098663330e-01,4.320482909679412842e-01,4.333814978599548340e-01,4.348559379577636719e-01,4.364737272262573242e-01,4.382376074790954590e-01,4.401504695415496826e-01,4.422153532505035400e-01,4.444356858730316162e-01,4.468152523040771484e-01,4.493581056594848633e-01,4.520685076713562012e-01,4.549512863159179688e-01,4.580114781856536865e-01,4.612544178962707520e-01,4.646863341331481934e-01,4.683133661746978760e-01,4.721424579620361328e-01,4.761807620525360107e-01,4.804365634918212891e-01,4.849180877208709717e-01,4.896345436573028564e-01,4.945957064628601074e-01,4.998123645782470703e-01,5.052958130836486816e-01,5.110580921173095703e-01,5.171129107475280762e-01,5.234741568565368652e-01,5.301574468612670898e-01,5.371791720390319824e-01,5.445576906204223633e-01,5.523122549057006836e-01,5.604639053344726562e-01,5.690360069274902344e-01,5.780529975891113281e-01,5.875421166419982910e-01,5.975331068038940430e-01,6.083698272705078125e-01,6.199387311935424805e-01,6.321666240692138672e-01,6.449890136718750000e-01,6.585404276847839355e-01,6.729107499122619629e-01,6.880093216896057129e-01,7.040072083473205566e-01,7.210446596145629883e-01,7.389081716537475586e-01,7.581495642662048340e-01,7.784101963043212891e-01,8.001741766929626465e-01,8.233578801155090332e-01,8.480045795440673828e-01,8.746849894523620605e-01,9.031175971031188965e-01,9.335954189300537109e-01,9.668893814086914062e-01,1.002687811851501465e+00,1.041404008865356445e+00,1.083369255065917969e+00,1.127809524536132812e+00,1.151481986045837402e+00,1.143797159194946289e+00,1.136558413505554199e+00,1.129752755165100098e+00,1.123368024826049805e+00,1.117393732070922852e+00,1.111819386482238770e+00,1.106635808944702148e+00,1.101834535598754883e+00,1.097407341003417969e+00,1.093347668647766113e+00,1.089648246765136719e+00,1.086303591728210449e+00,1.083308577537536621e+00,1.080658078193664551e+00,1.078348398208618164e+00,1.076375842094421387e+00,1.074736952781677246e+00,1.073429703712463379e+00,1.072451949119567871e+00,1.071802258491516113e+00,1.071479201316833496e+00,esquerda
5.969707012176513672e+00,5.971546649932861328e+00,5.975206851959228516e+00,5.980695247650146484e+00,5.449580192565917969e+00,4.530919551849365234e+00,3.826175451278686523e+00,3.312495470046997070e+00,2.921554088592529297e+00,2.614215612411499023e+00,2.365518808364868164e+00,2.160283803939819336e+00,1.988799929618835449e+00,1.842406988143920898e+00,1.716549873352050781e+00,1.607288002967834473e+00,1.511587977409362793e+00,1.427420616149902344e+00,1.352407097816467285e+00,1.284947276115417480e+00,1.224230408668518066e+00,1.169348120689392090e+00,1.119169235229492188e+00,1.073328256607055664e+00,1.031793951988220215e+00,9.934722781181335449e-01,9.580361843109130859e-01,9.250769615173339844e-01,8.949035406112670898e-01,8.667530417442321777e-01,8.403359055519104004e-01,8.159313201904296875e-01,7.929734587669372559e-01,7.714200019836425781e-01,7.513546347618103027e-01,7.322980165481567383e-01,7.146051526069641113e-01,6.977301239967346191e-01,6.818836927413940430e-01,6.669278740882873535e-01,6.526927351951599121e-01,6.392682194709777832e-01,6.265656948089599609e-01,6.144517660140991211e-01,6.029900312423706055e-01,5.922712087631225586e-01,5.823759436607360840e-01,5.729774832725524902e-01,5.640465617179870605e-01,5.555564761161804199e-01,5.474823713302612305e-01,5.398018360137939453e-01,5.324936509132385254e-01,5.255388021469116211e-01,5.189192295074462891e-01,5.126184821128845215e-01,5.066213011741638184e-01,5.009139180183410645e-01,4.954828321933746338e-01,4.903158545494079590e-01,4.854020774364471436e-01,4.807306230068206787e-01,4.762919843196868896e-01,4.720770716667175293e-01,4.680774807929992676e-01,4.642852246761322021e-01,4.606931805610656738e-01,4.572944939136505127e-01,4.540829658508300781e-01,4.510525465011596680e-01,4.481980204582214355e-01,4.455142617225646973e-01,4.429965317249298096e-01,4.406405687332153320e-01,4.384423494338989258e-01,4.363982677459716797e-01,4.345048666000366211e-01,4.327591657638549805e-01,4.311582148075103760e-01,4.296993911266326904e-01,4.283805191516876221e-01,4.271994531154632568e-01,4.261543452739715576e-01,4.252435266971588135e-01,4.244655966758728027e-01,4.238193631172180176e-01,4.233038723468780518e-01,4.229183197021484375e-01,4.226621091365814209e-01,4.225348234176635742e-01,4.225362539291381836e-01,4.226664602756500244e-01,4.229255914688110352e-01,4.233140051364898682e-01,4.238324761390686035e-01,4.244816303253173828e-01,4.252624809741973877e-01,4.261762797832489014e-01,4.272244870662689209e-01,4.284086227416992188e-01,4.297305941581726074e-01,4.311925768852233887e-01,4.327968060970306396e-01,4.345457851886749268e-01,4.364424943923950195e-01,4.384900033473968506e-01,4.406916797161102295e-01,4.430511593818664551e-01,4.455726146697998047e-01,4.482602179050445557e-01,4.511186480522155762e-01,4.541530907154083252e-01,4.573687613010406494e-01,4.607716500759124756e-01,4.643681347370147705e-01,4.681650400161743164e-01,4.721693098545074463e-01,4.763892590999603271e-01,4.808329939842224121e-01,4.855097532272338867e-01,4.904291331768035889e-01,4.956018328666687012e-01,5.010390281677246094e-01,5.067528486251831055e-01,5.127565860748291016e-01,5.190643072128295898e-01,5.256912708282470703e-01,5.326538681983947754e-01,5.399701595306396484e-01,5.476594567298889160e-01,5.557424426078796387e-01,5.642422437667846680e-01,5.731833577156066895e-01,5.825925469398498535e-01,5.924993753433227539e-01,6.032408475875854492e-01,6.147161126136779785e-01,6.268448829650878906e-01,6.395630240440368652e-01,6.530041694641113281e-01,6.672573685646057129e-01,6.822327375411987305e-01,6.980999112129211426e-01,7.149978876113891602e-01,7.327150702476501465e-01,7.517986297607421875e-01,7.718929052352905273e-01,7.934783101081848145e-01,8.164712190628051758e-01,8.409150838851928711e-01,8.673757314682006836e-01,8.955742120742797852e-01,9.258007407188415527e-01,9.588200449943542480e-01,9.943230748176574707e-01,1.032719612121582031e+00,1.074338197708129883e+00,1.120185017585754395e+00,1.151482224464416504e+00,1.143797636032104492e+00,1.136558771133422852e+00,1.129753112792968750e+00,1.123368263244628906e+00,1.117394089698791504e+00,1.111819624900817871e+00,1.106636047363281250e+00,1.101834774017333984e+00,1.097407698631286621e+00,1.093347907066345215e+00,1.089648485183715820e+00,1.086303949356079102e+00,1.083308935165405273e+00,1.080658435821533203e+00,1.078348636627197266e+00,1.076376080513000488e+00,1.074737310409545898e+00,1.073430061340332031e+00,1.072452187538146973e+00,1.071802496910095215e+00,1.071479558944702148e+00,esquerda
5.969709396362304688e+00,5.971548557281494141e+00,5.975208282470703125e+00,5.980696678161621094e+00,5.429274082183837891e+00,4.495584964752197266e+00,3.796015977859497070e+00,3.286176443099975586e+00,2.898197650909423828e+00,2.593213081359863281e+00,2.346436977386474609e+00,2.142797946929931641e+00,1.972655057907104492e+00,1.827411651611328125e+00,1.702547550201416016e+00,1.594149827957153320e+00,1.499209403991699219e+00,1.415711760520935059e+00,1.341296195983886719e+00,1.274375200271606445e+00,1.214144229888916016e+00,1.159701704978942871e+00,1.109925389289855957e+00,1.064452409744262695e+00,1.023252129554748535e+00,9.852387309074401855e-01,9.500879645347595215e-01,9.173942208290100098e-01,8.874639272689819336e-01,8.595404624938964844e-01,8.333364725112915039e-01,8.091285824775695801e-01,7.863558530807495117e-01,7.649762034416198730e-01,7.450726628303527832e-01,7.261695861816406250e-01,7.086192369461059570e-01,6.918799281120300293e-01,6.761611700057983398e-01,6.613256335258483887e-01,6.472046971321105957e-01,6.338880062103271484e-01,6.212871670722961426e-01,6.092700958251953125e-01,5.978999733924865723e-01,5.872393846511840820e-01,5.774281620979309082e-01,5.681095719337463379e-01,5.592545866966247559e-01,5.508365631103515625e-01,5.428311228752136230e-01,5.352157950401306152e-01,5.279696583747863770e-01,5.210739374160766602e-01,5.145106911659240723e-01,5.082633495330810547e-01,5.023172497749328613e-01,4.966582059860229492e-01,4.912733733654022217e-01,4.861502349376678467e-01,4.812782406806945801e-01,4.766464829444885254e-01,4.722455143928527832e-01,4.680663943290710449e-01,4.641007483005523682e-01,4.603407680988311768e-01,4.567792415618896484e-01,4.534094929695129395e-01,4.502252042293548584e-01,4.472205042839050293e-01,4.443901777267456055e-01,4.417291879653930664e-01,4.392329156398773193e-01,4.368969500064849854e-01,4.347175061702728271e-01,4.326907098293304443e-01,4.308134317398071289e-01,4.290825128555297852e-01,4.274951815605163574e-01,4.260487854480743408e-01,4.247410595417022705e-01,4.235700666904449463e-01,4.225338101387023926e-01,4.216307401657104492e-01,4.208593964576721191e-01,4.202187061309814453e-01,4.197075963020324707e-01,4.193253219127655029e-01,4.190712571144104004e-01,4.189450442790985107e-01,4.189465045928955078e-01,4.190755784511566162e-01,4.193325042724609375e-01,4.197176098823547363e-01,4.202316701412200928e-01,4.208753108978271484e-01,4.216495752334594727e-01,4.225556254386901855e-01,4.235948920249938965e-01,4.247689545154571533e-01,4.260796904563903809e-01,4.275293052196502686e-01,4.291198551654815674e-01,4.308539927005767822e-01,4.327346384525299072e-01,4.347647130489349365e-01,4.369476437568664551e-01,4.392871260643005371e-01,4.417871236801147461e-01,4.444518685340881348e-01,4.472860991954803467e-01,4.502947032451629639e-01,4.534830749034881592e-01,4.568571448326110840e-01,4.604230225086212158e-01,4.641876220703125000e-01,4.681579172611236572e-01,4.723419249057769775e-01,4.767479896545410156e-01,4.813849925994873047e-01,4.862625896930694580e-01,4.913913607597351074e-01,4.967823624610900879e-01,5.024476051330566406e-01,5.084003806114196777e-01,5.146545171737670898e-01,5.212251543998718262e-01,5.281286239624023438e-01,5.353828072547912598e-01,5.430066585540771484e-01,5.510210394859313965e-01,5.594485998153686523e-01,5.683137774467468262e-01,5.776430368423461914e-01,5.874657034873962402e-01,5.981114506721496582e-01,6.094931364059448242e-01,6.215226650238037109e-01,6.341366171836853027e-01,6.474673748016357422e-01,6.616035699844360352e-01,6.764555573463439941e-01,6.921919584274291992e-01,7.089505195617675781e-01,7.265213131904602051e-01,7.454471588134765625e-01,7.653751969337463379e-01,7.867816686630249023e-01,8.095837831497192383e-01,8.338246941566467285e-01,8.600657582283020020e-01,8.880299329757690430e-01,9.180052280426025391e-01,9.507499933242797852e-01,9.859575033187866211e-01,1.024034380912780762e+00,1.065306305885314941e+00,1.110861897468566895e+00,1.145526885986328125e+00,1.143796563148498535e+00,1.136557698249816895e+00,1.129752039909362793e+00,1.123367309570312500e+00,1.117392897605895996e+00,1.111818552017211914e+00,1.106634974479675293e+00,1.101833820343017578e+00,1.097406625747680664e+00,1.093346834182739258e+00,1.089647293090820312e+00,1.086302757263183594e+00,1.083307743072509766e+00,1.080657243728637695e+00,1.078347563743591309e+00,1.076375007629394531e+00,1.074736118316650391e+00,1.073428869247436523e+00,1.072450995445251465e+00,1.071801304817199707e+00,1.071478366851806641e+00,esquerda
5.969709873199462891e+00,5.971549034118652344e+00,5.975208759307861328e+00,5.980697154998779297e+00,5.406945705413818359e+00,4.457029819488525391e+00,3.763559818267822266e+00,3.258138656616210938e+00,2.873507261276245117e+00,2.571145057678222656e+00,2.326485157012939453e+00,2.124588727951049805e+00,1.955898761749267578e+00,1.811893820762634277e+00,1.688092589378356934e+00,1.580617070198059082e+00,1.486483097076416016e+00,1.403693914413452148e+00,1.329909205436706543e+00,1.263555169105529785e+00,1.203833937644958496e+00,1.149851918220520020e+00,1.100496292114257812e+00,1.055407404899597168e+00,1.014554858207702637e+00,9.768621325492858887e-01,9.420076608657836914e-01,9.095891714096069336e-01,8.799108862876892090e-01,8.522222638130187988e-01,8.262384533882141113e-01,8.022339344024658203e-01,7.796522974967956543e-01,7.584518790245056152e-01,7.387150526046752930e-01,7.199701666831970215e-01,7.025664448738098145e-01,6.859669685363769531e-01,6.703791618347167969e-01,6.556670665740966797e-01,6.416636705398559570e-01,6.284573674201965332e-01,6.159609556198120117e-01,6.040432453155517578e-01,5.927668809890747070e-01,5.822061300277709961e-01,5.724790096282958984e-01,5.632402896881103516e-01,5.544612407684326172e-01,5.461153388023376465e-01,5.381785035133361816e-01,5.306284427642822266e-01,5.234445333480834961e-01,5.166077613830566406e-01,5.101007819175720215e-01,5.039070248603820801e-01,4.980118870735168457e-01,4.924013316631317139e-01,4.870626032352447510e-01,4.819834530353546143e-01,4.771531820297241211e-01,4.725611209869384766e-01,4.681978523731231689e-01,4.640545547008514404e-01,4.601229727268218994e-01,4.563951194286346436e-01,4.528642296791076660e-01,4.495232701301574707e-01,4.463662505149841309e-01,4.433873593807220459e-01,4.405813217163085938e-01,4.379431307315826416e-01,4.354682564735412598e-01,4.331522583961486816e-01,4.309915006160736084e-01,4.289821386337280273e-01,4.271208941936492920e-01,4.254048168659210205e-01,4.238311052322387695e-01,4.223971068859100342e-01,4.211006164550781250e-01,4.199396371841430664e-01,4.189122319221496582e-01,4.180169105529785156e-01,4.172522425651550293e-01,4.166169762611389160e-01,4.161102175712585449e-01,4.157312512397766113e-01,4.154793918132781982e-01,4.153542816638946533e-01,4.153557121753692627e-01,4.154836535453796387e-01,4.157383739948272705e-01,4.161202013492584229e-01,4.166298508644104004e-01,4.172679781913757324e-01,4.180355966091156006e-01,4.189338982105255127e-01,4.199642241001129150e-01,4.211282432079315186e-01,4.224277436733245850e-01,4.238649010658264160e-01,4.254418611526489258e-01,4.271611869335174561e-01,4.290255904197692871e-01,4.310383498668670654e-01,4.332025647163391113e-01,4.355219602584838867e-01,4.380005598068237305e-01,4.406425058841705322e-01,4.434523582458496094e-01,4.464352428913116455e-01,4.495962262153625488e-01,4.529413580894470215e-01,4.564767181873321533e-01,4.602090418338775635e-01,4.641452729701995850e-01,4.682934880256652832e-01,4.726617336273193359e-01,4.772590398788452148e-01,4.820947945117950439e-01,4.871795773506164551e-01,4.925244152545928955e-01,4.981411099433898926e-01,5.040428638458251953e-01,5.102432966232299805e-01,5.167577266693115234e-01,5.236019492149353027e-01,5.307940244674682617e-01,5.383525490760803223e-01,5.462982058525085449e-01,5.546535253524780273e-01,5.634427666664123535e-01,5.726919770240783691e-01,5.824304819107055664e-01,5.929807424545288086e-01,6.042686700820922852e-01,6.161988973617553711e-01,6.287086606025695801e-01,6.419290304183959961e-01,6.559478640556335449e-01,6.706765294075012207e-01,6.862819790840148926e-01,7.029010057449340820e-01,7.203253507614135742e-01,7.390931248664855957e-01,7.588545680046081543e-01,7.800821661949157715e-01,8.026934266090393066e-01,8.267312645912170410e-01,8.527524471282958984e-01,8.804821372032165527e-01,9.102061390876770020e-01,9.426760673522949219e-01,9.775878787040710449e-01,1.015344738960266113e+00,1.056269884109497070e+00,1.101442217826843262e+00,1.139246940612792969e+00,1.143795013427734375e+00,1.136556148529052734e+00,1.129750609397888184e+00,1.123365879058837891e+00,1.117391586303710938e+00,1.111817240715026855e+00,1.106633543968200684e+00,1.101832509040832520e+00,1.097405314445495605e+00,1.093345522880554199e+00,1.089646100997924805e+00,1.086301565170288086e+00,1.083306670188903809e+00,1.080656051635742188e+00,1.078346371650695801e+00,1.076373815536499023e+00,1.074735045433044434e+00,1.073427677154541016e+00,1.072449922561645508e+00,1.071800231933593750e+00,1.071477174758911133e+00,esquerda
5.969709396362304688e+00,5.971549034118652344e+00,5.975208759307861328e+00,5.980697631835937500e+00,5.384628295898437500e+00,4.418491840362548828e+00,3.731115579605102539e+00,3.230109214782714844e+00,2.848824024200439453e+00,2.549083471298217773e+00,2.306538581848144531e+00,2.106384038925170898e+00,1.939146637916564941e+00,1.796379685401916504e+00,1.673641324043273926e+00,1.567087173461914062e+00,1.473759293556213379e+00,1.391678690910339355e+00,1.318524718284606934e+00,1.252737522125244141e+00,1.193526029586791992e+00,1.140004277229309082e+00,1.091069221496582031e+00,1.046364545822143555e+00,1.005859613418579102e+00,9.684873819351196289e-01,9.339290857315063477e-01,9.017859697341918945e-01,8.723595738410949707e-01,8.449056744575500488e-01,8.191421031951904297e-01,7.953407168388366699e-01,7.729501128196716309e-01,7.519289851188659668e-01,7.323586344718933105e-01,7.137718796730041504e-01,6.965148448944091797e-01,6.800550818443298340e-01,6.645982265472412109e-01,6.500096321105957031e-01,6.361235976219177246e-01,6.230278015136718750e-01,6.106357574462890625e-01,5.988174080848693848e-01,5.876348018646240234e-01,5.771740078926086426e-01,5.675309300422668457e-01,5.583720803260803223e-01,5.496689081192016602e-01,5.413951873779296875e-01,5.335268974304199219e-01,5.260421037673950195e-01,5.189202427864074707e-01,5.121426582336425781e-01,5.056918263435363770e-01,4.995516836643218994e-01,4.937073886394500732e-01,4.881454706192016602e-01,4.828528463840484619e-01,4.778175950050354004e-01,4.730290770530700684e-01,4.684766530990600586e-01,4.641512036323547363e-01,4.600436985492706299e-01,4.561460614204406738e-01,4.524504840373992920e-01,4.489499926567077637e-01,4.456379711627960205e-01,4.425082802772521973e-01,4.395551085472106934e-01,4.367733597755432129e-01,4.341579377651214600e-01,4.317044317722320557e-01,4.294085204601287842e-01,4.272663593292236328e-01,4.252743721008300781e-01,4.234292805194854736e-01,4.217280149459838867e-01,4.201678633689880371e-01,4.187462627887725830e-01,4.174609780311584473e-01,4.163100421428680420e-01,4.152915775775909424e-01,4.144039452075958252e-01,4.136458635330200195e-01,4.130161404609680176e-01,4.125137329101562500e-01,4.121380448341369629e-01,4.118883907794952393e-01,4.117643237113952637e-01,4.117657244205474854e-01,4.118926227092742920e-01,4.121451377868652344e-01,4.125236570835113525e-01,4.130288958549499512e-01,4.136614799499511719e-01,4.144224822521209717e-01,4.153130352497100830e-01,4.163344502449035645e-01,4.174884259700775146e-01,4.187766909599304199e-01,4.202013909816741943e-01,4.217647016048431396e-01,4.234691858291625977e-01,4.253175258636474609e-01,4.273128211498260498e-01,4.294583797454833984e-01,4.317577779293060303e-01,4.342148602008819580e-01,4.368340075016021729e-01,4.396196305751800537e-01,4.425766766071319580e-01,4.457103610038757324e-01,4.490265548229217529e-01,4.525313675403594971e-01,4.562314450740814209e-01,4.601336717605590820e-01,4.642460346221923828e-01,4.685764908790588379e-01,4.731340408325195312e-01,4.779279828071594238e-01,4.829688966274261475e-01,4.882675111293792725e-01,4.938357472419738770e-01,4.996864199638366699e-01,5.058333277702331543e-01,5.122914314270019531e-01,5.190765261650085449e-01,5.262063741683959961e-01,5.336995720863342285e-01,5.415765643119812012e-01,5.498597025871276855e-01,5.585728883743286133e-01,5.677422881126403809e-01,5.773965716361999512e-01,5.878931283950805664e-01,5.990897417068481445e-01,6.109232902526855469e-01,6.233313679695129395e-01,6.364443898200988770e-01,6.503490209579467773e-01,6.649577617645263672e-01,6.804360151290893555e-01,6.969193816184997559e-01,7.142013907432556152e-01,7.328159213066101074e-01,7.524159550666809082e-01,7.734702229499816895e-01,7.958967089653015137e-01,8.197368979454040527e-01,8.455420136451721191e-01,8.730415105819702148e-01,9.025182723999023438e-01,9.347183108329772949e-01,9.693397283554077148e-01,1.006782650947570801e+00,1.047366976737976074e+00,1.092163443565368652e+00,1.133062005043029785e+00,1.143795251846313477e+00,1.136556506156921387e+00,1.129750847816467285e+00,1.123366236686706543e+00,1.117391824722290039e+00,1.111817598342895508e+00,1.106633782386779785e+00,1.101832747459411621e+00,1.097405552864074707e+00,1.093345880508422852e+00,1.089646339416503906e+00,1.086301922798156738e+00,1.083306908607482910e+00,1.080656290054321289e+00,1.078346610069274902e+00,1.076374053955078125e+00,1.074735283851623535e+00,1.073427915573120117e+00,1.072450160980224609e+00,1.071800470352172852e+00,1.071477413177490234e+00,esquerda
5.969709873199462891e+00,5.971549510955810547e+00,5.975209236145019531e+00,5.980698108673095703e+00,5.362698078155517578e+00,4.380389213562011719e+00,3.698751926422119141e+00,3.202083349227905273e+00,2.824142694473266602e+00,2.527022838592529297e+00,2.286593198776245117e+00,2.088179588317871094e+00,1.922394275665283203e+00,1.780865192413330078e+00,1.659189701080322266e+00,1.553556919097900391e+00,1.461035251617431641e+00,1.379662871360778809e+00,1.307139515876770020e+00,1.241919040679931641e+00,1.183217287063598633e+00,1.130155920982360840e+00,1.081641554832458496e+00,1.037320733070373535e+00,9.971633553504943848e-01,9.601117372512817383e-01,9.258497357368469238e-01,8.939819931983947754e-01,8.648072481155395508e-01,8.375882506370544434e-01,8.120447397232055664e-01,7.884467244148254395e-01,7.662470936775207520e-01,7.454051971435546875e-01,7.260015010833740234e-01,7.075729370117187500e-01,6.904625296592712402e-01,6.741424798965454102e-01,6.588166356086730957e-01,6.443515419960021973e-01,6.305828690528869629e-01,6.175975799560546875e-01,6.053099036216735840e-01,5.935908555984497070e-01,5.825021266937255859e-01,5.721415281295776367e-01,5.625825524330139160e-01,5.535035729408264160e-01,5.448762178421020508e-01,5.366746187210083008e-01,5.288749337196350098e-01,5.214554667472839355e-01,5.143957138061523438e-01,5.076771378517150879e-01,5.012826323509216309e-01,4.951960146427154541e-01,4.894026517868041992e-01,4.838892221450805664e-01,4.786427915096282959e-01,4.736514389514923096e-01,4.689046144485473633e-01,4.643919467926025391e-01,4.601041078567504883e-01,4.560324847698211670e-01,4.521688222885131836e-01,4.485054314136505127e-01,4.450355470180511475e-01,4.417523443698883057e-01,4.386499524116516113e-01,4.357225000858306885e-01,4.329650104045867920e-01,4.303724169731140137e-01,4.279403090476989746e-01,4.256644248962402344e-01,4.235409200191497803e-01,4.215663075447082520e-01,4.197372794151306152e-01,4.180508553981781006e-01,4.165043234825134277e-01,4.150951504707336426e-01,4.138210415840148926e-01,4.126801192760467529e-01,4.116705358028411865e-01,4.107906520366668701e-01,4.100392162799835205e-01,4.094149470329284668e-01,4.089169204235076904e-01,4.085445106029510498e-01,4.082970023155212402e-01,4.081740379333496094e-01,4.081754088401794434e-01,4.083011746406555176e-01,4.085515439510345459e-01,4.089267849922180176e-01,4.094276130199432373e-01,4.100546836853027344e-01,4.108090102672576904e-01,4.116917848587036133e-01,4.127043485641479492e-01,4.138482511043548584e-01,4.151252806186676025e-01,4.165375828742980957e-01,4.180872142314910889e-01,4.197768568992614746e-01,4.216090738773345947e-01,4.235869944095611572e-01,4.257138371467590332e-01,4.279931485652923584e-01,4.304288625717163086e-01,4.330250918865203857e-01,4.357864558696746826e-01,4.387177228927612305e-01,4.418241083621978760e-01,4.451113939285278320e-01,4.485856294631958008e-01,4.522534608840942383e-01,4.561216235160827637e-01,4.601981341838836670e-01,4.644908607006072998e-01,4.690086841583251953e-01,4.737608432769775391e-01,4.787577688694000244e-01,4.840101599693298340e-01,4.895298480987548828e-01,4.953294992446899414e-01,5.014228224754333496e-01,5.078245997428894043e-01,5.145505070686340332e-01,5.216181874275207520e-01,5.290460586547851562e-01,5.368543863296508789e-01,5.450653433799743652e-01,5.537025332450866699e-01,5.627919435501098633e-01,5.723620653152465820e-01,5.827634334564208984e-01,5.938664078712463379e-01,6.056007742881774902e-01,6.179047226905822754e-01,6.309074163436889648e-01,6.446949243545532227e-01,6.591802835464477539e-01,6.745278239250183105e-01,6.908718347549438477e-01,7.080075740814208984e-01,7.264642715454101562e-01,7.458980679512023926e-01,7.667733430862426758e-01,7.890093326568603516e-01,8.126471638679504395e-01,8.382326960563659668e-01,8.654979467391967773e-01,8.947235941886901855e-01,9.266490936279296875e-01,9.609752297401428223e-01,9.980985522270202637e-01,1.038336396217346191e+00,1.082749962806701660e+00,1.126786470413208008e+00,1.143794298171997070e+00,1.136555433273315430e+00,1.129749774932861328e+00,1.123365163803100586e+00,1.117390751838684082e+00,1.111816406250000000e+00,1.106632828712463379e+00,1.101831555366516113e+00,1.097404360771179199e+00,1.093344688415527344e+00,1.089645266532897949e+00,1.086300730705261230e+00,1.083305716514587402e+00,1.080655217170715332e+00,1.078345537185668945e+00,1.076372861862182617e+00,1.074734091758728027e+00,1.073426842689514160e+00,1.072448968887329102e+00,1.071799278259277344e+00,1.071476221084594727e+00,esquerda
5.969711780548095703e+00,5.971551418304443359e+00,5.975211143493652344e+00,5.962684154510498047e+00,5.325386524200439453e+00,4.344470977783203125e+00,3.668389558792114258e+00,3.175664901733398438e+00,2.800709247589111328e+00,2.505959033966064453e+00,2.267461538314819336e+00,2.070652723312377930e+00,1.906214594841003418e+00,1.765840530395507812e+00,1.645161747932434082e+00,1.540396809577941895e+00,1.448637366294860840e+00,1.367936730384826660e+00,1.296013474464416504e+00,1.231333374977111816e+00,1.173118710517883301e+00,1.120498299598693848e+00,1.072387576103210449e+00,1.028435826301574707e+00,9.886130690574645996e-01,9.518705010414123535e-01,9.178944230079650879e-01,8.862928152084350586e-01,8.573617339134216309e-01,8.303701281547546387e-01,8.050401210784912109e-01,7.816391587257385254e-01,7.596250772476196289e-01,7.389573454856872559e-01,7.197157144546508789e-01,7.014409303665161133e-01,6.844732761383056641e-01,6.682893633842468262e-01,6.530911326408386230e-01,6.387465000152587891e-01,6.250922679901123047e-01,6.122149229049682617e-01,6.000290513038635254e-01,5.884070396423339844e-01,5.774099230766296387e-01,5.671103000640869141e-01,5.576353669166564941e-01,5.486362576484680176e-01,5.400847196578979492e-01,5.319552421569824219e-01,5.242242217063903809e-01,5.168699026107788086e-01,5.098722577095031738e-01,5.032128095626831055e-01,4.968745112419128418e-01,4.908414185047149658e-01,4.850990176200866699e-01,4.796340167522430420e-01,4.744337201118469238e-01,4.694862365722656250e-01,4.647812545299530029e-01,4.603081941604614258e-01,4.560581445693969727e-01,4.520222842693328857e-01,4.481925964355468750e-01,4.445614814758300781e-01,4.411220550537109375e-01,4.378677308559417725e-01,4.347926378250122070e-01,4.318909347057342529e-01,4.291576445102691650e-01,4.265879094600677490e-01,4.241771996021270752e-01,4.219212830066680908e-01,4.198164939880371094e-01,4.178592264652252197e-01,4.160462617874145508e-01,4.143746793270111084e-01,4.128417670726776123e-01,4.114449322223663330e-01,4.101820588111877441e-01,4.090512096881866455e-01,4.080504477024078369e-01,4.071783125400543213e-01,4.064334630966186523e-01,4.058147072792053223e-01,4.053210914134979248e-01,4.049519300460815430e-01,4.047065973281860352e-01,4.045847356319427490e-01,4.045861065387725830e-01,4.047107696533203125e-01,4.049589037895202637e-01,4.053308367729187012e-01,4.058272540569305420e-01,4.064488410949707031e-01,4.071965515613555908e-01,4.080715477466583252e-01,4.090751707553863525e-01,4.102090299129486084e-01,4.114748239517211914e-01,4.128747284412384033e-01,4.144107699394226074e-01,4.160854518413543701e-01,4.179016351699829102e-01,4.198621809482574463e-01,4.219702482223510742e-01,4.242295622825622559e-01,4.266438782215118408e-01,4.292173087596893311e-01,4.319543540477752686e-01,4.348598718643188477e-01,4.379389286041259766e-01,4.411972761154174805e-01,4.446409642696380615e-01,4.482765495777130127e-01,4.521107077598571777e-01,4.561513662338256836e-01,4.604063332080841064e-01,4.648844301700592041e-01,4.695948362350463867e-01,4.745478332042694092e-01,4.797540307044982910e-01,4.852251410484313965e-01,4.909738004207611084e-01,4.970136284828186035e-01,5.033590197563171387e-01,5.100257992744445801e-01,5.170313715934753418e-01,5.243939161300659180e-01,5.321335792541503906e-01,5.402722954750061035e-01,5.488335490226745605e-01,5.578430891036987305e-01,5.673290491104125977e-01,5.776343941688537598e-01,5.886436700820922852e-01,6.002789139747619629e-01,6.124787330627441406e-01,6.253710389137268066e-01,6.390414834022521973e-01,6.534035801887512207e-01,6.686204075813293457e-01,6.848248839378356934e-01,7.018142342567443848e-01,7.201132178306579590e-01,7.393806576728820801e-01,7.600772380828857422e-01,7.821225523948669434e-01,8.055577278137207031e-01,8.309241533279418945e-01,8.579551577568054199e-01,8.869296312332153320e-01,9.185805320739746094e-01,9.526112675666809082e-01,9.894150495529174805e-01,1.029306173324584961e+00,1.073337078094482422e+00,1.120511293411254883e+00,1.143793463706970215e+00,1.136554837226867676e+00,1.129748940467834473e+00,1.123364448547363281e+00,1.117390036582946777e+00,1.111815690994262695e+00,1.106632113456726074e+00,1.101830840110778809e+00,1.097403645515441895e+00,1.093343973159790039e+00,1.089644551277160645e+00,1.086300015449523926e+00,1.083305001258850098e+00,1.080654501914978027e+00,1.078344821929931641e+00,1.076372146606445312e+00,1.074733376502990723e+00,1.073426127433776855e+00,1.072448253631591797e+00,1.071798563003540039e+00,1.071475625038146973e+00,esquerda
5.969711303710937500e+00,5.971550941467285156e+00,5.975211143493652344e+00,5.935270786285400391e+00,5.277901649475097656e+00,4.305928707122802734e+00,3.635951280593872070e+00,3.147642374038696289e+00,2.776031017303466797e+00,2.483900547027587891e+00,2.247517585754394531e+00,2.052449464797973633e+00,1.889464020729064941e+00,1.750327348709106445e+00,1.630710840225219727e+00,1.526867270469665527e+00,1.435914039611816406e+00,1.355921506881713867e+00,1.284628868103027344e+00,1.220515370368957520e+00,1.162810444831848145e+00,1.110650300979614258e+00,1.062960147857666016e+00,1.019392251968383789e+00,9.799172878265380859e-01,9.434952139854431152e-01,9.098152518272399902e-01,8.784889578819274902e-01,8.498097658157348633e-01,8.230529427528381348e-01,7.979431152343750000e-01,7.747454643249511719e-01,7.529222965240478516e-01,7.324336767196655273e-01,7.133587002754211426e-01,6.952420473098754883e-01,6.784210205078125000e-01,6.623767614364624023e-01,6.473096609115600586e-01,6.330884695053100586e-01,6.195516586303710938e-01,6.067847013473510742e-01,5.947032570838928223e-01,5.831806063652038574e-01,5.722772479057312012e-01,5.620778799057006836e-01,5.526870489120483398e-01,5.437676906585693359e-01,5.352920889854431152e-01,5.272347927093505859e-01,5.195723772048950195e-01,5.122833251953125000e-01,5.053477883338928223e-01,4.987474083900451660e-01,4.924653172492980957e-01,4.864857494831085205e-01,4.807943403720855713e-01,4.753778278827667236e-01,4.702236652374267578e-01,4.653201699256896973e-01,4.606568515300750732e-01,4.562235772609710693e-01,4.520111083984375000e-01,4.480111002922058105e-01,4.442154169082641602e-01,4.406164884567260742e-01,4.372075796127319336e-01,4.339821934700012207e-01,4.309343397617340088e-01,4.280583858489990234e-01,4.253494143486022949e-01,4.228024184703826904e-01,4.204130768775939941e-01,4.181772172451019287e-01,4.160910844802856445e-01,4.141511619091033936e-01,4.123543500900268555e-01,4.106976091861724854e-01,4.091782569885253906e-01,4.077938497066497803e-01,4.065421819686889648e-01,4.054213464260101318e-01,4.044294953346252441e-01,4.035651087760925293e-01,4.028268754482269287e-01,4.022135436534881592e-01,4.017243385314941406e-01,4.013584554195404053e-01,4.011152982711791992e-01,4.009945094585418701e-01,4.009958803653717041e-01,4.011194109916687012e-01,4.013653695583343506e-01,4.017339944839477539e-01,4.022260308265686035e-01,4.028421044349670410e-01,4.035831689834594727e-01,4.044504165649414062e-01,4.054451584815979004e-01,4.065689146518707275e-01,4.078234732151031494e-01,4.092109203338623047e-01,4.107333123683929443e-01,4.123932123184204102e-01,4.141932129859924316e-01,4.161363840103149414e-01,4.182257950305938721e-01,4.204650223255157471e-01,4.228579401969909668e-01,4.254084825515747070e-01,4.281212687492370605e-01,4.310010075569152832e-01,4.340527355670928955e-01,4.372822046279907227e-01,4.406952857971191406e-01,4.442985951900482178e-01,4.480987489223480225e-01,4.521035552024841309e-01,4.563207924365997314e-01,4.607591032981872559e-01,4.654277265071868896e-01,4.703367650508880615e-01,4.754967689514160156e-01,4.809193015098571777e-01,4.866170287132263184e-01,4.926031827926635742e-01,4.988923370838165283e-01,5.054998993873596191e-01,5.124433040618896484e-01,5.197405219078063965e-01,5.274115204811096191e-01,5.354779958724975586e-01,5.439633131027221680e-01,5.528928637504577637e-01,5.622946619987487793e-01,5.725054740905761719e-01,5.834212899208068848e-01,5.949572920799255371e-01,6.070529222488403320e-01,6.198349595069885254e-01,6.333882212638854980e-01,6.476271748542785645e-01,6.627131104469299316e-01,6.787782311439514160e-01,6.956213116645812988e-01,7.137625217437744141e-01,7.328637242317199707e-01,7.533813714981079102e-01,7.752362489700317383e-01,7.984687685966491699e-01,8.236180543899536133e-01,8.504186272621154785e-01,8.791462182998657227e-01,9.105275273323059082e-01,9.442685246467590332e-01,9.807589650154113770e-01,1.020310997962951660e+00,1.063967704772949219e+00,1.111759424209594727e+00,1.140247941017150879e+00,1.136554241180419922e+00,1.129748702049255371e+00,1.123363971710205078e+00,1.117389678955078125e+00,1.111815333366394043e+00,1.106631755828857422e+00,1.101830482482910156e+00,1.097403407096862793e+00,1.093343734741210938e+00,1.089644193649291992e+00,1.086299777030944824e+00,1.083304762840270996e+00,1.080654263496398926e+00,1.078344464302062988e+00,1.076371908187866211e+00,1.074733138084411621e+00,1.073425889015197754e+00,1.072448015213012695e+00,1.071798324584960938e+00,1.071475386619567871e+00,esquerda
5.969711780548095703e+00,5.971551418304443359e+00,5.975211620330810547e+00,5.907911300659179688e+00,5.230493545532226562e+00,4.267422676086425781e+00,3.603528738021850586e+00,3.119628429412841797e+00,2.751359701156616211e+00,2.461848258972167969e+00,2.227578878402709961e+00,2.034251451492309570e+00,1.872717261314392090e+00,1.734817862510681152e+00,1.616263508796691895e+00,1.513340950012207031e+00,1.423193454742431641e+00,1.343909025192260742e+00,1.273246884346008301e+00,1.209699988365173340e+00,1.152504324913024902e+00,1.100804567337036133e+00,1.053534865379333496e+00,1.010350823402404785e+00,9.712234139442443848e-01,9.351217150688171387e-01,9.017378091812133789e-01,8.706867694854736328e-01,8.422594070434570312e-01,8.157373070716857910e-01,7.908474802970886230e-01,7.678529024124145508e-01,7.462208867073059082e-01,7.259114384651184082e-01,7.070030570030212402e-01,6.890444755554199219e-01,6.723699569702148438e-01,6.564653515815734863e-01,6.415293812751770020e-01,6.274315714836120605e-01,6.140120625495910645e-01,6.013555526733398438e-01,5.893785357475280762e-01,5.779551863670349121e-01,5.671455860137939453e-01,5.570448040962219238e-01,5.477380752563476562e-01,5.388986468315124512e-01,5.304989218711853027e-01,5.225137472152709961e-01,5.149199366569519043e-01,5.076961517333984375e-01,5.008226633071899414e-01,4.942814111709594727e-01,4.880556464195251465e-01,4.821296334266662598e-01,4.764891266822814941e-01,4.711211621761322021e-01,4.660131335258483887e-01,4.611535370349884033e-01,4.565319418907165527e-01,4.521383047103881836e-01,4.479637145996093750e-01,4.439994692802429199e-01,4.402377605438232422e-01,4.366710782051086426e-01,4.332926571369171143e-01,4.300961196422576904e-01,4.270755946636199951e-01,4.242254197597503662e-01,4.215406477451324463e-01,4.190164804458618164e-01,4.166485369205474854e-01,4.144326746463775635e-01,4.123652577400207520e-01,4.104427397251129150e-01,4.086619615554809570e-01,4.070200920104980469e-01,4.055143594741821289e-01,4.041422903537750244e-01,4.029018282890319824e-01,4.017910659313201904e-01,4.008080661296844482e-01,3.999514579772949219e-01,3.992197811603546143e-01,3.986119925975799561e-01,3.981271386146545410e-01,3.977645635604858398e-01,3.975235819816589355e-01,3.974038660526275635e-01,3.974052071571350098e-01,3.975276648998260498e-01,3.977713882923126221e-01,3.981367051601409912e-01,3.986243307590484619e-01,3.992348909378051758e-01,3.999693095684051514e-01,4.008287787437438965e-01,4.018145799636840820e-01,4.029283225536346436e-01,4.041716754436492920e-01,4.055467247962951660e-01,4.070554971694946289e-01,4.087004661560058594e-01,4.104843437671661377e-01,4.124101400375366211e-01,4.144808053970336914e-01,4.167000055313110352e-01,4.190714955329895020e-01,4.215992391109466553e-01,4.242876768112182617e-01,4.271416068077087402e-01,4.301660358905792236e-01,4.333665668964385986e-01,4.367491304874420166e-01,4.403201937675476074e-01,4.440863132476806641e-01,4.480552375316619873e-01,4.522346854209899902e-01,4.566332995891571045e-01,4.612600803375244141e-01,4.661251604557037354e-01,4.712389707565307617e-01,4.766129553318023682e-01,4.822596609592437744e-01,4.881921708583831787e-01,4.944249987602233887e-01,5.009734630584716797e-01,5.078546404838562012e-01,5.150865316390991211e-01,5.226888656616210938e-01,5.306831002235412598e-01,5.390924215316772461e-01,5.479419827461242676e-01,5.572596192359924316e-01,5.673760771751403809e-01,5.781982541084289551e-01,5.896351337432861328e-01,6.016265749931335449e-01,6.142983436584472656e-01,6.277345418930053711e-01,6.418502926826477051e-01,6.568054556846618652e-01,6.727312207221984863e-01,6.894279718399047852e-01,7.074114084243774414e-01,7.263463735580444336e-01,7.466853260993957520e-01,7.683495879173278809e-01,7.913793325424194336e-01,8.163087368011474609e-01,8.428751826286315918e-01,8.713515400886535645e-01,9.024582505226135254e-01,9.359039068222045898e-01,9.720747470855712891e-01,1.011280179023742676e+00,1.054554104804992676e+00,1.101926684379577637e+00,1.135221719741821289e+00,1.136553287506103516e+00,1.129747629165649414e+00,1.123363018035888672e+00,1.117388725280761719e+00,1.111814379692077637e+00,1.106630802154541016e+00,1.101829528808593750e+00,1.097402334213256836e+00,1.093342542648315430e+00,1.089643239974975586e+00,1.086298704147338867e+00,1.083303689956665039e+00,1.080653190612792969e+00,1.078343510627746582e+00,1.076370954513549805e+00,1.074732065200805664e+00,1.073424816131591797e+00,1.072446942329406738e+00,1.071797251701354980e+00,1.071474194526672363e+00,esquerda
5.969714164733886719e+00,5.971553325653076172e+00,5.975213050842285156e+00,5.881446838378906250e+00,5.184237003326416016e+00,4.229261398315429688e+00,3.571156024932861328e+00,3.091622829437255859e+00,2.726694822311401367e+00,2.439800977706909180e+00,2.207644462585449219e+00,2.016056299209594727e+00,1.855973005294799805e+00,1.719310641288757324e+00,1.601818084716796875e+00,1.499816179275512695e+00,1.410474419593811035e+00,1.331897616386413574e+00,1.261865735054016113e+00,1.198885440826416016e+00,1.142199039459228516e+00,1.090959310531616211e+00,1.044109940528869629e+00,1.001309752464294434e+00,9.625297188758850098e-01,9.267483949661254883e-01,8.936607241630554199e-01,8.628847002983093262e-01,8.347091078758239746e-01,8.084217905998229980e-01,7.837520837783813477e-01,7.609607577323913574e-01,7.395196557044982910e-01,7.193892002105712891e-01,7.006474137306213379e-01,6.828469634056091309e-01,6.663190126419067383e-01,6.505541205406188965e-01,6.357489824295043945e-01,6.217746734619140625e-01,6.084725260734558105e-01,5.959265232086181641e-01,5.840537548065185547e-01,5.727297067642211914e-01,5.620138645172119141e-01,5.520123839378356934e-01,5.427897572517395020e-01,5.340301394462585449e-01,5.257063508033752441e-01,5.177932977676391602e-01,5.102680921554565430e-01,5.031095147132873535e-01,4.962982237339019775e-01,4.898160099983215332e-01,4.836464822292327881e-01,4.777739942073822021e-01,4.721844792366027832e-01,4.668649733066558838e-01,4.618031084537506104e-01,4.569874107837677002e-01,4.524076282978057861e-01,4.480536580085754395e-01,4.439167082309722900e-01,4.399883449077606201e-01,4.362605810165405273e-01,4.327261149883270264e-01,4.293782711029052734e-01,4.262106716632843018e-01,4.232173562049865723e-01,4.203929305076599121e-01,4.177324175834655762e-01,4.152310490608215332e-01,4.128844738006591797e-01,4.106886982917785645e-01,4.086399078369140625e-01,4.067347645759582520e-01,4.049701094627380371e-01,4.033430218696594238e-01,4.018509089946746826e-01,4.004912674427032471e-01,3.992620110511779785e-01,3.981612622737884521e-01,3.971871733665466309e-01,3.963382542133331299e-01,3.956131935119628906e-01,3.950109183788299561e-01,3.945304751396179199e-01,3.941711485385894775e-01,3.939323425292968750e-01,3.938137292861938477e-01,3.938150703907012939e-01,3.939363956451416016e-01,3.941779136657714844e-01,3.945399522781372070e-01,3.950231671333312988e-01,3.956282138824462891e-01,3.963559865951538086e-01,3.972077369689941406e-01,3.981846570968627930e-01,3.992882668972015381e-01,4.005203843116760254e-01,4.018830060958862305e-01,4.033781588077545166e-01,4.050082564353942871e-01,4.067761003971099854e-01,4.086844623088836670e-01,4.107363820075988770e-01,4.129355847835540771e-01,4.152855575084686279e-01,4.177904725074768066e-01,4.204546809196472168e-01,4.232828319072723389e-01,4.262799620628356934e-01,4.294515550136566162e-01,4.328035712242126465e-01,4.363423287868499756e-01,4.400744736194610596e-01,4.440075159072875977e-01,4.481492638587951660e-01,4.525080621242523193e-01,4.570931196212768555e-01,4.619142115116119385e-01,4.669818282127380371e-01,4.723072648048400879e-01,4.779029190540313721e-01,4.837819337844848633e-01,4.899584054946899414e-01,4.964477121829986572e-01,5.032667517662048340e-01,5.104333162307739258e-01,5.179669857025146484e-01,5.258889198303222656e-01,5.342223644256591797e-01,5.429919362068176270e-01,5.522254109382629395e-01,5.622474551200866699e-01,5.729759931564331055e-01,5.843136906623840332e-01,5.962010622024536133e-01,6.087625622749328613e-01,6.220815777778625488e-01,6.360740661621093750e-01,6.508985161781311035e-01,6.666849255561828613e-01,6.832353472709655762e-01,7.010610103607177734e-01,7.198296785354614258e-01,7.399898767471313477e-01,7.614635825157165527e-01,7.842906117439270020e-01,8.090001940727233887e-01,8.353322744369506836e-01,8.635576367378234863e-01,8.943897485733032227e-01,9.275400042533874512e-01,9.633913636207580566e-01,1.002249956130981445e+00,1.045141339302062988e+00,1.092094540596008301e+00,1.130195975303649902e+00,1.136552572250366211e+00,1.129746794700622559e+00,1.123362302780151367e+00,1.117388010025024414e+00,1.111813664436340332e+00,1.106629967689514160e+00,1.101828813552856445e+00,1.097401738166809082e+00,1.093341946601867676e+00,1.089642524719238281e+00,1.086297988891601562e+00,1.083302855491638184e+00,1.080652475357055664e+00,1.078342795372009277e+00,1.076370239257812500e+00,1.074731349945068359e+00,1.073424100875854492e+00,1.072446227073669434e+00,1.071796536445617676e+00,1.071473598480224609e+00,esquerda
5.969714641571044922e+00,5.971553802490234375e+00,5.975213527679443359e+00,5.856112480163574219e+00,5.140271186828613281e+00,4.193451881408691406e+00,3.540847539901733398e+00,3.065219879150390625e+00,2.703272581100463867e+00,2.418745517730712891e+00,2.188518524169921875e+00,1.998533844947814941e+00,1.839796662330627441e+00,1.704288482666015625e+00,1.587791919708251953e+00,1.486657381057739258e+00,1.398077130317687988e+00,1.320172071456909180e+00,1.250739812850952148e+00,1.188299536705017090e+00,1.132100462913513184e+00,1.081301450729370117e+00,1.034855604171752930e+00,9.924243092536926270e-01,9.539788961410522461e-01,9.185065627098083496e-01,8.857047557830810547e-01,8.551948070526123047e-01,8.272628188133239746e-01,8.012027144432067871e-01,7.767464518547058105e-01,7.541522383689880371e-01,7.328965663909912109e-01,7.129403352737426758e-01,6.943605542182922363e-01,6.767139434814453125e-01,6.603287458419799805e-01,6.446999311447143555e-01,6.300224661827087402e-01,6.161685585975646973e-01,6.029808521270751953e-01,5.905426740646362305e-01,5.787718296051025391e-01,5.675448179244995117e-01,5.569205880165100098e-01,5.469794273376464844e-01,5.378409624099731445e-01,5.291611552238464355e-01,5.209132432937622070e-01,5.130723714828491211e-01,5.056157112121582031e-01,4.985225200653076172e-01,4.917732775211334229e-01,4.853501915931701660e-01,4.792368710041046143e-01,4.734179377555847168e-01,4.678794145584106445e-01,4.626083970069885254e-01,4.575926661491394043e-01,4.528208971023559570e-01,4.482828080654144287e-01,4.439685642719268799e-01,4.398693740367889404e-01,4.359767735004425049e-01,4.322830438613891602e-01,4.287807941436767578e-01,4.254634678363800049e-01,4.223247170448303223e-01,4.193587303161621094e-01,4.165600240230560303e-01,4.139237999916076660e-01,4.114452302455902100e-01,4.091200828552246094e-01,4.069442749023437500e-01,4.049141705036163330e-01,4.030264019966125488e-01,4.012778401374816895e-01,3.996655941009521484e-01,3.981870412826538086e-01,3.968398272991180420e-01,3.956218063831329346e-01,3.945310413837432861e-01,3.935658335685729980e-01,3.927246630191802979e-01,3.920062482357025146e-01,3.914094567298889160e-01,3.909333944320678711e-01,3.905773162841796875e-01,3.903406858444213867e-01,3.902231156826019287e-01,3.902244567871093750e-01,3.903447091579437256e-01,3.905840218067169189e-01,3.909427225589752197e-01,3.914215564727783203e-01,3.920210599899291992e-01,3.927422761917114258e-01,3.935862183570861816e-01,3.945542275905609131e-01,3.956477642059326172e-01,3.968686759471893311e-01,3.982188701629638672e-01,3.997004032135009766e-01,4.013156294822692871e-01,4.030673205852508545e-01,4.049583077430725098e-01,4.069915711879730225e-01,4.091707170009613037e-01,4.114992618560791016e-01,4.139812886714935303e-01,4.166212081909179688e-01,4.194236099720001221e-01,4.223933517932891846e-01,4.255360662937164307e-01,4.288574755191802979e-01,4.323640763759613037e-01,4.360621273517608643e-01,4.399593472480773926e-01,4.440632760524749756e-01,4.483823776245117188e-01,4.529255628585815430e-01,4.577027559280395508e-01,4.627241790294647217e-01,4.680010974407196045e-01,4.735457003116607666e-01,4.793710410594940186e-01,4.854912459850311279e-01,4.919213354587554932e-01,4.986782670021057129e-01,5.057794451713562012e-01,5.132444500923156738e-01,5.210942029953002930e-01,5.293515920639038086e-01,5.380412340164184570e-01,5.471905469894409180e-01,5.571183562278747559e-01,5.677532553672790527e-01,5.789918899536132812e-01,5.907750129699707031e-01,6.032263040542602539e-01,6.164281964302062988e-01,6.302975416183471680e-01,6.449913382530212402e-01,6.606382131576538086e-01,6.770424246788024902e-01,6.947103142738342285e-01,7.133128046989440918e-01,7.332942485809326172e-01,7.545773386955261230e-01,7.772017121315002441e-01,8.016915321350097656e-01,8.277894258499145508e-01,8.557634353637695312e-01,8.863209486007690430e-01,9.191758036613464355e-01,9.547073841094970703e-01,9.932194948196411133e-01,1.035728096961975098e+00,1.082261919975280762e+00,1.125169754028320312e+00,1.136551141738891602e+00,1.129745483398437500e+00,1.123360753059387207e+00,1.117386579513549805e+00,1.111812233924865723e+00,1.106628656387329102e+00,1.101827383041381836e+00,1.097400426864624023e+00,1.093340635299682617e+00,1.089641213417053223e+00,1.086296677589416504e+00,1.083301663398742676e+00,1.080651164054870605e+00,1.078341484069824219e+00,1.076368927955627441e+00,1.074730157852172852e+00,1.073422789573669434e+00,1.072445034980773926e+00,1.071795225143432617e+00,1.071472406387329102e+00,esquerda
5.969714164733886719e+00,5.971553802490234375e+00,5.975213527679443359e+00,5.828691959381103516e+00,5.092757701873779297e+00,4.154860496520996094e+00,3.508358716964721680e+00,3.037157297134399414e+00,2.678564071655273438e+00,2.396663904190063477e+00,2.168556213378906250e+00,1.980315923690795898e+00,1.823033571243286133e+00,1.688765168190002441e+00,1.573332667350769043e+00,1.473120689392089844e+00,1.385347723960876465e+00,1.308151841163635254e+00,1.239350914955139160e+00,1.177477955818176270e+00,1.121788978576660156e+00,1.071450710296630859e+00,1.025425672531127930e+00,9.833787679672241211e-01,9.452813267707824707e-01,9.101297855377197266e-01,8.776242136955261230e-01,8.473898172378540039e-01,8.197098374366760254e-01,7.938847541809082031e-01,7.696487903594970703e-01,7.472578883171081543e-01,7.261933684349060059e-01,7.064163088798522949e-01,6.880033612251281738e-01,6.705148816108703613e-01,6.542764306068420410e-01,6.387873888015747070e-01,6.242411136627197266e-01,6.105106472969055176e-01,5.974403619766235352e-01,5.851126909255981445e-01,5.734462141990661621e-01,5.623186230659484863e-01,5.517882704734802246e-01,5.419480800628662109e-01,5.328936576843261719e-01,5.242937803268432617e-01,5.161217451095581055e-01,5.083529353141784668e-01,5.009648799896240234e-01,4.939369261264801025e-01,4.872497022151947021e-01,4.808857142925262451e-01,4.748286604881286621e-01,4.690632522106170654e-01,4.635756611824035645e-01,4.583531320095062256e-01,4.533835649490356445e-01,4.486556649208068848e-01,4.441592991352081299e-01,4.398847818374633789e-01,4.358232915401458740e-01,4.319665431976318359e-01,4.283067584037780762e-01,4.248367249965667725e-01,4.215498864650726318e-01,4.184399843215942383e-01,4.155012667179107666e-01,4.127283692359924316e-01,4.101163446903228760e-01,4.076605737209320068e-01,4.053568243980407715e-01,4.032010138034820557e-01,4.011896550655364990e-01,3.993192017078399658e-01,3.975867331027984619e-01,3.959892988204956055e-01,3.945243954658508301e-01,3.931895494461059570e-01,3.919827044010162354e-01,3.909019827842712402e-01,3.899456560611724854e-01,3.891122639179229736e-01,3.884004354476928711e-01,3.878090977668762207e-01,3.873374164104461670e-01,3.869846463203430176e-01,3.867502212524414062e-01,3.866337239742279053e-01,3.866350352764129639e-01,3.867541551589965820e-01,3.869912922382354736e-01,3.873467147350311279e-01,3.878211081027984619e-01,3.884150683879852295e-01,3.891296386718750000e-01,3.899658620357513428e-01,3.909249603748321533e-01,3.920084536075592041e-01,3.932181000709533691e-01,3.945558965206146240e-01,3.960238099098205566e-01,3.976241946220397949e-01,3.993597626686096191e-01,4.012333154678344727e-01,4.032479226589202881e-01,4.054069817066192627e-01,4.077141284942626953e-01,4.101733565330505371e-01,4.127889871597290039e-01,4.155655801296234131e-01,4.185080230236053467e-01,4.216218292713165283e-01,4.249126613140106201e-01,4.283870160579681396e-01,4.320510327816009521e-01,4.359124004840850830e-01,4.399785995483398438e-01,4.442579746246337891e-01,4.487593770027160645e-01,4.534926116466522217e-01,4.584678411483764648e-01,4.636962115764617920e-01,4.691898226737976074e-01,4.749616086483001709e-01,4.810255169868469238e-01,4.873964488506317139e-01,4.940912127494812012e-01,5.011271238327026367e-01,5.085234045982360840e-01,5.163009762763977051e-01,5.244823694229125977e-01,5.330920815467834473e-01,5.421572327613830566e-01,5.520288348197937012e-01,5.625723004341125488e-01,5.737140178680419922e-01,5.853954553604125977e-01,5.977390408515930176e-01,6.108266711235046387e-01,6.245758533477783203e-01,6.391421556472778320e-01,6.546533107757568359e-01,6.709150075912475586e-01,6.884294152259826660e-01,7.068701386451721191e-01,7.266777753829956055e-01,7.477759122848510742e-01,7.702034711837768555e-01,7.944801449775695801e-01,8.203484416007995605e-01,8.480754494667053223e-01,8.783630132675170898e-01,9.109275341033935547e-01,9.461451768875122070e-01,9.843166470527648926e-01,1.026449203491210938e+00,1.072571396827697754e+00,1.120217323303222656e+00,1.136551499366760254e+00,1.129745841026306152e+00,1.123361229896545410e+00,1.117386817932128906e+00,1.111812591552734375e+00,1.106629014015197754e+00,1.101827859878540039e+00,1.097400784492492676e+00,1.093340992927551270e+00,1.089641571044921875e+00,1.086297035217285156e+00,1.083302021026611328e+00,1.080651521682739258e+00,1.078341841697692871e+00,1.076369285583496094e+00,1.074730515480041504e+00,1.073423147201538086e+00,1.072445392608642578e+00,1.071795582771301270e+00,1.071472764015197754e+00,esquerda
5.969716072082519531e+00,5.971555709838867188e+00,5.975215435028076172e+00,5.801332473754882812e+00,5.045357227325439453e+00,4.116375446319580078e+00,3.475957870483398438e+00,3.009160280227661133e+00,2.653905391693115234e+00,2.374621391296386719e+00,2.148625612258911133e+00,1.962124109268188477e+00,1.806292057037353516e+00,1.673259735107421875e+00,1.558889031410217285e+00,1.459597706794738770e+00,1.372629880905151367e+00,1.296141624450683594e+00,1.227970957756042480e+00,1.166664242744445801e+00,1.111484527587890625e+00,1.061606287956237793e+00,1.016001582145690918e+00,9.743382930755615234e-01,9.365882277488708496e-01,9.017570614814758301e-01,8.695474863052368164e-01,8.395882248878479004e-01,8.121600151062011719e-01,7.865695357322692871e-01,7.625535726547241211e-01,7.403658628463745117e-01,7.194921970367431641e-01,6.998943686485290527e-01,6.816478967666625977e-01,6.643175482749938965e-01,6.482256054878234863e-01,6.328760981559753418e-01,6.184607148170471191e-01,6.048538088798522949e-01,5.919008255004882812e-01,5.796836614608764648e-01,5.681214928627014160e-01,5.570932030677795410e-01,5.466566085815429688e-01,5.369158387184143066e-01,5.279454588890075684e-01,5.194253921508789062e-01,5.113292336463928223e-01,5.036326050758361816e-01,4.963131844997406006e-01,4.893504381179809570e-01,4.827253818511962891e-01,4.764204621315002441e-01,4.704196751117706299e-01,4.647077918052673340e-01,4.592711031436920166e-01,4.540970921516418457e-01,4.491736888885498047e-01,4.444896578788757324e-01,4.400351345539093018e-01,4.358002543449401855e-01,4.317764639854431152e-01,4.279554784297943115e-01,4.243297278881072998e-01,4.208918809890747070e-01,4.176355600357055664e-01,4.145545661449432373e-01,4.116431772708892822e-01,4.088960289955139160e-01,4.063082635402679443e-01,4.038752913475036621e-01,4.015929400920867920e-01,3.994571268558502197e-01,3.974644243717193604e-01,3.956113457679748535e-01,3.938949108123779297e-01,3.923123776912689209e-01,3.908610641956329346e-01,3.895386457443237305e-01,3.883430063724517822e-01,3.872723281383514404e-01,3.863248527050018311e-01,3.854991495609283447e-01,3.847939670085906982e-01,3.842081427574157715e-01,3.837408125400543213e-01,3.833913207054138184e-01,3.831590414047241211e-01,3.830436468124389648e-01,3.830449879169464111e-01,3.831629753112792969e-01,3.833979368209838867e-01,3.837500512599945068e-01,3.842200338840484619e-01,3.848085403442382812e-01,3.855164349079132080e-01,3.863448500633239746e-01,3.872950673103332520e-01,3.883685469627380371e-01,3.895669579505920410e-01,3.908922970294952393e-01,3.923465609550476074e-01,3.939321041107177734e-01,3.956515491008758545e-01,3.975077271461486816e-01,3.995035886764526367e-01,4.016426205635070801e-01,4.039283394813537598e-01,4.063647687435150146e-01,4.089560806751251221e-01,4.117068946361541748e-01,4.146220386028289795e-01,4.177069664001464844e-01,4.209671914577484131e-01,4.244092702865600586e-01,4.280393123626708984e-01,4.318648278713226318e-01,4.358932375907897949e-01,4.401329159736633301e-01,4.445925652980804443e-01,4.492818117141723633e-01,4.542108476161956787e-01,4.593906402587890625e-01,4.648332595825195312e-01,4.705514609813690186e-01,4.765590429306030273e-01,4.828708469867706299e-01,4.895034432411193848e-01,4.964740276336669922e-01,5.038016438484191895e-01,5.115069746971130371e-01,5.196124911308288574e-01,5.281422138214111328e-01,5.371231436729431152e-01,5.468994975090026855e-01,5.573492646217346191e-01,5.683919191360473633e-01,5.799691677093505859e-01,5.922025442123413086e-01,6.051731109619140625e-01,6.187990307807922363e-01,6.332346200942993164e-01,6.486061811447143555e-01,6.647217869758605957e-01,6.820783615112304688e-01,7.003527283668518066e-01,7.199818491935729980e-01,7.408892512321472168e-01,7.631141543388366699e-01,7.871713638305664062e-01,8.128057718276977539e-01,8.402817845344543457e-01,8.702948689460754395e-01,9.025641083717346191e-01,9.374621510505676270e-01,9.752873182296752930e-01,1.017037034034729004e+00,1.062740325927734375e+00,1.112730860710144043e+00,1.134773612022399902e+00,1.129744768142700195e+00,1.123360157012939453e+00,1.117385864257812500e+00,1.111811518669128418e+00,1.106627941131591797e+00,1.101826667785644531e+00,1.097399711608886719e+00,1.093339920043945312e+00,1.089640498161315918e+00,1.086295843124389648e+00,1.083300828933715820e+00,1.080650448799133301e+00,1.078340768814086914e+00,1.076368212699890137e+00,1.074729323387145996e+00,1.073422074317932129e+00,1.072444200515747070e+00,1.071794390678405762e+00,1.071471571922302246e+00,esquerda
5.969716548919677734e+00,5.971556186676025391e+00,5.975215911865234375e+00,5.776820659637451172e+00,5.002430915832519531e+00,4.080836772918701172e+00,3.445644855499267578e+00,2.982723474502563477e+00,2.630457401275634766e+00,2.353545665740966797e+00,2.129483938217163086e+00,1.944588184356689453e+00,1.790104746818542480e+00,1.658228397369384766e+00,1.544854879379272461e+00,1.446431994438171387e+00,1.360226988792419434e+00,1.284410953521728516e+00,1.216840624809265137e+00,1.156074643135070801e+00,1.101382255554199219e+00,1.051945090293884277e+00,1.006744265556335449e+00,9.654503464698791504e-01,9.280350804328918457e-01,8.935130834579467773e-01,8.615896701812744141e-01,8.318965435028076172e-01,8.047121167182922363e-01,7.793491482734680176e-01,7.555468082427978516e-01,7.335562705993652344e-01,7.128682732582092285e-01,6.934446096420288086e-01,6.753602623939514160e-01,6.581837534904479980e-01,6.422346830368041992e-01,6.270213723182678223e-01,6.127337217330932617e-01,5.992472171783447266e-01,5.864087939262390137e-01,5.742994546890258789e-01,5.628393292427062988e-01,5.519080758094787598e-01,5.415630340576171875e-01,5.318834781646728516e-01,5.229971408843994141e-01,5.145569443702697754e-01,5.065367221832275391e-01,4.989121854305267334e-01,4.916613399982452393e-01,4.847639203071594238e-01,4.782009422779083252e-01,4.719551503658294678e-01,4.660105407238006592e-01,4.603521823883056641e-01,4.549665153026580811e-01,4.498409926891326904e-01,4.449637532234191895e-01,4.403235614299774170e-01,4.359107911586761475e-01,4.317156374454498291e-01,4.277295470237731934e-01,4.239443838596343994e-01,4.203526079654693604e-01,4.169469773769378662e-01,4.137212336063385010e-01,4.106690883636474609e-01,4.077849388122558594e-01,4.050635397434234619e-01,4.025000333786010742e-01,4.000898897647857666e-01,3.978288769721984863e-01,3.957131505012512207e-01,3.937390744686126709e-01,3.919034004211425781e-01,3.902030885219573975e-01,3.886353671550750732e-01,3.871975839138031006e-01,3.858875632286071777e-01,3.847031593322753906e-01,3.836425244808197021e-01,3.827039301395416260e-01,3.818860054016113281e-01,3.811874091625213623e-01,3.806070685386657715e-01,3.801441192626953125e-01,3.797979056835174561e-01,3.795678019523620605e-01,3.794535100460052490e-01,3.794548511505126953e-01,3.795717358589172363e-01,3.798044323921203613e-01,3.801532387733459473e-01,3.806188404560089111e-01,3.812018334865570068e-01,3.819031119346618652e-01,3.827237784862518311e-01,3.836650848388671875e-01,3.847284317016601562e-01,3.859156072139739990e-01,3.872285783290863037e-01,3.886691927909851074e-01,3.902398943901062012e-01,3.919432759284973145e-01,3.937820196151733398e-01,3.957591652870178223e-01,3.978781104087829590e-01,4.001424312591552734e-01,4.025560319423675537e-01,4.051230847835540771e-01,4.078481197357177734e-01,4.107358753681182861e-01,4.137918651103973389e-01,4.170216321945190430e-01,4.204313755035400391e-01,4.240274429321289062e-01,4.278170466423034668e-01,4.318077862262725830e-01,4.360076487064361572e-01,4.404254555702209473e-01,4.450708329677581787e-01,4.499536454677581787e-01,4.550849199295043945e-01,4.604764878749847412e-01,4.661410450935363770e-01,4.720924198627471924e-01,4.783450365066528320e-01,4.849154949188232422e-01,4.918206930160522461e-01,4.990796148777008057e-01,5.067127346992492676e-01,5.147423148155212402e-01,5.231921076774597168e-01,5.320888757705688477e-01,5.417706370353698730e-01,5.521268844604492188e-01,5.630703568458557129e-01,5.745434761047363281e-01,5.866665244102478027e-01,5.995199084281921387e-01,6.130226254463195801e-01,6.273274421691894531e-01,6.425597071647644043e-01,6.585288643836975098e-01,6.757276654243469238e-01,6.938359141349792480e-01,7.132861018180847168e-01,7.340030074119567871e-01,7.560251355171203613e-01,7.798627018928527832e-01,8.052635192871093750e-01,8.324885368347167969e-01,8.622269630432128906e-01,8.942009210586547852e-01,9.287794232368469238e-01,9.662580490112304688e-01,1.007625222206115723e+00,1.052909255027770996e+00,1.102441191673278809e+00,1.130971431732177734e+00,1.129743099212646484e+00,1.123358488082885742e+00,1.117384076118469238e+00,1.111809849739074707e+00,1.106626152992248535e+00,1.101825118064880371e+00,1.097397923469543457e+00,1.093338251113891602e+00,1.089638829231262207e+00,1.086294293403625488e+00,1.083299279212951660e+00,1.080648899078369141e+00,1.078338980674743652e+00,1.076366543769836426e+00,1.074727654457092285e+00,1.073420405387878418e+00,1.072442531585693359e+00,1.071792840957641602e+00,1.071470022201538086e+00,esquerda
